"Fp1","Fpz","Fp2","F7","F3","Fz","F4","F8","FC5","FC1","FC2","FC6","T7","C3","Cz","C4","T8","CP5","CP1","CP2","CP6","P7","P3","Pz","P4","P8","POz","O1","Oz","O2"
-12.59176171875,-2.8292734375,-6.40023828125,-8.243078125,-7.12852734375,-1.417765625,-9.82601953125,6.449890625,-6.7660703125,-1.75036328125,-18.01326171875,2.36559375,-15.20364453125,-13.87059765625,0.60037109375,2.48691796875,4.8226640625,-16.39689453125,-11.644859375,-5.37566796875,4.41494140625,-10.49256640625,-16.3124296875,-11.095078125,6.5215390625,2.25073046875,-5.797921875,-7.22589453125,-1.7874765625,-4.4691796875
-8.34876171875,-0.6702734375,-8.80023828125,-4.406078125,-3.95552734375,1.403234375,-7.53101953125,6.924890625,2.0879296875,-0.64836328125,-14.41726171875,4.14359375,-14.12964453125,-11.31459765625,1.76137109375,7.69191796875,4.6466640625,-15.33089453125,-9.217859375,-3.65466796875,5.17094140625,-10.35456640625,-15.4584296875,-10.472078125,7.1965390625,1.35173046875,-5.604921875,-7.65589453125,-2.3324765625,-3.7471796875
-5.45876171875,0.7097265625,-8.89223828125,-1.525078125,-1.41452734375,3.418234375,-5.52401953125,7.369890625,7.8829296875,0.56863671875,-12.06326171875,5.58759375,-13.55264453125,-8.77459765625,2.79937109375,11.75191796875,4.6676640625,-13.67089453125,-7.064859375,-2.12466796875,5.65094140625,-9.43656640625,-13.6504296875,-9.305078125,7.8675390625,1.05073046875,-4.433921875,-7.00389453125,-1.6154765625,-2.2421796875
-4.01476171875,1.3797265625,-6.77623828125,0.184921875,0.41147265625,4.571234375,-3.97401953125,7.820890625,10.6519296875,1.95263671875,-10.95626171875,6.64659375,-13.41964453125,-6.23459765625,3.69537109375,14.52291796875,4.9656640625,-11.41889453125,-5.151859375,-0.77266796875,5.85294140625,-7.66656640625,-10.8804296875,-7.619078125,8.5575390625,1.37673046875,-2.346921875,-5.23589453125,0.3195234375,-0.0311796875
-3.70976171875,1.6567265625,-3.44823828125,0.771921875,1.58847265625,5.021234375,-3.04501953125,8.291890625,11.2319296875,3.46163671875,-10.73926171875,7.33559375,-13.44464453125,-3.76059765625,4.41837109375,16.12091796875,5.5626640625,-8.80789453125,-3.382859375,0.45033203125,5.86094140625,-5.23656640625,-7.4774296875,-5.647078125,9.2885390625,2.17873046875,0.264078125,-2.67989453125,2.9885234375,2.4858203125
-4.02176171875,1.8787265625,-0.32523828125,0.502921875,2.24947265625,5.016234375,-2.83801953125,8.721890625,10.6549296875,4.91863671875,-10.91926171875,7.69259375,-13.24864453125,-1.56959765625,4.88937109375,16.78191796875,6.3826640625,-6.23789453125,-1.704859375,1.55033203125,5.79894140625,-2.54856640625,-3.9884296875,-3.752078125,10.0345390625,3.20573046875,2.875078125,0.10610546875,5.6815234375,4.7408203125
-4.47876171875,2.1967265625,1.42576171875,-0.271078125,2.49047265625,4.753234375,-3.34601953125,8.977890625,9.6899296875,6.00963671875,-11.09326171875,7.74359375,-12.58364453125,-0.00959765625000042,4.98637109375,16.75891796875,7.2286640625,-4.16989453125,-0.177859375,2.45033203125,5.76094140625,-0.12856640625,-1.0294296875,-2.320078125,10.6965390625,4.18073046875,5.028078125,2.52610546875,7.7325234375,6.2218203125
-4.86176171875,2.4747265625,1.36276171875,-1.267078125,2.29047265625,4.265234375,-4.44901953125,8.910890625,8.6439296875,6.34063671875,-11.09226171875,7.52159375,-11.49464453125,0.541402343749999,4.58837109375,16.26191796875,7.8286640625,-3.00489453125,1.007140625,2.99533203125,5.76794140625,1.50143359375,0.8535703125,-1.648078125,11.1085390625,4.86073046875,6.432078125,4.11110546875,8.7115234375,6.6338203125
-5.24376171875,2.3787265625,-0.21723828125,-2.358078125,1.53047265625,3.404234375,-5.97001953125,8.422890625,7.3939296875,5.55863671875,-11.02326171875,7.07959375,-10.31264453125,-0.161597656250001,3.63037109375,15.42791796875,7.9406640625,-2.96789453125,1.591140625,3.01633203125,5.75594140625,1.98143359375,1.3345703125,-1.861078125,11.0965390625,5.09573046875,6.983078125,4.66610546875,8.5285234375,5.9848203125
-5.87076171875,1.5957265625,-2.67523828125,-3.523078125,0.10547265625,1.932234375,-7.76101953125,7.492890625,5.6269296875,3.49763671875,-11.19226171875,6.49559375,-9.46064453125,-2.08059765625,2.13237109375,14.32091796875,7.4476640625,-4.02089453125,1.353140625,2.40633203125,5.60194140625,1.28043359375,0.4335703125,-2.866078125,10.5665390625,4.86073046875,6.747078125,4.33510546875,7.4265234375,4.5638203125
-6.95576171875,0.0627265625000001,-5.47923828125,-4.736078125,-1.93852734375,-0.318765625,-9.74201953125,6.173890625,3.1909296875,0.31463671875,-11.94326171875,5.81559375,-9.22164453125,-4.82659765625,0.20037109375,12.95491796875,6.3996640625,-5.84889453125,0.240140625,1.17733203125,5.17394140625,-0.21856640625,-1.4404296875,-4.393078125,9.5405390625,4.23173046875,5.913078125,3.54410546875,5.8665234375,2.8318203125
-8.48476171875,-1.9442734375,-8.38823828125,-5.885078125,-4.32852734375,-3.279765625,-11.88201953125,4.567890625,0.3249296875,-3.47436328125,-13.47626171875,5.02059375,-9.61464453125,-7.73659765625,-2.00562890625,11.31191796875,4.9786640625,-7.95789453125,-1.574859375,-0.54566796875,4.37094140625,-1.85556640625,-3.6344296875,-6.126078125,8.1335390625,3.33373046875,4.713078125,2.78210546875,4.3105234375,1.2308203125
-10.14876171875,-3.9122734375,-11.29123828125,-6.767078125,-6.60852734375,-6.584765625,-14.11301953125,2.828890625,-2.4450703125,-7.12236328125,-15.72526171875,4.05759375,-10.42564453125,-10.10259765625,-4.31162890625,9.35891796875,3.4476640625,-9.83089453125,-3.736859375,-2.56066796875,3.17994140625,-2.99156640625,-5.5244296875,-7.835078125,6.4995390625,2.28973046875,3.324078125,2.32310546875,3.0045234375,0.00382031249999999
-11.45676171875,-5.2992734375,-13.89723828125,-7.159078125,-8.29552734375,-9.647765625,-16.24001953125,1.181890625,-4.5890703125,-9.90236328125,-18.33426171875,2.93459375,-11.33164453125,-11.42259765625,-6.54162890625,7.10391796875,2.0896640625,-11.07389453125,-5.802859375,-4.62266796875,1.70394140625,-3.30656640625,-6.7644296875,-9.421078125,4.8165390625,1.20373046875,1.836078125,2.08510546875,1.9155234375,-0.8541796875
-11.97176171875,-5.7252734375,-15.58123828125,-6.920078125,-9.06552734375,-11.857765625,-17.90401953125,-0.0731093750000005,-5.8040703125,-11.36536328125,-20.75226171875,1.79259375,-12.02064453125,-11.55659765625,-8.48262890625,4.68291796875,1.1316640625,-11.49189453125,-7.349859375,-6.46466796875,0.16194140625,-2.88456640625,-7.3644296875,-10.848078125,3.2995390625,0.15273046875,0.294078125,1.73710546875,0.8455234375,-1.4981796875
-11.53976171875,-5.0952734375,-15.58823828125,-6.078078125,-8.88552734375,-12.807765625,-18.70401953125,-0.618109375,-6.0660703125,-11.49536328125,-22.41226171875,0.865593749999999,-12.25564453125,-10.73159765625,-9.89362890625,2.39891796875,0.6716640625,-11.09089453125,-8.067859375,-7.82066796875,-1.18505859375,-2.05656640625,-7.5784296875,-12.038078125,2.1705390625,-0.82226953125,-1.230921875,0.96110546875,-0.3694765625,-2.0711796875
-10.35176171875,-3.6382734375,-13.49923828125,-4.861078125,-8.02652734375,-12.464765625,-18.38901953125,-0.257109375000001,-5.6260703125,-10.66336328125,-22.94226171875,0.36459375,-11.90764453125,-9.44059765625,-10.55362890625,0.640917968749999,0.6526640625,-10.03089453125,-7.846859375,-8.48766796875,-2.12105859375,-1.15056640625,-7.6954296875,-12.835078125,1.5985390625,-1.70226953125,-2.589921875,-0.32289453125,-1.7274765625,-2.6181796875
-8.81476171875,-1.8452734375,-9.61823828125,-3.623078125,-6.93852734375,-11.154765625,-17.03701953125,0.950890625,-4.9200703125,-9.42736328125,-22.28526171875,0.351593749999999,-10.96364453125,-8.25559765625,-10.36162890625,-0.265082031250001,0.9186640625,-8.55789453125,-6.809859375,-8.39466796875,-2.54005859375,-0.32256640625,-7.8604296875,-13.051078125,1.6415390625,-2.44226953125,-3.584921875,-1.87989453125,-3.0494765625,-3.0801796875
-7.32376171875,-0.2922734375,-4.98023828125,-2.669078125,-6.05752734375,-9.405765625,-15.04401953125,2.658890625,-4.3700703125,-8.26936328125,-20.68026171875,0.71559375,-9.53464453125,-7.60959765625,-9.38262890625,-0.178082031250002,1.3086640625,-6.93989453125,-5.265859375,-7.62666796875,-2.43105859375,0.44943359375,-8.0164296875,-12.556078125,2.2335390625,-2.93126953125,-4.028921875,-3.26589453125,-4.0594765625,-3.3321796875
-6.07776171875,0.6057265625,-0.95523828125,-2.085078125,-5.61352734375,-7.706765625,-12.94501953125,4.353890625,-4.1540703125,-7.43036328125,-18.51726171875,1.24759375,-7.84064453125,-7.63159765625,-7.83162890625,0.837917968749999,1.7216640625,-5.41489453125,-3.591859375,-6.38666796875,-1.83105859375,1.22443359375,-7.9834296875,-11.358078125,3.2405390625,-3.01026953125,-3.841921875,-4.04289453125,-4.5154765625,-3.2321796875
-5.04476171875,0.7597265625,1.32976171875,-1.691078125,-5.56952734375,-6.352765625,-11.18701953125,5.553890625,-4.1580703125,-6.89836328125,-16.18226171875,1.73059375,-6.17964453125,-8.13159765625,-6.00562890625,2.54591796875,2.1176640625,-4.16989453125,-2.099859375,-4.93266796875,-0.81505859375,1.95043359375,-7.6154296875,-9.627078125,4.4985390625,-2.55526953125,-3.111921875,-4.00289453125,-4.3304765625,-2.6931796875
-4.07876171875,0.3947265625,1.42676171875,-1.178078125,-5.69952734375,-5.427765625,-9.99401953125,5.975890625,-4.1600703125,-6.52736328125,-13.97726171875,1.99759375,-4.86864453125,-8.74559765625,-4.22462890625,4.57791796875,2.4706640625,-3.35489453125,-0.976859375,-3.50866796875,0.48094140625,2.41743359375,-6.9394296875,-7.666078125,5.8405390625,-1.58126953125,-2.107921875,-3.29489453125,-3.6494765625,-1.7521796875
-3.09776171875,-0.1262734375,-0.33023828125,-0.334078125,-5.75652734375,-4.897765625,-9.38201953125,5.591890625,-4.0280703125,-6.17036328125,-12.10626171875,1.92459375,-4.18964453125,-9.13459765625,-2.77562890625,6.51491796875,2.7376640625,-3.08089453125,-0.288859375,-2.30166796875,1.82794140625,2.35943359375,-6.1804296875,-5.833078125,7.0855390625,-0.28726953125,-1.205921875,-2.36089453125,-2.8114765625,-0.5881796875
-2.18376171875,-0.5222734375,-3.10123828125,0.785921875,-5.59552734375,-4.701765625,-9.26101953125,4.567890625,-3.7490703125,-5.74636328125,-10.68026171875,1.43259375,-4.33564453125,-9.12759765625,-1.85962890625,8.00291796875,2.8606640625,-3.39489453125,-0.005859375,-1.42366796875,2.93594140625,1.65743359375,-5.6394296875,-4.423078125,8.0565390625,1.00973046875,-0.726921875,-1.68789453125,-2.1834765625,0.5678203125
-1.55676171875,-0.7172734375,-5.96923828125,1.882921875,-5.20852734375,-4.793765625,-9.55201953125,3.154890625,-3.3570703125,-5.23636328125,-9.73326171875,0.500593749999999,-5.31464453125,-8.73359765625,-1.53862890625,8.85191796875,2.8036640625,-4.20189453125,-0.0248593750000001,-0.90366796875,3.54394140625,0.50943359375,-5.4914296875,-3.574078125,8.6125390625,2.02473046875,-0.768921875,-1.51189453125,-1.9334765625,1.5648203125
-1.42076171875,-0.8042734375,-8.26223828125,2.609921875,-4.66252734375,-5.126765625,-10.23101953125,1.603890625,-2.9040703125,-4.65636328125,-9.25326171875,-0.80940625,-6.85564453125,-8.07259765625,-1.72062890625,9.05391796875,2.5846640625,-5.21389453125,-0.197859375,-0.72266796875,3.50394140625,-0.55756640625,-5.6454296875,-3.233078125,8.6845390625,2.63073046875,-1.153921875,-1.66689453125,-1.9184765625,2.4018203125
-1.80576171875,-0.8872734375,-9.58323828125,2.803921875,-4.02552734375,-5.607765625,-11.28001953125,0.165890624999999,-2.4610703125,-4.03736328125,-9.20626171875,-2.35640625,-8.39764453125,-7.27959765625,-2.18662890625,8.70391796875,2.2626640625,-6.01689453125,-0.378859375,-0.85866796875,2.80394140625,-0.89956640625,-5.7594296875,-3.225078125,8.2825390625,2.88873046875,-1.541921875,-1.68189453125,-1.7804765625,3.1758203125
-2.51876171875,-0.9742734375,-9.69923828125,2.583921875,-3.32552734375,-6.083765625,-12.61101953125,-0.907109375,-2.0930703125,-3.43036328125,-9.54026171875,-3.95840625,-9.26564453125,-6.44459765625,-2.66262890625,7.91191796875,1.8876640625,-6.23489453125,-0.479859375,-1.31466796875,1.53894140625,-0.0585664062500002,-5.4344296875,-3.384078125,7.4705390625,2.95173046875,-1.657921875,-1.08689453125,-1.2024765625,3.9578203125
-3.23676171875,-1.0222734375,-8.53723828125,2.223921875,-2.59552734375,-6.398765625,-14.03101953125,-1.434109375,-1.8500703125,-2.92336328125,-10.21026171875,-5.44740625,-8.98064453125,-5.62759765625,-2.91862890625,6.74391796875,1.4446640625,-5.71789453125,-0.511859375,-2.11166796875,-0.14105859375,1.98743359375,-4.4584296875,-3.659078125,6.3395390625,2.94073046875,-1.471921875,0.29010546875,-0.1454765625,4.6888203125
-3.69776171875,-1.0952734375,-6.35723828125,1.915921875,-1.93352734375,-6.467765625,-15.30401953125,-1.416109375,-1.8450703125,-2.65036328125,-11.19726171875,-6.71940625,-7.53564453125,-4.92259765625,-2.85462890625,5.22991796875,0.8546640625,-4.63389453125,-0.595859375,-3.24666796875,-2.06605859375,4.79043359375,-2.9664296875,-4.129078125,4.9855390625,2.86773046875,-1.220921875,2.19810546875,1.0865234375,5.1708203125
-3.82276171875,-1.4232734375,-3.88223828125,1.615921875,-1.51452734375,-6.331765625,-16.23301953125,-1.081109375,-2.2750703125,-2.73036328125,-12.50326171875,-7.72740625,-5.44564453125,-4.48559765625,-2.51462890625,3.43291796875,0.0396640625,-3.40489453125,-0.908859375,-4.63466796875,-4.03705859375,7.60143359375,-1.4074296875,-4.924078125,3.5295390625,2.66473046875,-1.253921875,4.06410546875,1.9745234375,5.1568203125
-3.70176171875,-2.2402734375,-2.12023828125,1.100921875,-1.47752734375,-6.101765625,-16.70001953125,-0.763109375,-3.2670703125,-3.15536328125,-14.06626171875,-8.43640625,-3.51564453125,-4.45559765625,-2.00762890625,1.53791796875,-0.9843359375,-2.50289453125,-1.553859375,-6.05466796875,-5.81405859375,9.65943359375,-0.3354296875,-6.071078125,2.1325390625,2.26973046875,-1.818921875,5.25310546875,2.0535234375,4.4938203125
-3.46776171875,-3.5242734375,-1.91623828125,0.203921875,-1.78752734375,-5.847765625,-16.65001953125,-0.702109375,-4.6520703125,-3.68536328125,-15.66526171875,-8.77740625,-2.45364453125,-4.81359765625,-1.40562890625,-0.109082031250001,-2.0613359375,-2.22389453125,-2.413859375,-7.14266796875,-7.12405859375,10.48443359375,-0.1034296875,-7.382078125,0.999539062499999,1.69773046875,-2.898921875,5.37910546875,1.1695234375,3.2468203125
-3.18376171875,-4.8762734375,-3.48923828125,-0.975078125,-2.18652734375,-5.519765625,-16.05501953125,-0.910109375,-5.9590703125,-3.88436328125,-16.91826171875,-8.64440625,-2.54864453125,-5.31459765625,-0.67662890625,-1.10508203125,-2.9203359375,-2.53789453125,-3.118859375,-7.48766796875,-7.72505859375,10.06443359375,-0.6464296875,-8.462078125,0.350539062499999,1.07473046875,-4.180921875,4.51810546875,-0.3764765625,1.7358203125
-2.83776171875,-5.6632734375,-6.23723828125,-2.041078125,-2.30852734375,-4.975765625,-14.91701953125,-1.197109375,-6.6460703125,-3.31236328125,-17.40826171875,-7.95940625,-3.56164453125,-5.57059765625,0.25337109375,-1.17408203125,-3.3033359375,-3.12289453125,-3.177859375,-6.80466796875,-7.51105859375,8.83543359375,-1.4844296875,-8.854078125,0.350539062499999,0.58573046875,-5.180921875,3.19610546875,-1.9264765625,0.4298203125
-2.40476171875,-5.3332734375,-8.95823828125,-2.495078125,-1.86552734375,-4.097765625,-13.29501953125,-1.316109375,-6.3740703125,-1.77836328125,-16.87226171875,-6.75140625,-4.88264453125,-5.24459765625,1.42037109375,-0.308082031250001,-3.1003359375,-3.53389453125,-2.229859375,-5.09466796875,-6.57705859375,7.46543359375,-1.9544296875,-8.243078125,1.0425390625,0.37273046875,-5.450921875,2.13910546875,-2.7614765625,-0.2491796875
-1.90176171875,-3.6832734375,-10.35323828125,-2.013078125,-0.79452734375,-2.888765625,-11.34801953125,-1.096109375,-5.1070703125,0.53163671875,-15.31426171875,-5.19640625,-5.83064453125,-4.20059765625,2.77637109375,1.25291796875,-2.4183359375,-3.40889453125,-0.234859375,-2.68066796875,-5.17205859375,6.57443359375,-1.5304296875,-6.585078125,2.3235390625,0.45673046875,-4.751921875,1.92410546875,-2.4224765625,-0.0921796875
-1.38076171875,-0.9412734375,-9.59423828125,-0.634078125,0.73547265625,-1.494765625,-9.34701953125,-0.507109375000001,-3.0860703125,3.14463671875,-13.00526171875,-3.55140625,-5.92864453125,-2.53859765625,4.23037109375,3.16391796875,-1.5073359375,-2.59589453125,2.505140625,-0.07466796875,-3.57705859375,6.51543359375,-0.0444296875000001,-4.103078125,3.9905390625,0.76073046875,-3.104921875,2.73710546875,-0.8874765625,0.8448203125
-0.857761718749999,2.3477265625,-6.67823828125,1.257921875,2.41647265625,-0.126765625,-7.62201953125,0.381890625,-0.7400703125,5.51463671875,-10.36926171875,-2.05840625,-5.03264453125,-0.516597656250001,5.70937109375,5.12791796875,-0.6133359375,-1.14989453125,5.486140625,2.22933203125,-1.97605859375,7.29643359375,2.2705703125,-1.173078125,5.8225390625,1.20873046875,-0.726921875,4.34210546875,1.4775234375,2.3258203125
-0.260761718749999,5.5407265625,-2.40723828125,3.141921875,3.93947265625,1.045234375,-6.44001953125,1.463890625,1.4649296875,7.23863671875,-7.83826171875,-0.86540625,-3.28964453125,1.57240234375,7.19037109375,6.96291796875,0.1336640625,0.72210546875,8.224140625,3.93933203125,-0.41905859375,8.63043359375,4.9175703125,1.826921875,7.6425390625,1.81673046875,2.077078125,6.24010546875,4.1135234375,4.0718203125
0.556238281250002,8.0917265625,1.94676171875,4.589921875,5.09247265625,1.968234375,-5.88801953125,2.620890625,3.2119296875,8.15763671875,-5.73126171875,-0.0274062500000007,-1.04264453125,3.49340234375,8.67037109375,8.57091796875,0.7146640625,2.73210546875,10.416140625,5.00333203125,1.08994140625,10.05743359375,7.3325703125,4.595921875,9.3155390625,2.66873046875,4.977078125,7.90310546875,6.4725234375,5.8528203125
1.72523828125,9.6297265625,5.14176171875,5.403921875,5.79747265625,2.683234375,-5.83101953125,3.697890625,4.4039296875,8.31663671875,-4.19826171875,0.439593749999999,1.24935546875,5.09040234375,10.10337109375,9.83191796875,1.1306640625,4.56510546875,11.969140625,5.51933203125,2.45594140625,11.08243359375,9.0475703125,6.912921875,10.6835390625,3.79173046875,7.618078125,8.92810546875,8.1195234375,7.4698203125
3.24523828125,9.9637265625,6.41976171875,5.602921875,6.06647265625,3.253234375,-5.99701953125,4.479890625,5.0579296875,7.86063671875,-3.24026171875,0.51859375,3.08335546875,6.23440234375,11.32837109375,10.52891796875,1.3166640625,5.91210546875,12.887140625,5.57333203125,3.41894140625,11.30243359375,9.7625703125,8.577921875,11.5205390625,5.03573046875,9.591078125,9.06510546875,8.7435234375,8.6598203125
4.93123828125,9.0887265625,5.72676171875,5.341921875,5.94347265625,3.691234375,-6.11701953125,4.745890625,5.1829296875,6.92863671875,-2.78126171875,0.194593749999999,4.03235546875,6.78240234375,12.06237109375,10.39491796875,1.1556640625,6.52710546875,13.137140625,5.13233203125,3.62594140625,10.51943359375,9.3395703125,9.364921875,11.5365390625,6.05573046875,10.466078125,8.19410546875,8.1515234375,9.0818203125
6.41623828125,7.2207265625,3.61876171875,4.822921875,5.44547265625,3.948234375,-6.06901953125,4.385890625,4.7879296875,5.60463671875,-2.72826171875,-0.51040625,3.87635546875,6.60540234375,11.97537109375,9.28091796875,0.5836640625,6.27710546875,12.610140625,4.06133203125,2.81594140625,8.80743359375,7.8145703125,9.076921875,10.5005390625,6.45573046875,9.918078125,6.36710546875,6.3385234375,8.4498203125
7.20423828125,4.7807265625,0.89976171875,4.209921875,4.54247265625,3.915234375,-5.95101953125,3.466890625,3.9399296875,3.93063671875,-3.02226171875,-1.53640625,2.63935546875,5.66140234375,10.82837109375,7.31291796875,-0.3043359375,5.20210546875,11.213140625,2.26033203125,1.01394140625,6.53743359375,5.4135703125,7.670921875,8.4025390625,5.99973046875,7.920078125,3.91010546875,3.6045234375,6.7628203125
6.77023828125,2.2787265625,-1.79223828125,3.547921875,3.17947265625,3.444234375,-6.04401953125,2.206890625,2.7409296875,1.95363671875,-3.65526171875,-2.78440625,0.52835546875,4.05340234375,8.60037109375,4.92291796875,-1.2343359375,3.52710546875,8.999140625,-0.17166796875,-1.40905859375,4.26943359375,2.5505703125,5.374921875,5.5695390625,4.78773046875,4.847078125,1.44710546875,0.5895234375,4.4338203125
4.77223828125,0.1347265625,-4.18623828125,2.746921875,1.36147265625,2.406234375,-6.63901953125,0.898890625,1.2799296875,-0.21736328125,-4.63626171875,-4.10640625,-2.17464453125,2.02640234375,5.56437109375,2.72991796875,-1.8423359375,1.61310546875,6.246140625,-2.84666796875,-3.84605859375,2.55943359375,-0.256429687500001,2.685921875,2.6385390625,3.26073046875,1.419078125,-0.27489453125,-1.8814765625,2.2158203125
1.29923828125,-1.4512734375,-6.30123828125,1.678921875,-0.75152734375,0.805234375,-7.79401953125,-0.138109375,-0.3160703125,-2.37636328125,-5.89726171875,-5.28340625,-5.13264453125,-0.0785976562500013,2.25037109375,1.34791796875,-1.8393359375,-0.13989453125,3.423140625,-5.15066796875,-5.65205859375,1.76743359375,-2.5164296875,0.236921875,0.373539062499999,2.02573046875,-1.526921875,-0.69489453125,-3.0904765625,0.9198203125
-2.99276171875,-2.5182734375,-8.22423828125,0.315921875,-2.81752734375,-1.127765625,-9.21001953125,-0.631109375,-1.7840703125,-4.25836328125,-7.20926171875,-6.04240625,-7.92064453125,-1.89359765625,-0.68162890625,1.20891796875,-1.1343359375,-1.40189453125,1.077140625,-6.43166796875,-6.35405859375,1.97143359375,-3.9004296875,-1.411078125,-0.614460937500001,1.57973046875,-3.323921875,0.28710546875,-2.7124765625,1.0858203125
-7.04176171875,-3.2542734375,-9.94123828125,-1.196078125,-4.41752734375,-2.970765625,-10.33901953125,-0.460109375,-2.7770703125,-5.65036328125,-8.22926171875,-6.16940625,-10.03864453125,-3.12459765625,-2.68262890625,2.39791796875,0.1186640625,-2.01289453125,-0.344859375,-6.26166796875,-5.78905859375,2.99343359375,-4.3264296875,-1.962078125,-0.110460937500001,2.07373046875,-3.686921875,2.23010546875,-0.9484765625,2.7248203125
-9.79476171875,-3.8702734375,-11.32923828125,-2.600078125,-5.25752734375,-4.284765625,-10.69101953125,0.243890625,-3.0560703125,-6.49636328125,-8.65526171875,-5.63640625,-11.05464453125,-3.63959765625,-3.52262890625,4.59691796875,1.5656640625,-2.01389453125,-0.657859375,-4.63566796875,-4.14205859375,4.49243359375,-3.9774296875,-1.465078125,1.6165390625,3.23073046875,-2.769921875,4.32310546875,1.5515234375,5.2768203125
-10.63376171875,-4.4712734375,-12.21623828125,-3.646078125,-5.29252734375,-4.805765625,-10.11001953125,1.134890625,-2.6150703125,-6.91136328125,-8.38726171875,-4.65840625,-10.81364453125,-3.47859765625,-3.35462890625,7.18291796875,2.7856640625,-1.60489453125,0.0161406249999998,-1.98366796875,-1.86905859375,6.07943359375,-3.2144296875,-0.264078124999999,3.9415390625,4.47673046875,-1.073921875,5.74110546875,3.9685234375,7.8308203125
-9.56776171875,-4.9882734375,-12.43923828125,-4.174078125,-4.70252734375,-4.531765625,-8.84201953125,1.839890625,-1.6180703125,-7.07236328125,-7.56126171875,-3.58140625,-9.53064453125,-2.77459765625,-2.58262890625,9.48691796875,3.4556640625,-1.02689453125,1.351140625,1.01233203125,0.47794140625,7.42743359375,-2.4244296875,1.172921875,6.1615390625,5.20973046875,0.782078125,6.02710546875,5.6525234375,9.5138203125
-7.12276171875,-5.1822734375,-11.85223828125,-4.120078125,-3.72752734375,-3.665765625,-7.35401953125,2.179890625,-0.2740703125,-7.07836328125,-6.44526171875,-2.68440625,-7.67864453125,-1.65559765625,-1.60962890625,11.04791796875,3.4996640625,-0.45589453125,2.981140625,3.71533203125,2.45894140625,8.37143359375,-1.8544296875,2.455921875,7.7775390625,5.10273046875,2.289078125,5.28510546875,6.3645234375,9.8628203125
-4.05476171875,-4.7432734375,-10.33723828125,-3.483078125,-2.50752734375,-2.481765625,-6.06701953125,2.283890625,1.2129296875,-6.87036328125,-5.29126171875,-2.01140625,-5.74164453125,-0.21459765625,-0.65462890625,11.75391796875,3.1426640625,0.0551054687499999,4.630140625,5.76033203125,3.87994140625,8.94743359375,-1.5154296875,3.402921875,8.6515390625,4.26073046875,3.232078125,4.09710546875,6.3025234375,8.9868203125
-1.05776171875,-3.4412734375,-7.87423828125,-2.291078125,-1.04152734375,-1.208765625,-5.15401953125,2.495890625,2.6519296875,-6.28136328125,-4.23526171875,-1.37340625,-4.02664453125,1.45840234375,0.30037109375,11.80591796875,2.8086640625,0.547105468750001,6.137140625,7.11033203125,4.78694140625,9.33143359375,-1.2124296875,4.050921875,8.9745390625,3.16073046875,3.713078125,3.20310546875,5.9235234375,7.4628203125
1.39823828125,-1.2992734375,-4.69523828125,-0.638078125,0.70847265625,-0.0107656249999999,-4.54301953125,3.125890625,3.9119296875,-5.19136328125,-3.30626171875,-0.519406250000001,-2.65264453125,3.21340234375,1.39537109375,11.54391796875,2.8916640625,1.07810546875,7.412140625,7.93033203125,5.34094140625,9.71643359375,-0.692429687500001,4.558921875,9.0865390625,2.39273046875,4.025078125,3.13310546875,5.6685234375,6.0398203125
3.09623828125,1.3177265625,-1.40223828125,1.262921875,2.66347265625,0.972234375,-4.09601953125,4.184890625,4.9129296875,-3.69236328125,-2.53026171875,0.61459375,-1.66764453125,4.80840234375,2.72337109375,11.22191796875,3.5206640625,1.64510546875,8.364140625,8.38533203125,5.64494140625,10.16943359375,0.1705703125,5.061921875,9.2255390625,2.33973046875,4.424078125,3.95210546875,5.7275234375,5.2728203125
4.00523828125,3.7587265625,1.12676171875,3.048921875,4.54747265625,1.582234375,-3.80001953125,5.285890625,5.5479296875,-2.12536328125,-2.03026171875,1.78259375,-1.16964453125,5.92940234375,4.19437109375,10.82891796875,4.4696640625,2.16310546875,8.872140625,8.47933203125,5.64394140625,10.58143359375,1.2565703125,5.563921875,9.3655390625,2.98473046875,4.938078125,5.23710546875,5.9375234375,5.2738203125
4.24023828125,5.3317265625,2.11176171875,4.297921875,5.97547265625,1.678234375,-3.79101953125,5.828890625,5.6289296875,-0.94236328125,-1.99826171875,2.52259375,-1.28864453125,6.31340234375,5.55237109375,10.08991796875,5.2666640625,2.50710546875,8.812140625,8.05833203125,5.16994140625,10.73743359375,2.2265703125,5.923921875,9.2265390625,3.93373046875,5.329078125,6.26410546875,5.8725234375,5.6768203125
4.05723828125,5.6357265625,1.32476171875,4.726921875,6.67847265625,1.263234375,-4.17901953125,5.375890625,5.0099296875,-0.429363281250001,-2.54226171875,2.43959375,-2.03764453125,5.91440234375,6.53837109375,8.67691796875,5.4596640625,2.59510546875,8.157140625,6.95833203125,4.09694140625,10.47543359375,2.6965703125,5.938921875,8.4615390625,4.65273046875,5.241078125,6.35110546875,5.0635234375,5.8728203125
3.83823828125,4.7877265625,-0.69223828125,4.360921875,6.69747265625,0.579234375,-4.83401953125,3.981890625,3.7649296875,-0.514363281250001,-3.51826171875,1.49959375,-3.14764453125,5.00140234375,7.07237109375,6.49791796875,4.8576640625,2.45210546875,7.063140625,5.18933203125,2.49394140625,9.83343359375,2.4515703125,5.471921875,6.8855390625,4.75973046875,4.434078125,5.18310546875,3.2735234375,5.3448203125
3.98523828125,3.3627265625,-2.81623828125,3.546921875,6.39847265625,0.0742343750000001,-5.33101953125,2.250890625,2.2019296875,-0.77536328125,-4.51226171875,0.120593749999999,-4.06864453125,4.07240234375,7.30637109375,3.86791796875,3.6236640625,2.20810546875,5.849140625,3.01633203125,0.66294140625,9.06943359375,1.5605703125,4.516921875,4.6235390625,4.20173046875,2.957078125,2.96810546875,0.6585234375,3.9188203125
4.76723828125,2.1097265625,-3.85023828125,2.784921875,6.29347265625,0.220234375,-5.11901953125,1.062890625,0.7049296875,-0.68136328125,-5.01126171875,-0.98440625,-4.18164453125,3.61440234375,7.51537109375,1.44591796875,2.1936640625,2.02410546875,4.861140625,0.88433203125,-0.96205859375,8.52243359375,0.328570312499999,3.173921875,2.0685390625,3.23873046875,1.148078125,0.33010546875,-2.2824765625,1.7978203125
6.20423828125,1.6287265625,-3.03723828125,2.519921875,6.78847265625,1.296234375,-3.82701953125,1.152890625,-0.4140703125,0.106636718749999,-4.66226171875,-1.13240625,-3.11864453125,3.87040234375,7.90237109375,0.000917968749998721,1.0836640625,1.99810546875,4.312140625,-0.76366796875,-1.97505859375,8.39243359375,-0.8674296875,1.582921875,-0.274460937500001,2.27673046875,-0.532921875,-2.01089453125,-4.9414765625,-0.5911796875
8.07723828125,2.1847265625,-0.35123828125,2.978921875,7.99947265625,3.243234375,-1.50001953125,2.773890625,-0.9750703125,1.54963671875,-3.46426171875,0.0175937499999996,-0.99164453125,4.73540234375,8.46537109375,0.124917968749999,0.6856640625,2.09210546875,4.194140625,-1.64566796875,-2.13805859375,8.57943359375,-1.7664296875,-0.126078124999999,-1.9824609375,1.66273046875,-1.711921875,-3.59389453125,-6.8894765625,-2.8151796875
10.02123828125,3.6837265625,3.53376171875,4.124921875,9.71147265625,5.662234375,1.34698046875,5.585890625,-0.9770703125,3.22563671875,-1.80326171875,2.31059375,1.63135546875,5.82540234375,8.97237109375,1.98391796875,1.1466640625,2.15410546875,4.302140625,-1.72866796875,-1.43205859375,8.72543359375,-2.3204296875,-1.837078125,-2.8414609375,1.55773046875,-2.234921875,-4.37689453125,-8.0364765625,-4.5871796875
11.63823828125,5.7347265625,7.56376171875,5.688921875,11.48347265625,7.947234375,3.92498046875,8.822890625,-0.6430703125,4.50063671875,-0.296261718749998,5.15959375,3.97935546875,6.65340234375,9.06737109375,5.23291796875,2.3476640625,1.99910546875,4.333140625,-1.20366796875,-0.0370585937500003,8.41143359375,-2.6644296875,-3.440078125,-2.8714609375,1.92373046875,-2.161921875,-4.64089453125,-8.5764765625,-5.8041796875
12.62823828125,7.7997265625,10.75176171875,7.286921875,12.84847265625,9.520234375,5.53798046875,11.628890625,-0.3240703125,4.82163671875,0.536738281250003,7.79759375,5.44135546875,6.84540234375,8.44137109375,9.12891796875,3.9726640625,1.52910546875,4.022140625,-0.37766796875,1.73894140625,7.39043359375,-2.9924296875,-4.821078125,-2.2574609375,2.59773046875,-1.665921875,-4.74189453125,-8.7894765625,-6.4751796875
12.90623828125,9.3897265625,12.57276171875,8.591921875,13.53347265625,10.069234375,5.93098046875,13.415890625,-0.2550703125,4.00263671875,0.574738281250003,9.60959375,5.83835546875,6.30440234375,7.02337109375,12.83191796875,5.6506640625,0.790105468749999,3.279140625,0.49033203125,3.58794140625,5.70443359375,-3.4234296875,-5.858078125,-1.2484609375,3.39273046875,-0.924921875,-4.89089453125,-8.8414765625,-6.6311796875
12.65023828125,10.2397265625,13.10276171875,9.458921875,13.58047265625,9.668234375,5.40198046875,14.039890625,-0.3920703125,2.35363671875,0.181738281250002,10.36959375,5.46335546875,5.23540234375,5.06637109375,15.70691796875,7.0856640625,-0.0388945312499995,2.236140625,1.29533203125,5.29294140625,3.63743359375,-3.9314296875,-6.429078125,-0.0594609375000008,4.18073046875,-0.044921875,-5.09589453125,-8.7094765625,-6.2781796875
12.24023828125,10.3657265625,12.85476171875,9.948921875,13.28747265625,8.707234375,4.61298046875,13.756890625,-0.4890703125,0.55963671875,-0.0062617187499967,10.26759375,4.88635546875,4.01040234375,3.07037109375,17.47891796875,8.1396640625,-0.76089453125,1.180140625,2.07833203125,6.76194140625,1.56443359375,-4.3934296875,-6.460078125,1.1565390625,4.91573046875,0.932078125,-5.26089453125,-8.2774765625,-5.4601796875
12.08123828125,9.9847265625,12.39076171875,10.232921875,13.03147265625,7.687234375,4.22498046875,13.021890625,-0.2940703125,-0.63236328125,0.536738281250003,9.73359375,4.62935546875,2.98540234375,1.58937109375,18.21391796875,8.8286640625,-1.26789453125,0.407140625,2.91433203125,7.98594140625,-0.22156640625,-4.6884296875,-5.977078125,2.3025390625,5.60573046875,1.981078125,-5.33889453125,-7.4844765625,-4.3271796875
12.42923828125,9.3877265625,11.99276171875,10.471921875,13.08347265625,7.018234375,4.59598046875,12.276890625,0.3419296875,-0.73536328125,1.93773828125,9.18659375,4.91735546875,2.37440234375,1.03737109375,18.21391796875,9.2696640625,-1.57189453125,0.116140625,3.81433203125,8.97794140625,-1.56356640625,-4.7524296875,-5.122078125,3.3385390625,6.26973046875,3.061078125,-5.35589453125,-6.4044765625,-3.1111796875
13.27623828125,8.8167265625,11.60176171875,10.742921875,13.51747265625,6.909234375,5.69698046875,11.824890625,1.4509296875,0.31863671875,3.87973828125,8.86859375,5.61935546875,2.23940234375,1.60237109375,17.88891796875,9.6326640625,-1.73089453125,0.408140625,4.72033203125,9.75094140625,-2.39156640625,-4.5354296875,-4.078078125,4.2985390625,6.93273046875,4.137078125,-5.30789453125,-5.1604765625,-2.0091796875
14.37023828125,8.4127265625,11.03276171875,11.045921875,14.23547265625,7.376234375,7.24498046875,11.791890625,2.9279296875,2.24863671875,5.79573828125,8.81459375,6.40735546875,2.55440234375,3.24437109375,17.62691796875,10.1016640625,-1.73689453125,1.334140625,5.57733203125,10.34494140625,-2.60356640625,-3.9194296875,-2.970078125,5.2995390625,7.64373046875,5.244078125,-5.02889453125,-3.7854765625,-1.0441796875
15.35623828125,8.2097265625,10.23976171875,11.349921875,15.04147265625,8.304234375,8.88998046875,12.138890625,4.5379296875,4.61163671875,7.15073828125,8.93159375,7.02035546875,3.26040234375,5.74137109375,17.69191796875,10.7946640625,-1.47489453125,2.915140625,6.38933203125,10.82694140625,-2.03656640625,-2.7024296875,-1.808078125,6.4875390625,8.47473046875,6.502078125,-4.19489453125,-2.1514765625,-0.0551796875
15.94023828125,8.1617265625,9.38376171875,11.627921875,15.70847265625,9.479234375,10.30898046875,12.667890625,5.9989296875,6.96963671875,7.63473828125,9.05159375,7.43535546875,4.28440234375,8.70337109375,18.12891796875,11.6376640625,-0.78889453125,5.083140625,7.18133203125,11.22994140625,-0.54256640625,-0.7174296875,-0.549078124999999,7.9095390625,9.44073046875,8.041078125,-2.49289453125,-0.0654765624999999,1.1638203125
15.96823828125,8.1447265625,8.67076171875,11.821921875,15.99147265625,10.579234375,11.16998046875,13.011890625,7.0869296875,8.92663671875,7.17773828125,8.90159375,7.82835546875,5.50740234375,11.58137109375,18.70591796875,12.2486640625,0.38810546875,7.568140625,7.87333203125,11.44094140625,1.86343359375,1.9775703125,0.765921875,9.3775390625,10.38673046875,9.838078125,0.13310546875,2.5185234375,2.6488203125
15.40223828125,7.9347265625,8.13276171875,11.795921875,15.61747265625,11.167234375,11.06898046875,12.653890625,7.6349296875,10.08963671875,5.82373828125,8.08059375,8.37035546875,6.70840234375,13.69737109375,18.92591796875,11.9806640625,1.92910546875,9.853140625,8.19433203125,11.14894140625,4.90943359375,4.9865703125,1.912921875,10.4485390625,10.94373046875,11.593078125,3.32810546875,5.3325234375,4.1148203125
14.26823828125,7.2317265625,7.56676171875,11.346921875,14.34247265625,10.779234375,9.61098046875,11.058890625,7.5059296875,10.08663671875,3.63073828125,6.14659375,9.03935546875,7.57840234375,14.40437109375,18.17091796875,10.1916640625,3.52910546875,11.282140625,7.75133203125,9.95594140625,8.13743359375,7.6605703125,2.534921875,10.5815390625,10.65173046875,12.763078125,6.41310546875,7.8255234375,5.0238203125
12.64723828125,5.7957265625,6.67276171875,10.320921875,12.08147265625,9.124234375,6.62198046875,7.908890625,6.6549296875,8.69463671875,0.691738281250004,2.86359375,9.60635546875,7.85640234375,13.33137109375,16.00191796875,6.6226640625,4.85110546875,11.325140625,6.26333203125,7.62794140625,11.08543359375,9.3955703125,2.333921875,9.4335390625,9.21773046875,12.807078125,8.69710546875,9.4195234375,4.8828203125
10.68923828125,3.6127265625,5.25476171875,8.738921875,9.04147265625,6.288234375,2.36298046875,3.341890625,5.2599296875,6.01563671875,-2.75226171875,-1.56440625,9.81435546875,7.47940234375,10.60437109375,12.45091796875,1.6616640625,5.69210546875,9.852140625,3.79433203125,4.33394140625,13.47943359375,9.9455703125,1.281921875,7.1115390625,6.73473046875,11.517078125,9.82910546875,9.8345234375,3.5828203125
8.60723828125,0.9597265625,3.31876171875,6.802921875,5.72147265625,2.771234375,-2.47401953125,-1.969109375,3.6959296875,2.51663671875,-6.26926171875,-6.43540625,9.56935546875,6.62140234375,6.83637109375,8.08591796875,-3.6793359375,6.05610546875,7.228140625,0.80233203125,0.68594140625,15.27343359375,9.5295703125,-0.311078125,4.1895390625,3.73473046875,9.197078125,9.95710546875,9.2495234375,1.5328203125
6.61523828125,-1.7032734375,1.04176171875,4.794921875,2.74147265625,-0.676765625,-6.99101953125,-6.988109375,2.3329296875,-1.11636328125,-9.33226171875,-10.77640625,8.99735546875,5.56840234375,2.88637109375,3.78191796875,-8.1143359375,6.08810546875,4.152140625,-2.05466796875,-2.49205859375,16.54343359375,8.6715703125,-1.931078125,1.4495390625,0.99873046875,6.554078125,9.57910546875,8.1815234375,-0.5321796875
4.87623828125,-3.9222734375,-1.30723828125,2.949921875,0.60547265625,-3.342765625,-10.41101953125,-10.666109375,1.3609296875,-4.23636328125,-11.51826171875,-13.72740625,8.34435546875,4.55340234375,-0.48562890625,0.343917968749999,-10.5933359375,5.92310546875,1.345140625,-4.22866796875,-4.52705859375,17.31743359375,7.8845703125,-3.114078125,-0.489460937500001,-0.78726953125,4.351078125,9.20210546875,7.1745234375,-1.9351796875
3.48123828125,-5.3872734375,-3.42123828125,1.419921875,-0.47652734375,-4.774765625,-12.30001953125,-12.320109375,0.8099296875,-6.44736328125,-12.63726171875,-14.89440625,7.80835546875,3.68140234375,-2.84562890625,-1.79308203125,-10.7333359375,5.60410546875,-0.710859375,-5.48866796875,-5.19605859375,17.50943359375,7.4115703125,-3.649078125,-1.4414609375,-1.32626953125,3.053078125,9.05010546875,6.5145234375,-2.3981796875
2.49623828125,-5.9602734375,-4.97323828125,0.306921875,-0.60152734375,-4.863765625,-12.62601953125,-11.856109375,0.6509296875,-7.65436328125,-12.73926171875,-14.44840625,7.45135546875,2.99040234375,-4.08962890625,-2.65008203125,-8.9233359375,5.12110546875,-1.865859375,-5.92666796875,-4.79505859375,17.00443359375,7.1785703125,-3.620078125,-1.6584609375,-0.82726953125,2.657078125,8.98310546875,6.1425234375,-2.1401796875
1.99923828125,-5.6442734375,-5.68423828125,-0.292078125,-0.0615273437499999,-3.793765625,-11.66701953125,-9.753109375,0.8259296875,-7.98236328125,-11.99426171875,-12.97840625,7.21335546875,2.54440234375,-4.30562890625,-2.57408203125,-6.0913359375,4.51910546875,-2.221859375,-5.79466796875,-3.93705859375,15.80143359375,6.9445703125,-3.298078125,-1.6064609375,0.13773046875,2.803078125,8.66110546875,5.7995234375,-1.7081796875
2.05323828125,-4.5632734375,-5.41623828125,-0.317078125,0.80547265625,-1.937765625,-9.85901953125,-6.837109375,1.2329296875,-7.65736328125,-10.56026171875,-11.18440625,6.99335546875,2.48240234375,-3.62562890625,-2.00408203125,-3.2543359375,3.94010546875,-1.990859375,-5.31066796875,-3.21105859375,14.09243359375,6.5105703125,-2.963078125,-1.6624609375,0.93973046875,3.024078125,7.80110546875,5.2465234375,-1.6561796875
2.61723828125,-2.9572734375,-4.23823828125,0.167921875,1.70947265625,0.244234375,-7.65701953125,-3.952109375,1.7319296875,-6.92936328125,-8.55926171875,-9.61240625,6.69035546875,2.94540234375,-2.19662890625,-1.26608203125,-1.1113359375,3.52810546875,-1.395859375,-4.57166796875,-2.91205859375,12.18643359375,5.8315703125,-2.789078125,-1.9384609375,1.17173046875,2.978078125,6.36310546875,4.4125234375,-2.2691796875
3.47923828125,-1.1802734375,-2.39823828125,0.911921875,2.42747265625,2.276234375,-5.44301953125,-1.698109375,2.1879296875,-6.06436328125,-6.15326171875,-8.53440625,6.20235546875,3.92140234375,-0.24862890625,-0.497082031250001,0.1266640625,3.28310546875,-0.656859375,-3.59066796875,-2.95605859375,10.34943359375,4.9875703125,-2.822078125,-2.2994609375,0.76973046875,2.528078125,4.53410546875,3.3705234375,-3.4941796875
4.28723828125,0.3577265625,-0.21123828125,1.526921875,2.80947265625,3.764234375,-3.48701953125,-0.302109375000001,2.4619296875,-5.32836328125,-3.64926171875,-7.97040625,5.41835546875,5.14340234375,1.84137109375,0.302917968749999,0.6616640625,3.00610546875,-0.0168593750000001,-2.40766796875,-3.01105859375,8.68943359375,4.0695703125,-3.038078125,-2.5314609375,-0.04326953125,1.690078125,2.57510546875,2.2205234375,-5.0671796875
4.70423828125,1.3237265625,2.04576171875,1.670921875,2.81447265625,4.496234375,-1.92201953125,0.347890625,2.4409296875,-4.92836328125,-1.48526171875,-7.75640625,4.26035546875,6.13040234375,3.59437109375,1.17291796875,0.8916640625,2.40210546875,0.275140625,-1.13966796875,-2.72105859375,7.14843359375,3.1075703125,-3.390078125,-2.4914609375,-0.91526953125,0.543078125,0.67010546875,1.0045234375,-6.7001796875
4.60323828125,1.6347265625,4.14676171875,1.245921875,2.55747265625,4.508234375,-0.75001953125,0.596890624999999,2.1549296875,-4.91636328125,-0.0672617187499966,-7.62740625,2.77435546875,6.40740234375,4.60337109375,2.14691796875,1.2026640625,1.27510546875,0.0561406249999998,0.0603320312500002,-1.86605859375,5.57843359375,2.0795703125,-3.816078125,-2.1544609375,-1.51426953125,-0.814921875,-1.12689453125,-0.2844765625,-8.1751796875
4.16223828125,1.5077265625,5.81876171875,0.462921875,2.28347265625,4.044234375,0.11098046875,0.833890625,1.8569296875,-5.15636328125,0.420738281250003,-7.30940625,1.18135546875,5.76040234375,4.70037109375,3.26391796875,1.8346640625,-0.34589453125,-0.661859375,1.08733203125,-0.42805859375,3.84043359375,0.9795703125,-4.234078125,-1.5664609375,-1.62026953125,-2.253921875,-2.83089453125,-1.6424765625,-9.3421796875
3.78323828125,1.3307265625,6.65476171875,-0.284078125,2.22247265625,3.396234375,0.721980468749999,1.311890625,1.8839296875,-5.42636328125,0.0777382812500029,-6.63440625,-0.143644531250001,4.33440234375,3.98837109375,4.53291796875,2.8316640625,-2.22389453125,-1.691859375,1.91333203125,1.43694140625,1.87643359375,-0.1514296875,-4.562078125,-0.798460937500001,-1.15826953125,-3.608921875,-4.46389453125,-3.0204765625,-10.1021796875
3.85423828125,1.4127265625,6.21876171875,-0.661078125,2.41247265625,2.741234375,1.05098046875,2.030890625,2.3969296875,-5.60036328125,-0.808261718749996,-5.63940625,-0.80864453125,2.52240234375,2.71437109375,5.86691796875,4.0566640625,-4.04989453125,-2.783859375,2.54433203125,3.44694140625,-0.26056640625,-1.2294296875,-4.774078125,0.0605390624999993,-0.20926953125,-4.705921875,-6.01689453125,-4.3444765625,-10.4411796875
4.51223828125,1.7937265625,4.37476171875,-0.590078125,2.65147265625,2.074234375,1.00798046875,2.791890625,3.2529296875,-5.75236328125,-1.92126171875,-4.56140625,-0.57364453125,0.75140234375,1.12237109375,7.05891796875,5.2446640625,-5.58589453125,-3.746859375,2.94833203125,5.27494140625,-2.39556640625,-2.1584296875,-4.947078125,0.869539062499999,1.00273046875,-5.418921875,-7.44689453125,-5.5424765625,-10.4511796875
5.53023828125,2.2367265625,1.60576171875,-0.278078125,2.61047265625,1.296234375,0.55698046875,3.366890625,4.1349296875,-6.09636328125,-3.03226171875,-3.70740625,0.50335546875,-0.695597656250001,-0.61262890625,7.84391796875,6.0916640625,-6.72489453125,-4.502859375,3.03233203125,6.62994140625,-4.26056640625,-2.8404296875,-5.236078125,1.4515390625,2.16773046875,-5.704921875,-8.65089453125,-6.5284765625,-10.2791796875
6.43223828125,2.3727265625,-1.01123828125,-0.0720781250000004,2.05047265625,0.360234375,-0.18901953125,3.684890625,4.7489296875,-6.78636328125,-4.01726171875,-3.28340625,2.04635546875,-1.73359765625,-2.35962890625,8.02691796875,6.3706640625,-7.44389453125,-5.042859375,2.69733203125,7.33994140625,-5.55256640625,-3.1724296875,-5.797078125,1.6465390625,3.00273046875,-5.602921875,-9.45989453125,-7.1614765625,-10.0421796875
6.76923828125,1.9407265625,-2.24923828125,-0.199078125,0.99947265625,-0.621765625,-0.974019531250001,3.872890625,4.9279296875,-7.72836328125,-4.81126171875,-3.28840625,3.52035546875,-2.43359765625,-3.97562890625,7.56991796875,6.0386640625,-7.72589453125,-5.378859375,1.91833203125,7.38594140625,-6.03256640625,-3.0784296875,-6.687078125,1.3715390625,3.35773046875,-5.226921875,-9.69889453125,-7.2684765625,-9.7631796875
6.42023828125,0.9957265625,-1.31723828125,-0.562078125,-0.21552734375,-1.388765625,-1.48401953125,4.170890625,4.6849296875,-8.55536328125,-5.35626171875,-3.52940625,4.47635546875,-2.91859765625,-5.29062890625,6.61891796875,5.2746640625,-7.56189453125,-5.511859375,0.78133203125,6.88394140625,-5.67356640625,-2.5814296875,-7.832078125,0.636539062499999,3.26173046875,-4.763921875,-9.34789453125,-6.7684765625,-9.4041796875
5.70323828125,-0.0302734375,1.74776171875,-0.721078125,-1.08652734375,-1.651765625,-1.47301953125,4.777890625,4.2449296875,-8.79436328125,-5.57326171875,-3.73640625,4.75735546875,-3.26959765625,-6.14362890625,5.43691796875,4.4326640625,-6.99889453125,-5.450859375,-0.52366796875,6.01494140625,-4.75356640625,-1.8624296875,-9.068078125,-0.489460937500001,2.86273046875,-4.477921875,-8.67189453125,-5.8094765625,-8.9601796875
5.20423828125,-0.4942734375,6.06376171875,-0.155078125,-1.16052734375,-1.265765625,-0.855019531250001,5.751890625,3.9749296875,-8.12936328125,-5.38926171875,-3.69840625,4.52135546875,-3.46859765625,-6.43462890625,4.31191796875,3.9156640625,-6.18589453125,-5.221859375,-1.76766796875,4.97894140625,-3.78856640625,-1.2344296875,-10.219078125,-1.9074609375,2.34773046875,-4.637921875,-8.18689453125,-4.7734765625,-8.5171796875
5.44023828125,0.1147265625,10.23276171875,1.388921875,-0.25052734375,-0.332765625,0.257980468749999,7.009890625,4.1579296875,-6.58536328125,-4.79226171875,-3.34540625,4.10335546875,-3.42259765625,-6.15662890625,3.45191796875,4.0356640625,-5.33089453125,-4.871859375,-2.73566796875,3.96394140625,-3.28556640625,-0.993429687500001,-11.138078125,-3.4734609375,1.89073046875,-5.389921875,-8.41689453125,-4.1014765625,-8.2301796875
6.57223828125,1.8687265625,12.91176171875,3.679921875,1.45847265625,0.829234375,1.61998046875,8.395890625,4.7959296875,-4.52636328125,-3.85826171875,-2.74440625,3.81435546875,-3.03759765625,-5.41362890625,2.94791796875,4.8886640625,-4.60589453125,-4.446859375,-3.27966796875,3.14394140625,-3.48656640625,-1.2664296875,-11.721078125,-4.9744609375,1.62973046875,-6.648921875,-9.60389453125,-4.0514765625,-8.2271796875
8.34323828125,4.3127265625,13.40176171875,6.086921875,3.48247265625,1.838234375,2.95898046875,9.749890625,5.6319296875,-2.47836328125,-2.73426171875,-2.05740625,3.81235546875,-2.30159765625,-4.40162890625,2.77991796875,6.2876640625,-4.09789453125,-3.977859375,-3.36166796875,2.62794140625,-4.28356640625,-1.9454296875,-11.915078125,-6.1664609375,1.63573046875,-8.111921875,-11.55689453125,-4.5864765625,-8.5291796875
10.23623828125,6.6827265625,11.93976171875,7.885921875,5.24147265625,2.422234375,4.08198046875,10.914890625,6.3289296875,-0.89436328125,-1.58726171875,-1.47740625,4.11435546875,-1.32659765625,-3.36962890625,2.84791796875,7.8046640625,-3.80389453125,-3.470859375,-3.06366796875,2.41994140625,-5.33356640625,-2.7554296875,-11.732078125,-6.8664609375,1.86873046875,-9.395921875,-13.73089453125,-5.4364765625,-9.0391796875
11.72123828125,8.2887265625,9.52676171875,8.603921875,6.30847265625,2.528234375,4.90298046875,11.718890625,6.6209296875,0.0116367187499997,-0.545261718749996,-1.15440625,4.69335546875,-0.31559765625,-2.54662890625,2.99491796875,8.9376640625,-3.64789453125,-2.919859375,-2.54566796875,2.40594140625,-6.25456640625,-3.3754296875,-11.242078125,-7.0404609375,2.17773046875,-10.180921875,-15.46489453125,-6.2624765625,-9.5771796875
12.47023828125,8.8377265625,7.34876171875,8.213921875,6.58247265625,2.307234375,5.42498046875,11.983890625,6.3789296875,0.312636718749999,0.328738281250002,-1.13340625,5.57035546875,0.535402343749999,-2.05562890625,3.02991796875,9.3416640625,-3.48789453125,-2.308859375,-1.97166796875,2.42094140625,-6.75856640625,-3.5494296875,-10.526078125,-6.7944609375,2.37073046875,-10.282921875,-16.23289453125,-6.7774765625,-9.9431796875
12.45323828125,8.4987265625,6.11076171875,7.083921875,6.29747265625,2.000234375,5.68498046875,11.595890625,5.6619296875,0.27763671875,1.02973828125,-1.35340625,6.76735546875,1.12040234375,-1.87762890625,2.78991796875,8.9886640625,-3.15789453125,-1.623859375,-1.44066796875,2.35294140625,-6.69656640625,-3.1704296875,-9.628078125,-6.2994609375,2.31573046875,-9.666921875,-15.80989453125,-6.8004765625,-9.9571796875
11.91023828125,7.6937265625,5.71376171875,5.765921875,5.87347265625,1.814234375,5.71398046875,10.562890625,4.7179296875,0.21663671875,1.57673828125,-1.71240625,8.18635546875,1.44140234375,-1.88562890625,2.19791796875,8.1566640625,-2.54389453125,-0.871859375,-0.97466796875,2.18994140625,-6.05956640625,-2.3164296875,-8.546078125,-5.7094609375,1.99673046875,-8.429921875,-14.31989453125,-6.2774765625,-9.5121796875
11.22523828125,6.8187265625,5.50376171875,4.752921875,5.70047265625,1.850234375,5.54798046875,9.046890625,3.8669296875,0.32963671875,1.97173828125,-2.13040625,9.53135546875,1.54840234375,-1.94762890625,1.30491796875,7.2856640625,-1.65589453125,-0.0848593750000002,-0.55966796875,2.00194140625,-4.99756640625,-1.2444296875,-7.282078125,-5.1324609375,1.51473046875,-6.806921875,-12.19589453125,-5.3134765625,-8.6501796875
10.77623828125,6.0957265625,4.89376171875,4.333921875,5.98247265625,2.121234375,5.27598046875,7.353890625,3.3199296875,0.64963671875,2.19973828125,-2.57340625,10.39535546875,1.48540234375,-2.00362890625,0.286917968749999,6.7746640625,-0.62289453125,0.676140625,-0.17766796875,1.88094140625,-3.80456640625,-0.298429687500001,-5.887078125,-4.6384609375,1.02473046875,-5.124921875,-10.04689453125,-4.1724765625,-7.5901796875
10.81023828125,5.6167265625,3.89876171875,4.585921875,6.71047265625,2.606234375,5.06898046875,5.869890625,3.1029296875,1.08463671875,2.25573828125,-3.00440625,10.45535546875,1.29040234375,-2.06662890625,-0.57808203125,6.8186640625,0.383105468749999,1.355140625,0.19133203125,1.88894140625,-2.82656640625,0.238570312499999,-4.462078125,-4.2664609375,0.66173046875,-3.704921875,-8.44889453125,-3.2044765625,-6.6501796875
11.35623828125,5.4527265625,3.17176171875,5.429921875,7.72347265625,3.271234375,5.15098046875,4.962890625,3.1229296875,1.51663671875,2.19773828125,-3.34740625,9.64735546875,1.04040234375,-2.16962890625,-0.979082031250002,7.3606640625,1.24410546875,1.939140625,0.57133203125,2.04494140625,-2.32156640625,0.2845703125,-3.126078125,-4.0304609375,0.47773046875,-2.735921875,-7.73189453125,-2.6944765625,-6.0991796875
12.20923828125,5.6817265625,3.55176171875,6.667921875,8.79547265625,4.028234375,5.66098046875,4.829890625,3.2349296875,1.85863671875,2.12273828125,-3.50040625,8.17835546875,0.835402343749999,-2.32862890625,-0.708082031250001,8.1346640625,1.93910546875,2.452140625,0.96833203125,2.30894140625,-2.35956640625,-0.0274296875000006,-1.981078125,-3.9264609375,0.41773046875,-2.212921875,-7.88089453125,-2.7494765625,-6.0321796875
13.00923828125,6.2947265625,5.45776171875,8.000921875,9.68347265625,4.681234375,6.51398046875,5.402890625,3.2339296875,2.04063671875,2.08873828125,-3.39140625,6.40735546875,0.727402343749999,-2.57362890625,0.208917968749999,8.8086640625,2.51110546875,2.902140625,1.32733203125,2.56894140625,-2.84556640625,-0.453429687500001,-1.113078125,-3.9564609375,0.35173046875,-1.995921875,-8.60589453125,-3.2794765625,-6.3761796875
13.41523828125,7.1007265625,8.52376171875,9.085921875,10.16647265625,4.965234375,7.37998046875,6.361890625,2.8989296875,1.97563671875,2.05573828125,-3.04440625,4.69335546875,0.67140234375,-2.98862890625,1.48691796875,9.1346640625,2.99910546875,3.226140625,1.51333203125,2.65394140625,-3.61756640625,-0.791429687500001,-0.585078125,-4.1334609375,0.13973046875,-1.917921875,-9.51489453125,-4.0634765625,-6.9641796875
13.30223828125,7.7477265625,11.72276171875,9.666921875,10.09547265625,4.668234375,7.83498046875,7.285890625,2.1349296875,1.56063671875,1.91573828125,-2.57240625,3.32635546875,0.560402343749999,-3.69362890625,2.72191796875,9.0536640625,3.40310546875,3.316140625,1.37133203125,2.39994140625,-4.53856640625,-0.9644296875,-0.420078125,-4.4484609375,-0.28426953125,-1.891921875,-10.26689453125,-4.8424765625,-7.6061796875
12.82123828125,7.8837265625,13.89076171875,9.694921875,9.43847265625,3.790234375,7.60698046875,7.831890625,1.0789296875,0.74163671875,1.60473828125,-2.11540625,2.53835546875,0.316402343749999,-4.75662890625,3.60391796875,8.7056640625,3.69510546875,3.082140625,0.82433203125,1.74794140625,-5.51456640625,-0.998429687500001,-0.576078125,-4.8404609375,-0.85826953125,-1.932921875,-10.63989453125,-5.3914765625,-8.1371796875
12.26323828125,7.3277265625,14.34476171875,9.315921875,8.27747265625,2.582234375,6.74298046875,7.843890625,-0.00907031250000001,-0.42036328125,1.18173828125,-1.76540625,2.51435546875,-0.048597656250001,-6.11162890625,4.05591796875,8.3426640625,3.85410546875,2.510140625,-0.0646679687499998,0.80794140625,-6.46456640625,-0.945429687500001,-0.957078125,-5.2054609375,-1.39426953125,-2.115921875,-10.53789453125,-5.5564765625,-8.4421796875
11.83023828125,6.1287265625,13.18376171875,8.717921875,6.77947265625,1.435234375,5.57798046875,7.342890625,-0.9420703125,-1.73736328125,0.792738281250003,-1.55140625,3.32935546875,-0.459597656250001,-7.55362890625,4.21391796875,8.1826640625,3.88110546875,1.661140625,-1.11966796875,-0.18105859375,-7.28956640625,-0.830429687500001,-1.448078125,-5.4584609375,-1.66626953125,-2.506921875,-9.98189453125,-5.2924765625,-8.4851796875
11.48623828125,4.5367265625,11.09876171875,7.981921875,5.14547265625,0.676234375,4.52498046875,6.449890625,-1.6890703125,-2.94536328125,0.558738281250003,-1.47740625,4.84535546875,-0.820597656250001,-8.81662890625,4.30491796875,8.2896640625,3.78310546875,0.644140625,-2.12966796875,-0.96705859375,-7.88756640625,-0.6644296875,-1.962078125,-5.5894609375,-1.53326953125,-3.115921875,-9.12889453125,-4.6784765625,-8.3241796875
11.02323828125,2.9217265625,8.88976171875,7.053921875,3.58847265625,0.423234375,3.86298046875,5.330890625,-2.3070703125,-3.77636328125,0.485738281250002,-1.55140625,6.68235546875,-1.05459765625,-9.66762890625,4.52391796875,8.5366640625,3.56310546875,-0.405859375,-2.91466796875,-1.39905859375,-8.21956640625,-0.4834296875,-2.443078125,-5.6604609375,-1.01726953125,-3.873921875,-8.24989453125,-3.8844765625,-8.0851796875
10.26223828125,1.6847265625,7.06176171875,5.878921875,2.33447265625,0.586234375,3.63598046875,4.169890625,-2.8580703125,-4.03136328125,0.479738281250002,-1.77640625,8.35135546875,-1.09959765625,-9.96862890625,4.94491796875,8.6946640625,3.23310546875,-1.328859375,-3.34366796875,-1.46805859375,-8.33356640625,-0.3514296875,-2.832078125,-5.7154609375,-0.28726953125,-4.619921875,-7.64189453125,-3.1014765625,-7.9081796875
9.26623828125,1.1587265625,5.74176171875,4.588921875,1.62147265625,0.983234375,3.71898046875,3.130890625,-3.3420703125,-3.62136328125,0.437738281250002,-2.10940625,9.46835546875,-0.897597656250001,-9.69362890625,5.50791796875,8.5566640625,2.86210546875,-1.937859375,-3.33566796875,-1.28305859375,-8.32656640625,-0.3084296875,-3.025078125,-5.7124609375,0.43273046875,-5.116921875,-7.48189453125,-2.4394765625,-7.8641796875
8.38123828125,1.4807265625,4.84776171875,3.562921875,1.65347265625,1.487234375,3.95198046875,2.295890625,-3.6280703125,-2.60136328125,0.349738281250003,-2.46040625,9.91035546875,-0.389597656250001,-8.91962890625,6.05891796875,8.0166640625,2.58110546875,-2.060859375,-2.86166796875,-1.01005859375,-8.25656640625,-0.314429687500001,-2.885078125,-5.5204609375,0.95673046875,-5.110921875,-7.70189453125,-1.8814765625,-7.9071796875
8.06423828125,2.4897265625,4.27176171875,3.280921875,2.49847265625,2.060234375,4.21198046875,1.610890625,-3.4520703125,-1.19736328125,0.295738281250003,-2.74440625,9.77835546875,0.44040234375,-7.81062890625,6.40791796875,7.0676640625,2.53910546875,-1.619859375,-1.99666796875,-0.83405859375,-8.09256640625,-0.2444296875,-2.317078125,-5.0284609375,1.18873046875,-4.437921875,-8.00489453125,-1.3114765625,-7.8851796875
8.58023828125,3.7167265625,3.91376171875,4.035921875,3.98047265625,2.684234375,4.39598046875,0.915890624999999,-2.5950703125,0.20663671875,0.359738281250003,-2.93040625,9.22235546875,1.48340234375,-6.61962890625,6.37291796875,5.7846640625,2.80810546875,-0.709859375,-0.95366796875,-0.93405859375,-7.74756640625,0.0345703124999996,-1.380078125,-4.2744609375,1.12173046875,-3.148921875,-8.01189453125,-0.6184765625,-7.6301796875
9.75423828125,4.5147265625,3.65176171875,5.666921875,5.65147265625,3.267234375,4.36998046875,0.0758906249999995,-1.1250703125,1.13463671875,0.526738281250003,-3.04940625,8.26235546875,2.45140234375,-5.67162890625,5.81291796875,4.3266640625,3.31610546875,0.358140625,-0.0716679687499999,-1.43905859375,-7.17056640625,0.560570312499999,-0.324078125,-3.4884609375,0.80473046875,-1.561921875,-7.47989453125,0.2035234375,-7.1001796875
10.95623828125,4.3077265625,3.36976171875,7.509921875,6.89647265625,3.617234375,3.99398046875,-0.862109375,0.5249296875,1.18263671875,0.664738281250003,-3.14240625,6.76835546875,2.92640234375,-5.29362890625,4.69291796875,2.9396640625,3.82610546875,1.138140625,0.29133203125,-2.37105859375,-6.44356640625,1.2025703125,0.462921875,-3.0144609375,0.28873046875,-0.202921875,-6.42789453125,1.0075234375,-6.4481796875
11.35723828125,2.8557265625,3.06976171875,8.637921875,7.16747265625,3.538234375,3.22198046875,-1.612109375,1.7589296875,0.18863671875,0.633738281250002,-3.21240625,4.61735546875,2.53940234375,-5.69562890625,3.15091796875,1.9206640625,4.01810546875,1.224140625,-0.0926679687499998,-3.60205859375,-5.78756640625,1.6985703125,0.630921875,-3.1504609375,-0.40726953125,0.386078125,-5.12489453125,1.5435234375,-5.9851796875
10.36123828125,0.4187265625,2.93776171875,8.300921875,6.23447265625,2.966234375,2.19698046875,-1.771109375,2.1219296875,-1.63036328125,0.411738281250003,-3.19140625,1.91535546875,1.18940234375,-6.82662890625,1.52191796875,1.5256640625,3.65110546875,0.453140625,-1.18166796875,-4.85305859375,-5.46356640625,1.7815703125,0.0469218750000007,-3.9644609375,-1.27726953125,-0.102921875,-3.95789453125,1.5875234375,-6.0311796875
7.98123828125,-2.2822734375,3.25676171875,6.346921875,4.34747265625,2.076234375,1.27298046875,-1.061109375,1.5129296875,-3.70136328125,0.170738281250003,-2.93040625,-0.87164453125,-0.818597656250001,-8.31862890625,0.257917968749999,1.8656640625,2.73210546875,-0.975859375,-2.61566796875,-5.76605859375,-5.63056640625,1.3385703125,-1.090078125,-5.2124609375,-2.26126953125,-1.563921875,-3.25489453125,1.0775234375,-6.7401796875
4.94323828125,-4.3182734375,4.20676171875,3.374921875,2.18447265625,1.245234375,0.90898046875,0.483890625,0.2249296875,-5.27836328125,0.219738281250002,-2.23440625,-3.01264453125,-2.81159765625,-9.58262890625,-0.215082031250001,2.8486640625,1.58610546875,-2.554859375,-3.82766796875,-6.03005859375,-6.24356640625,0.496570312499999,-2.305078125,-6.4064609375,-3.20226953125,-3.505921875,-3.15589453125,0.1655234375,-8.0171796875
2.40123828125,-4.9202734375,5.68476171875,0.482921875,0.57247265625,0.877234375,1.46298046875,2.492890625,-1.1550703125,-5.74936328125,0.830738281250003,-0.959406250000001,-3.81764453125,-4.00859765625,-10.06762890625,0.322917968749999,4.1836640625,0.72810546875,-3.699859375,-4.29166796875,-5.54305859375,-7.07956640625,-0.4284296875,-3.079078125,-7.0304609375,-3.90926953125,-5.294921875,-3.60189453125,-0.8804765625,-9.5871796875
1.39223828125,-3.8252734375,7.27476171875,-1.259078125,0.09247265625,1.164234375,2.99198046875,4.410890625,-2.0190703125,-4.94836328125,2.03673828125,0.859593749999999,-2.98464453125,-3.89159765625,-9.55662890625,1.73091796875,5.4506640625,0.591105468749999,-4.027859375,-3.80266796875,-4.51805859375,-7.86856640625,-1.1124296875,-3.130078125,-6.8274609375,-4.28726953125,-6.475921875,-4.42389453125,-1.8684765625,-11.1631796875
2.30523828125,-1.4192734375,8.42476171875,-1.331078125,0.79347265625,1.953234375,5.14998046875,5.688890625,-2.0680703125,-3.27036328125,3.52673828125,2.90759375,-0.77264453125,-2.49759765625,-8.32862890625,3.45591796875,6.2106640625,1.27610546875,-3.571859375,-2.63366796875,-3.46605859375,-8.44556640625,-1.4064296875,-2.580078125,-5.9614609375,-4.42926953125,-6.977921875,-5.47989453125,-2.8274765625,-12.5961796875
4.68523828125,1.3937265625,8.70076171875,0.0239218749999996,2.17747265625,2.804234375,7.28998046875,5.936890625,-1.4770703125,-1.51636328125,4.73973828125,4.61559375,2.10135546875,-0.452597656250001,-7.04062890625,4.68191796875,6.1186640625,2.47610546875,-2.764859375,-1.43566796875,-3.01905859375,-8.81856640625,-1.4134296875,-1.904078125,-4.9554609375,-4.58426953125,-7.061921875,-6.69989453125,-3.9684765625,-13.8801796875
7.46723828125,3.5807265625,7.97176171875,2.002921875,3.47847265625,3.230234375,8.70498046875,4.994890625,-0.6990703125,-0.526363281250001,5.10773828125,5.33859375,4.74635546875,1.32740234375,-6.39462890625,4.66991796875,5.0156640625,3.64510546875,-2.218859375,-0.91566796875,-3.65705859375,-9.10756640625,-1.4004296875,-1.660078125,-4.4184609375,-5.00926953125,-7.094921875,-8.02389453125,-5.4844765625,-15.0231796875
9.50423828125,4.4067265625,6.42876171875,3.697921875,4.06247265625,2.955234375,8.92698046875,2.951890625,-0.1210703125,-0.784363281250001,4.33173828125,4.63359375,6.41235546875,2.08340234375,-6.77062890625,3.12591796875,2.9536640625,4.27710546875,-2.406859375,-1.45766796875,-5.47705859375,-9.43656640625,-1.6224296875,-2.170078125,-4.7264609375,-5.81726953125,-7.287921875,-9.29989453125,-7.3334765625,-15.9351796875
10.09023828125,3.7067265625,4.48776171875,4.525921875,3.71947265625,2.064234375,7.93598046875,0.150890625,0.1489296875,-2.18736328125,2.53273828125,2.50359375,6.70135546875,1.56140234375,-8.03962890625,0.374917968749999,0.2046640625,4.14910546875,-3.428859375,-2.91866796875,-8.10705859375,-9.82756640625,-2.1614296875,-3.333078125,-5.8294609375,-6.89226953125,-7.578921875,-10.27589453125,-9.1784765625,-16.4301796875
9.22123828125,1.9007265625,2.69176171875,4.432921875,2.72347265625,0.975234375,6.20698046875,-2.814109375,0.2579296875,-4.08936328125,0.226738281250002,-0.523406250000001,5.65535546875,0.0874023437499991,-9.63562890625,-2.73708203125,-2.7773359375,3.41510546875,-4.963859375,-4.69366796875,-10.82205859375,-10.15656640625,-2.8594296875,-4.668078125,-7.2684609375,-7.92826953125,-7.703921875,-10.67289453125,-10.5164765625,-16.3311796875
7.50423828125,-0.2412734375,1.58376171875,3.806921875,1.64747265625,0.255234375,4.53798046875,-5.196109375,0.4889296875,-5.59636328125,-1.85626171875,-3.55940625,3.72135546875,-1.62859765625,-10.81962890625,-5.16408203125,-5.4373359375,2.51210546875,-6.419859375,-6.00766796875,-12.79505859375,-10.16456640625,-3.3634296875,-5.542078125,-8.3744609375,-8.55126953125,-7.371921875,-10.27489453125,-10.8884765625,-15.5741796875
5.77123828125,-1.9352734375,1.51276171875,3.207921875,1.05447265625,0.348234375,3.69098046875,-6.344109375,1.1279296875,-5.97436328125,-3.05226171875,-5.70740625,1.60335546875,-2.84959765625,-11.02362890625,-6.07308203125,-7.2583359375,1.94110546875,-7.216859375,-6.28866796875,-13.39105859375,-9.55956640625,-3.2774296875,-5.478078125,-8.5514609375,-8.47826953125,-6.446921875,-8.99389453125,-10.0664765625,-14.2341796875
4.63623828125,-2.7002734375,2.40176171875,3.033921875,1.18947265625,1.329234375,4.00398046875,-6.021109375,2.2609296875,-5.01536328125,-3.04626171875,-6.43940625,0.0453554687499995,-3.15359765625,-10.12962890625,-5.19208203125,-7.9333359375,2.02510546875,-7.067859375,-5.43266796875,-12.41105859375,-8.18156640625,-2.3724296875,-4.391078125,-7.5474609375,-7.62826953125,-5.040921875,-6.91889453125,-8.1494765625,-12.5041796875
4.19723828125,-2.5142734375,3.70176171875,3.309921875,1.85147265625,2.828234375,5.19698046875,-4.565109375,3.5989296875,-3.14336328125,-2.00226171875,-5.80540625,-0.42264453125,-2.60159765625,-8.54862890625,-2.92108203125,-7.4673359375,2.74910546875,-6.139859375,-3.85166796875,-10.17505859375,-6.15456640625,-0.7554296875,-2.652078125,-5.5814609375,-6.16726953125,-3.490921875,-4.35789453125,-5.5484765625,-10.6561796875
4.09823828125,-1.7362734375,4.65276171875,3.719921875,2.52647265625,4.206234375,6.54698046875,-2.730109375,4.5619296875,-1.17836328125,-0.448261718749997,-4.32940625,0.34335546875,-1.63359765625,-7.01162890625,-0.12908203125,-6.1383359375,3.78810546875,-4.946859375,-2.24166796875,-7.37405859375,-3.89556640625,1.1305703125,-0.912078125,-3.2414609375,-4.44226953125,-2.204921875,-1.79489453125,-2.8464765625,-8.9631796875
3.86723828125,-0.8592734375,4.75576171875,3.853921875,2.72947265625,4.906234375,7.30798046875,-1.247109375,4.6479296875,0.11963671875,1.03373828125,-2.67540625,2.06735546875,-0.768597656250001,-6.17262890625,2.29391796875,-4.3353359375,4.72010546875,-4.037859375,-1.20166796875,-4.75205859375,-1.94956640625,2.7225703125,0.238921875,-1.1894609375,-2.83026953125,-1.456921875,0.27410546875,-0.5594765625,-7.5931796875
3.29623828125,-0.2372734375,4.09776171875,3.496921875,2.30747265625,4.750234375,7.11198046875,-0.431109375,3.7799296875,0.46663671875,2.09373828125,-1.29540625,4.18435546875,-0.29159765625,-6.24362890625,3.81391796875,-2.3703359375,5.27510546875,-3.676859375,-0.92166796875,-2.78805859375,-0.74556640625,3.6375703125,0.575921875000001,0.156539062499999,-1.58826953125,-1.238921875,1.54610546875,1.0565234375,-6.5371796875
2.58423828125,0.0507265625000001,3.27476171875,2.743921875,1.50847265625,3.981234375,6.08298046875,-0.0971093750000005,2.3099296875,0.15363671875,2.68573828125,-0.277406250000001,6.06135546875,-0.154597656250001,-6.91662890625,4.36591796875,-0.4023359375,5.45910546875,-3.727859375,-1.13366796875,-1.57005859375,-0.42756640625,3.8635703125,0.328921875000001,0.776539062499999,-0.78226953125,-1.294921875,2.02710546875,2.0545234375,-5.6541796875
2.16223828125,0.1367265625,2.95976171875,1.903921875,0.79147265625,3.050234375,4.66298046875,0.196890625,0.7589296875,-0.191363281250001,2.95673828125,0.53859375,7.21635546875,-0.0795976562500007,-7.58462890625,4.20891796875,1.5006640625,5.48110546875,-3.803859375,-1.32766796875,-0.88905859375,-0.84556640625,3.7345703125,0.00192187499999985,0.966539062499999,-0.33526953125,-1.288921875,1.99810546875,2.6715234375,-4.7791796875
2.37323828125,0.2097265625,3.47876171875,1.292921875,0.529472656249999,2.335234375,3.33698046875,0.784890625,-0.4640703125,0.00563671874999949,3.09673828125,1.32359375,7.44835546875,0.257402343749999,-7.69962890625,3.69791796875,3.2376640625,5.59010546875,-3.512859375,-1.07066796875,-0.45205859375,-1.66456640625,3.7195703125,0.0709218750000007,1.1055390625,-0.12226953125,-0.991921875,1.87810546875,3.1665234375,-3.8211796875
3.21623828125,0.3637265625,4.64676171875,1.053921875,0.79747265625,1.958234375,2.42198046875,1.662890625,-1.2260703125,0.95463671875,3.25173828125,2.07559375,6.85035546875,1.06440234375,-7.04162890625,3.12091796875,4.6046640625,5.93110546875,-2.664859375,-0.23866796875,-0.0690585937500003,-2.50356640625,4.1655703125,0.746921875,1.4375390625,-0.05926953125,-0.370921875,2.06710546875,3.7075234375,-2.7881796875
4.30523828125,0.5367265625,5.90976171875,1.102921875,1.35447265625,1.791234375,1.99898046875,2.498890625,-1.7030703125,2.40863671875,3.49773828125,2.59259375,5.71335546875,2.35240234375,-5.79062890625,2.62291796875,5.3226640625,6.51710546875,-1.344859375,0.93633203125,0.26994140625,-3.04756640625,5.1255703125,1.894921875,1.9615390625,-0.13426953125,0.438078125,2.78710546875,4.3275234375,-1.7901796875
5.06723828125,0.5707265625,6.62676171875,1.203921875,1.79547265625,1.580234375,1.94298046875,2.852890625,-2.2760703125,3.81263671875,3.82473828125,2.59159375,4.36935546875,3.93340234375,-4.41762890625,2.19391796875,5.1446640625,7.26510546875,0.136140625,1.98233203125,0.41994140625,-3.12156640625,6.3245703125,3.120921875,2.4535390625,-0.39126953125,1.216078125,3.98910546875,4.9525234375,-1.0081796875
5.04023828125,0.3317265625,6.35376171875,1.127921875,1.77547265625,1.134234375,2.01698046875,2.461890625,-3.2460703125,4.60063671875,4.12373828125,1.87359375,3.05935546875,5.48840234375,-3.43562890625,1.72891796875,3.9756640625,8.06410546875,1.389140625,2.41133203125,0.17894140625,-2.72156640625,7.2865703125,3.964921875,2.5945390625,-0.88726953125,1.741078125,5.36210546875,5.4465234375,-0.6221796875
4.10623828125,-0.1892734375,5.02676171875,0.782921875,1.17847265625,0.434234375,1.97398046875,1.408890625,-4.6040703125,4.47263671875,4.20473828125,0.44559375,1.89135546875,6.67940234375,-3.17162890625,1.10691796875,1.9486640625,8.79110546875,2.111140625,1.92733203125,-0.59305859375,-2.00056640625,7.5465703125,4.107921875,2.1305390625,-1.62526953125,1.847078125,6.46310546875,5.6915234375,-0.7071796875
2.49323828125,-0.8952734375,2.97476171875,0.228921875,0.130472656249999,-0.394765625,1.64198046875,0.0658906249999998,-6.0640703125,3.50463671875,3.85573828125,-1.46140625,0.889355468750001,7.24940234375,-3.63662890625,0.26391796875,-0.5723359375,9.31010546875,2.183140625,0.54133203125,-1.88805859375,-1.20556640625,6.8585703125,3.507921875,0.998539062499999,-2.51626953125,1.472078125,6.93310546875,5.6645234375,-1.1501796875
0.619238281250001,-1.6932734375,0.76676171875,-0.408078125,-1.11652734375,-1.196765625,0.96798046875,-1.148109375,-7.3220703125,2.04463671875,2.95473828125,-3.47740625,0.0963554687499997,7.07740234375,-4.56762890625,-0.782082031250001,-3.0773359375,9.46610546875,1.671140625,-1.44966796875,-3.51505859375,-0.57256640625,5.3025703125,2.407921875,-0.618460937500001,-3.37126953125,0.691078125,6.66810546875,5.4675234375,-1.6621796875
-1.11476171875,-2.5872734375,-1.03723828125,-1.035078125,-2.32352734375,-1.905765625,0.016980468749999,-2.011109375,-8.2550703125,0.50663671875,1.57073828125,-5.22840625,-0.38564453125,6.21140234375,-5.55962890625,-1.93308203125,-5.0763359375,9.11110546875,0.774140625,-3.58066796875,-5.12605859375,-0.23356640625,3.2795703125,1.223921875,-2.3244609375,-3.95526953125,-0.274921875,5.86310546875,5.2875234375,-1.8781796875
-2.44776171875,-3.6722734375,-2.12923828125,-1.637078125,-3.35352734375,-2.574765625,-1.06301953125,-2.593109375,-8.8970703125,-0.824363281250001,0.00873828125000209,-6.46940625,-0.466644531250001,4.86640234375,-6.22362890625,-3.05208203125,-6.2633359375,8.17810546875,-0.237859375,-5.36766796875,-6.30205859375,-0.18056640625,1.3785703125,0.399921875,-3.6314609375,-4.05726953125,-1.098921875,4.91110546875,5.3015234375,-1.5001796875
-3.29876171875,-5.0422734375,-2.56823828125,-2.249078125,-4.16052734375,-3.296765625,-2.09501953125,-3.170109375,-9.3250703125,-1.85636328125,-1.29326171875,-7.15140625,-0.20164453125,3.37140234375,-6.30662890625,-4.03108203125,-6.5913359375,6.75510546875,-1.075859375,-6.44266796875,-6.68405859375,-0.29256640625,0.1705703125,0.272921875000001,-4.1344609375,-3.55026953125,-1.440921875,4.23710546875,5.6035234375,-0.4141796875
-3.72576171875,-6.6642734375,-2.71223828125,-2.892078125,-4.72552734375,-4.088765625,-2.92701953125,-4.022109375,-9.5930703125,-2.62236328125,-1.92626171875,-7.40740625,0.17635546875,2.06740234375,-5.74262890625,-4.84008203125,-6.2353359375,5.11810546875,-1.488859375,-6.62366796875,-6.08705859375,-0.42056640625,0.0255703124999993,1.001921875,-3.6504609375,-2.41326953125,-1.040921875,4.15410546875,6.1845234375,1.2878203125
-3.86176171875,-8.3242734375,-3.00323828125,-3.521078125,-4.99252734375,-4.805765625,-3.44801953125,-5.250109375,-9.7080703125,-3.16936328125,-1.66226171875,-7.46640625,0.370355468750001,1.20340234375,-4.63062890625,-5.50208203125,-5.4753359375,3.66410546875,-1.313859375,-5.92766796875,-4.56205859375,-0.45956640625,0.993570312499999,2.534921875,-2.2714609375,-0.72026953125,0.186078125,4.79910546875,6.9735234375,3.3798203125
-3.86076171875,-9.6702734375,-3.75823828125,-4.038078125,-4.87352734375,-5.175765625,-3.60601953125,-6.721109375,-9.6180703125,-3.47536328125,-0.528261718749997,-7.54640625,0.20135546875,0.868402343749999,-3.17062890625,-6.02008203125,-4.5843359375,2.76310546875,-0.522859375,-4.53566796875,-2.38805859375,-0.39156640625,2.7945703125,4.605921875,-0.320460937500001,1.35373046875,2.107078125,6.10710546875,7.8665234375,5.5798203125
-3.89676171875,-10.3762734375,-5.06123828125,-4.388078125,-4.34852734375,-4.957765625,-3.44301953125,-8.167109375,-9.2780703125,-3.49336328125,1.19573828125,-7.78840625,-0.32064453125,0.952402343749998,-1.60962890625,-6.34308203125,-3.7813359375,2.58610546875,0.734140625,-2.76866796875,-0.00105859375000028,-0.28656640625,4.8895703125,6.762921875,1.7435390625,3.51473046875,4.355078125,7.80210546875,8.7215234375,7.5908203125
-4.18576171875,-10.3512734375,-6.78623828125,-4.670078125,-3.57352734375,-4.130765625,-3.13101953125,-9.356109375,-8.8130703125,-3.25736328125,3.02773828125,-8.22340625,-1.07264453125,1.15640234375,-0.21962890625,-6.42708203125,-3.2173359375,3.01510546875,2.111140625,-1.05766796875,2.08794140625,-0.26656640625,6.6095703125,8.448921875,3.4415390625,5.35773046875,6.396078125,9.40510546875,9.3215234375,9.0888203125
-4.96176171875,-9.8442734375,-8.63923828125,-5.165078125,-2.89652734375,-2.986765625,-2.93601953125,-10.204109375,-8.5680703125,-2.95636328125,4.43073828125,-8.78240625,-1.96164453125,1.08240234375,0.71837109375,-6.31708203125,-2.9843359375,3.67110546875,3.136140625,0.11833203125,3.41394140625,-0.46056640625,7.3345703125,9.158921875,4.3865390625,6.43473046875,7.652078125,10.33210546875,9.3785234375,9.7368203125
-6.36076171875,-9.3552734375,-10.21423828125,-6.205078125,-2.71252734375,-2.006765625,-3.09501953125,-10.758109375,-8.9070703125,-2.86936328125,5.02373828125,-9.30540625,-2.99264453125,0.40540234375,0.99237109375,-6.16108203125,-3.1083359375,4.07710546875,3.369140625,0.36133203125,3.67894140625,-0.94656640625,6.6945703125,8.616921875,4.3665390625,6.38473046875,7.676078125,10.07710546875,8.6105234375,9.2808203125
-8.28176171875,-9.3552734375,-11.07923828125,-7.941078125,-3.23652734375,-1.614765625,-3.66501953125,-11.075109375,-9.9160703125,-3.20236328125,4.77173828125,-9.59540625,-4.18964453125,-0.957597656250001,0.55437109375,-6.14908203125,-3.5503359375,3.87510546875,2.608140625,-0.47966796875,2.84094140625,-1.69756640625,4.7215703125,6.905921875,3.3835390625,5.06973046875,6.333078125,8.44910546875,6.8915234375,7.6738203125
-10.34476171875,-10.0002734375,-10.93123828125,-10.167078125,-4.35652734375,-1.942765625,-4.48001953125,-11.120109375,-11.2970703125,-3.94636328125,3.99473828125,-9.48240625,-5.43964453125,-2.77859765625,-0.43062890625,-6.44108203125,-4.2113359375,2.99110546875,1.004140625,-2.22166796875,1.12894140625,-2.54356640625,1.8855703125,4.461921875,1.6295390625,2.66773046875,3.877078125,5.72010546875,4.3845234375,5.1538203125
-12.00876171875,-11.0252734375,-9.77223828125,-12.334078125,-5.68452734375,-2.783765625,-5.23201953125,-10.763109375,-12.5290703125,-4.87436328125,3.19373828125,-8.90840625,-6.42164453125,-4.61459765625,-1.63962890625,-7.13608203125,-4.9653359375,1.67810546875,-0.986859375,-4.39966796875,-1.03605859375,-3.19656640625,-1.0554296875,1.911921875,-0.576460937500001,-0.35626953125,0.888078125,2.59610546875,1.5495234375,2.2008203125
-12.80776171875,-11.8832734375,-7.96723828125,-13.770078125,-6.76652734375,-3.722765625,-5.62601953125,-9.882109375,-13.1130703125,-5.68236328125,2.79073828125,-7.96840625,-6.70764453125,-6.01359765625,-2.71962890625,-8.26308203125,-5.6963359375,0.364105468750001,-2.810859375,-6.45366796875,-3.19305859375,-3.37756640625,-3.3514296875,-0.166078124999999,-2.8824609375,-3.41026953125,-1.962921875,-0.04689453125,-1.0164765625,-0.6221796875
-12.56676171875,-12.0532734375,-6.13423828125,-13.992078125,-7.32152734375,-4.359765625,-5.51801953125,-8.503109375,-12.7770703125,-6.17036328125,2.93973828125,-6.88740625,-6.02164453125,-6.71759765625,-3.42962890625,-9.77408203125,-6.3523359375,-0.58789453125,-4.064859375,-7.96366796875,-4.99105859375,-3.00056640625,-4.5884296875,-1.467078125,-4.9864609375,-5.98826953125,-4.184921875,-1.55389453125,-2.8584765625,-2.8831796875
-11.49476171875,-11.2902734375,-4.87523828125,-12.932078125,-7.35852734375,-4.481765625,-4.95401953125,-6.856109375,-11.5970703125,-6.33836328125,3.51273828125,-5.91340625,-4.45464453125,-6.75859765625,-3.71062890625,-11.53708203125,-6.9513359375,-1.05789453125,-4.649859375,-8.78466796875,-6.28105859375,-2.26356640625,-4.8484296875,-2.037078125,-6.7014609375,-7.82626953125,-5.632921875,-1.78789453125,-3.8674765625,-4.4311796875
-10.06976171875,-9.7042734375,-4.46423828125,-10.929078125,-7.09852734375,-4.096765625,-4.10101953125,-5.288109375,-9.9740703125,-6.33736328125,4.23673828125,-5.19740625,-2.46164453125,-6.40259765625,-3.64662890625,-13.33808203125,-7.5323359375,-1.17689453125,-4.753859375,-9.02966796875,-7.09105859375,-1.53956640625,-4.6054296875,-2.165078125,-7.9674609375,-8.91826953125,-6.464921875,-1.14789453125,-4.2784765625,-5.3921796875
-8.77676171875,-7.6642734375,-4.69323828125,-8.524078125,-6.79752734375,-3.364765625,-3.12801953125,-4.076109375,-8.4130703125,-6.32536328125,4.87973828125,-4.73440625,-0.645644531249999,-5.97259765625,-3.34562890625,-14.91408203125,-8.1043359375,-1.17489453125,-4.679859375,-8.93666796875,-7.55205859375,-1.15056640625,-4.4174296875,-2.165078125,-8.8184609375,-9.43426953125,-6.945921875,-0.30289453125,-4.4744765625,-6.0151796875
-7.86976171875,-5.6482734375,-5.00323828125,-6.207078125,-6.59852734375,-2.496765625,-2.14801953125,-3.313109375,-7.2440703125,-6.34836328125,5.35273828125,-4.42440625,0.520355468749999,-5.69659765625,-2.85062890625,-16.04608203125,-8.6463359375,-1.21589453125,-4.659859375,-8.73466796875,-7.82305859375,-1.18056640625,-4.6374296875,-2.203078125,-9.3544609375,-9.60826953125,-7.274921875,0.18910546875,-4.7374765625,-6.4701796875
-7.31676171875,-4.1272734375,-4.83023828125,-4.289078125,-6.50752734375,-1.710765625,-1.24301953125,-2.943109375,-6.4900703125,-6.34136328125,5.66773828125,-4.20740625,0.860355468750001,-5.65859765625,-2.14562890625,-16.67908203125,-9.1553359375,-1.32189453125,-4.760859375,-8.57866796875,-8.06405859375,-1.45656640625,-5.2684296875,-2.248078125,-9.7094609375,-9.65226953125,-7.511921875,0.13910546875,-5.1104765625,-6.7451796875
-6.93276171875,-3.4602734375,-3.93823828125,-2.902078125,-6.44752734375,-1.189765625,-0.50701953125,-2.880109375,-5.9710703125,-6.19336328125,5.84473828125,-4.13940625,0.469355468750001,-5.83259765625,-1.23862890625,-16.97108203125,-9.6673359375,-1.38889453125,-4.899859375,-8.52666796875,-8.41005859375,-1.67756640625,-6.0144296875,-2.139078125,-10.0124609375,-9.69926953125,-7.612921875,-0.23989453125,-5.4004765625,-6.6801796875
-6.54276171875,-3.7792734375,-2.52623828125,-2.051078125,-6.31552734375,-1.019765625,-0.0140195312499998,-3.074109375,-5.4720703125,-5.81636328125,5.88873828125,-4.31940625,-0.41064453125,-6.12159765625,-0.19662890625,-17.17308203125,-10.1993359375,-1.27489453125,-4.917859375,-8.53166796875,-8.90105859375,-1.62456640625,-6.4744296875,-1.705078125,-10.3174609375,-9.76126953125,-7.502921875,-0.53789453125,-5.3144765625,-6.0971796875
-6.06476171875,-4.9032734375,-1.11123828125,-1.660078125,-6.01352734375,-1.133765625,0.256980468749999,-3.470109375,-4.8430703125,-5.15836328125,5.82973828125,-4.75540625,-1.53264453125,-6.39359765625,0.87637109375,-17.41908203125,-10.6823359375,-0.89789453125,-4.666859375,-8.44266796875,-9.41305859375,-1.33356640625,-6.3574296875,-0.865078125,-10.5564609375,-9.72226953125,-7.144921875,-0.42689453125,-4.6434765625,-4.9381796875
-5.52176171875,-6.3782734375,-0.30523828125,-1.615078125,-5.47952734375,-1.329765625,0.442980468749999,-3.975109375,-4.0750703125,-4.22636328125,5.74973828125,-5.27240625,-2.71564453125,-6.54359765625,1.89337109375,-17.58408203125,-10.9393359375,-0.31389453125,-4.096859375,-8.03766796875,-9.66805859375,-1.13356640625,-5.6464296875,0.312921875000001,-10.5694609375,-9.38926953125,-6.561921875,0.12710546875,-3.3984765625,-3.3291796875
-5.04576171875,-7.6802734375,-0.59423828125,-1.831078125,-4.75652734375,-1.381765625,0.718980468749999,-4.467109375,-3.3880703125,-3.11936328125,5.75973828125,-5.56740625,-3.86064453125,-6.57459765625,2.80337109375,-17.34408203125,-10.7503359375,0.27310546875,-3.310859375,-7.13266796875,-9.34105859375,-1.50756640625,-4.6154296875,1.621921875,-10.1874609375,-8.58626953125,-5.807921875,0.86210546875,-1.8354765625,-1.5441796875
-4.87076171875,-8.4672734375,-2.14623828125,-2.312078125,-4.03052734375,-1.172765625,1.19498046875,-4.836109375,-3.1780703125,-2.03636328125,5.94273828125,-5.34340625,-4.94164453125,-6.63259765625,3.56237109375,-16.35808203125,-9.9583359375,0.57710546875,-2.542859375,-5.67566796875,-8.21705859375,-2.82656640625,-3.6874296875,2.794921875,-9.3274609375,-7.23826953125,-4.914921875,1.40210546875,-0.3264765625,0.1148203125
-5.27776171875,-8.7092734375,-4.68523828125,-3.138078125,-3.59252734375,-0.744765625,1.87598046875,-4.990109375,-3.7580703125,-1.23936328125,6.33573828125,-4.44340625,-5.98964453125,-6.93959765625,4.11437109375,-14.45708203125,-8.5493359375,0.34710546875,-2.050859375,-3.79666796875,-6.31605859375,-5.11656640625,-3.2284296875,3.611921875,-8.0444609375,-5.43326953125,-3.876921875,1.49910546875,0.8105234375,1.4548203125
-6.46776171875,-8.6452734375,-7.50623828125,-4.375078125,-3.70652734375,-0.252765625,2.69598046875,-4.840109375,-5.0810703125,-0.961363281250001,6.92373828125,-2.91840625,-7.05364453125,-7.65759765625,4.38637109375,-11.74508203125,-6.6753359375,-0.51089453125,-1.990859375,-1.78166796875,-3.90805859375,-7.99156640625,-3.3734296875,3.978921875,-6.5124609375,-3.40426953125,-2.680921875,1.18610546875,1.4445234375,2.4368203125
-8.43376171875,-8.6032734375,-9.71423828125,-5.980078125,-4.44952734375,0.130234375,3.58398046875,-4.319109375,-6.7270703125,-1.30636328125,7.64773828125,-1.01240625,-8.13264453125,-8.77359765625,4.32337109375,-8.58208203125,-4.6243359375,-1.86389453125,-2.341859375,0.0193320312499998,-1.43005859375,-10.77456640625,-3.9694296875,3.952921875,-4.9784609375,-1.46426953125,-1.353921875,0.77110546875,1.6655234375,3.1198203125
-10.90076171875,-8.8282734375,-10.63523828125,-7.755078125,-5.64052734375,0.301234375,4.47198046875,-3.450109375,-8.1440703125,-2.19336328125,8.39473828125,0.90459375,-9.10264453125,-10.07959765625,3.92637109375,-5.49908203125,-2.7413359375,-3.36389453125,-2.929859375,1.29033203125,0.66094140625,-12.74156640625,-4.6534296875,3.704921875,-3.6784609375,0.0747304687499999,-0.00192187499999996,0.68810546875,1.7235234375,3.5738203125
-13.36976171875,-9.3702734375,-10.15623828125,-9.386078125,-6.89252734375,0.249234375,5.27098046875,-2.417109375,-8.8960703125,-3.36936328125,9.01573828125,2.44659375,-9.71164453125,-11.22759765625,3.27837109375,-3.03608203125,-1.3483359375,-4.56389453125,-3.513859375,1.85133203125,2.03494140625,-13.36356640625,-5.0104296875,3.456921875,-2.7794609375,0.98773046875,1.213078125,1.27810546875,1.9125234375,3.8488203125
-15.26276171875,-10.0642734375,-8.75423828125,-10.550078125,-7.76652734375,0.042234375,5.84098046875,-1.540109375,-8.7730703125,-4.49036328125,9.36473828125,3.32359375,-9.67464453125,-11.83859765625,2.54637109375,-1.58708203125,-0.6433359375,-5.08089453125,-3.864859375,1.72133203125,2.58294140625,-12.47656640625,-4.7444296875,3.418921875,-2.3424609375,1.18373046875,2.119078125,2.60710546875,2.4385234375,3.9908203125
-16.11376171875,-10.5722734375,-7.15623828125,-11.014078125,-7.94652734375,-0.226765625,6.01498046875,-1.138109375,-7.7980703125,-5.23336328125,9.34873828125,3.43659375,-8.82364453125,-11.62259765625,1.95637109375,-1.30108203125,-0.6333359375,-4.72989453125,-3.824859375,1.13333203125,2.41494140625,-10.31456640625,-3.7884296875,3.756921875,-2.3214609375,0.74773046875,2.614078125,4.42810546875,3.3235234375,4.0618203125
-15.69776171875,-10.4912734375,-5.83723828125,-10.672078125,-7.33552734375,-0.465765625,5.70998046875,-1.338109375,-6.1840703125,-5.38436328125,8.97273828125,2.92859375,-7.20564453125,-10.47659765625,1.72837109375,-2.05408203125,-1.1173359375,-3.57989453125,-3.336859375,0.46633203125,1.81494140625,-7.42656640625,-2.3014296875,4.568921875,-2.5794609375,-0.05926953125,2.733078125,6.29310546875,4.4015234375,4.1578203125
-14.06476171875,-9.4812734375,-4.76023828125,-9.512078125,-6.05052734375,-0.591765625,5.02298046875,-1.962109375,-4.2060703125,-4.87136328125,8.36073828125,2.16159375,-5.05964453125,-8.52159765625,1.99337109375,-3.49008203125,-1.7573359375,-1.92589453125,-2.447859375,0.11433203125,1.13894140625,-4.49956640625,-0.5974296875,5.860921875,-2.9194609375,-0.86726953125,2.657078125,7.75310546875,5.3955234375,4.3868203125
-11.49776171875,-7.4112734375,-3.52223828125,-7.589078125,-4.35752734375,-0.539765625,4.23798046875,-2.608109375,-2.0580703125,-3.76036328125,7.70673828125,1.57459375,-2.68564453125,-6.07859765625,2.71937109375,-5.12108203125,-2.2403359375,-0.19989453125,-1.285859375,0.33233203125,0.70094140625,-2.15956640625,0.9865703125,7.517921875,-3.1384609375,-1.33426953125,2.666078125,8.53910546875,6.0555234375,4.8538203125
-8.46176171875,-4.4812734375,-1.82223828125,-5.057078125,-2.60352734375,-0.301765625,3.67998046875,-2.911109375,0.1549296875,-2.25936328125,7.15773828125,1.46559375,-0.344644531249999,-3.59759765625,3.65937109375,-6.51508203125,-2.4323359375,1.15710546875,-0.037859375,1.11233203125,0.65494140625,-0.78056640625,2.2105703125,9.301921875,-3.1064609375,-1.30926953125,3.025078125,8.65510546875,6.2695234375,5.6168203125
-5.54876171875,-1.2272734375,0.13976171875,-2.222078125,-1.16652734375,0.0322343750000003,3.52498046875,-2.805109375,2.2749296875,-0.67336328125,6.68973828125,1.80859375,1.78735546875,-1.53259765625,4.40837109375,-7.48408203125,-2.4603359375,1.83610546875,1.099140625,2.17233203125,0.92694140625,-0.37056640625,3.0185703125,10.917921875,-2.8144609375,-0.90226953125,3.890078125,8.34510546875,6.1145234375,6.6518203125
-3.33176171875,1.6397265625,1.68076171875,0.470921875,-0.36352734375,0.304234375,3.70798046875,-2.562109375,4.0279296875,0.69763671875,6.10473828125,2.26059375,3.58635546875,-0.185597656250001,4.57637109375,-8.15008203125,-2.6363359375,1.76510546875,1.966140625,3.08433203125,1.26794140625,-0.60756640625,3.5375703125,12.109921875,-2.3534609375,-0.41926953125,5.246078125,7.97110546875,5.8025234375,7.8578203125
-2.16576171875,3.5197265625,2.09576171875,2.586921875,-0.32652734375,0.392234375,4.00598046875,-2.585109375,5.1459296875,1.69463671875,5.17473828125,2.37559375,4.94235546875,0.41140234375,4.00637109375,-8.81208203125,-3.2703359375,1.11110546875,2.512140625,3.48733203125,1.40194140625,-1.02456640625,3.9895703125,12.757921875,-1.8334609375,-0.19326953125,6.908078125,7.83810546875,5.5765234375,9.1038203125
-2.06376171875,4.1567265625,1.22276171875,3.854921875,-0.93052734375,0.313234375,4.21198046875,-3.108109375,5.5339296875,2.35663671875,3.84573828125,1.89659375,5.73635546875,0.49840234375,2.88637109375,-9.73608203125,-4.4773359375,0.182105468750001,2.798140625,3.26433203125,1.16594140625,-1.26856640625,4.5385703125,12.897921875,-1.3184609375,-0.40726953125,8.568078125,8.04710546875,5.5875234375,10.2868203125
-2.75576171875,3.6957265625,-0.33923828125,4.230921875,-1.84852734375,0.227234375,4.27098046875,-4.031109375,5.2809296875,2.84163671875,2.33873828125,0.927593749999999,5.86735546875,0.412402343749999,1.66837109375,-10.99608203125,-6.0813359375,-0.72289453125,2.939140625,2.57233203125,0.57394140625,-1.26656640625,5.1565703125,12.642921875,-0.830460937500001,-1.02726953125,9.881078125,8.45710546875,5.8315234375,11.3178203125
-3.88476171875,2.5357265625,-1.56923828125,3.832921875,-2.71652734375,0.329234375,4.30098046875,-5.002109375,4.5629296875,3.27263671875,1.05673828125,-0.124406250000001,5.30935546875,0.396402343749999,0.83037109375,-12.43908203125,-7.6973359375,-1.44089453125,3.010140625,1.72533203125,-0.23605859375,-1.21656640625,5.6305703125,12.110921875,-0.394460937500001,-1.85726953125,10.569078125,8.77910546875,6.1575234375,12.0988203125
-5.16376171875,1.1347265625,-1.65223828125,2.848921875,-3.27452734375,0.731234375,4.49098046875,-5.635109375,3.5929296875,3.64663671875,0.387738281250003,-0.79840625,4.17035546875,0.51740234375,0.66537109375,-13.74608203125,-8.9163359375,-1.97589453125,3.015140625,1.03233203125,-1.09005859375,-1.40056640625,5.6995703125,11.390921875,-0.0634609375000013,-2.65926953125,10.521078125,8.75210546875,6.3685234375,12.5058203125
-6.42876171875,-0.1332734375,-0.45923828125,1.465921875,-3.42552734375,1.394234375,4.97698046875,-5.731109375,2.6119296875,3.87763671875,0.513738281250003,-0.834406250000001,2.72635546875,0.726402343749999,1.19737109375,-14.53608203125,-9.5033359375,-2.44789453125,2.908140625,0.68333203125,-1.84205859375,-1.97256640625,5.2425703125,10.567921875,0.0985390624999987,-3.25626953125,9.838078125,8.28310546875,6.3165234375,12.4198203125
-7.58876171875,-1.0282734375,1.39876171875,-0.150078125,-3.19152734375,2.155234375,5.74998046875,-5.361109375,1.8459296875,3.92363671875,1.35373828125,-0.28840625,1.35535546875,0.96240234375,2.24437109375,-14.49108203125,-9.4653359375,-2.99289453125,2.674140625,0.72533203125,-2.39605859375,-2.85456640625,4.3705703125,9.748921875,0.0625390624999991,-3.56526953125,8.783078125,7.47310546875,5.9555234375,11.7808203125
-8.56376171875,-1.4522734375,2.93176171875,-1.853078125,-2.64252734375,2.809234375,6.65898046875,-4.804109375,1.4159296875,3.87063671875,2.64773828125,0.548593749999999,0.41035546875,1.22640234375,3.55037109375,-13.49608203125,-8.9853359375,-3.66489453125,2.371140625,1.10633203125,-2.70205859375,-3.77656640625,3.3885703125,9.055921875,-0.119460937500001,-3.57926953125,7.670078125,6.55310546875,5.3365234375,10.6358203125
-9.27376171875,-1.4572734375,3.27076171875,-3.528078125,-1.87552734375,3.193234375,7.49198046875,-4.389109375,1.3389296875,3.92663671875,4.10673828125,1.33859375,0.0623554687500008,1.58440234375,4.89537109375,-11.71208203125,-8.2903359375,-4.39289453125,2.150140625,1.74733203125,-2.73805859375,-4.40556640625,2.6545703125,8.600921875,-0.319460937500001,-3.32026953125,6.749078125,5.81010546875,4.5885234375,9.1878203125
-9.69976171875,-1.2432734375,2.07576171875,-5.107078125,-1.05052734375,3.229234375,8.06798046875,-4.340109375,1.5669296875,4.30163671875,5.52373828125,1.87759375,0.21835546875,2.11740234375,6.12637109375,-9.56508203125,-7.5543359375,-5.01889453125,2.182140625,2.57533203125,-2.52205859375,-4.49556640625,2.4295703125,8.442921875,-0.381460937500001,-2.81526953125,6.130078125,5.52110546875,3.8995234375,7.7858203125
-9.95876171875,-1.1392734375,-0.34223828125,-6.600078125,-0.42952734375,2.900234375,8.28598046875,-4.700109375,1.9479296875,5.05563671875,6.76673828125,2.14959375,0.55335546875,2.82040234375,7.09537109375,-7.65008203125,-6.8693359375,-5.39789453125,2.524140625,3.49433203125,-2.11605859375,-3.98956640625,2.7625703125,8.554921875,-0.198460937500001,-2.11026953125,5.782078125,5.88110546875,3.4645234375,6.8268203125
-10.33176171875,-1.5052734375,-3.21123828125,-8.081078125,-0.36252734375,2.208234375,8.11798046875,-5.347109375,2.1629296875,6.02263671875,7.69673828125,2.27959375,0.64635546875,3.52840234375,7.59237109375,-6.54308203125,-6.2623359375,-5.50589453125,3.008140625,4.34433203125,-1.62405859375,-3.02556640625,3.4645703125,8.803921875,0.216539062499999,-1.28726953125,5.571078125,6.92110546875,3.4065234375,6.5858203125
-11.15176171875,-2.5792734375,-5.68923828125,-9.614078125,-1.15452734375,1.159234375,7.59698046875,-6.078109375,1.8109296875,6.85863671875,8.14173828125,2.42559375,0.152355468750001,3.94740234375,7.36737109375,-6.57608203125,-5.7223359375,-5.45489453125,3.265140625,4.90233203125,-1.15005859375,-1.86256640625,4.1795703125,8.978921875,0.739539062499999,-0.48726953125,5.324078125,8.44510546875,3.7095234375,7.0908203125
-12.60176171875,-4.3162734375,-7.24323828125,-11.156078125,-2.89052734375,-0.181765625,6.82298046875,-6.683109375,0.6789296875,7.22663671875,7.96673828125,2.71459375,-1.06264453125,3.79840234375,6.25937109375,-7.65808203125,-5.2223359375,-5.42489453125,2.910140625,4.96833203125,-0.74405859375,-0.77756640625,4.5305703125,8.872921875,1.1885390625,0.10673046875,4.892078125,10.04110546875,4.1895234375,8.0978203125
-14.54776171875,-6.3422734375,-7.81223828125,-12.534078125,-5.32352734375,-1.638765625,5.96698046875,-6.983109375,-1.0680703125,6.99263671875,7.20473828125,3.22859375,-2.85064453125,2.99540234375,4.36037109375,-9.27308203125,-4.7243359375,-5.55489453125,1.791140625,4.48633203125,-0.36805859375,0.0174335937499999,4.2735703125,8.372921875,1.4175390625,0.34273046875,4.194078125,11.16810546875,4.5625234375,9.1848203125
-16.56376171875,-8.0822734375,-7.66523828125,-13.552078125,-7.93952734375,-2.924765625,5.25498046875,-6.830109375,-2.9880703125,6.31563671875,6.11473828125,4.01659375,-4.82164453125,1.73340234375,2.06237109375,-10.69608203125,-4.1863359375,-5.86889453125,0.0971406249999998,3.61733203125,0.0839414062499997,0.41343359375,3.3965703125,7.525921875,1.3835390625,0.18273046875,3.247078125,11.34410546875,4.5595234375,9.9168203125
-18.15176171875,-9.0412734375,-7.14423828125,-14.150078125,-10.16552734375,-3.743765625,4.90498046875,-6.144109375,-4.6190703125,5.56263671875,5.11873828125,5.08059375,-6.50364453125,0.428402343749999,-0.06562890625,-11.31908203125,-3.5873359375,-6.27889453125,-1.707859375,2.69133203125,0.71094140625,0.39943359375,2.1115703125,6.524921875,1.1515390625,-0.23226953125,2.145078125,10.35610546875,4.0525234375,10.0158203125
-18.98876171875,-9.0662734375,-6.46123828125,-14.486078125,-11.60952734375,-3.923765625,5.02398046875,-4.984109375,-5.6640703125,5.10163671875,4.63173828125,6.31859375,-7.58264453125,-0.449597656250001,-1.50962890625,-10.91308203125,-2.9763359375,-6.63089453125,-3.112859375,2.06133203125,1.52694140625,0.0424335937499998,0.7535703125,5.612921875,0.849539062499999,-0.63426953125,1.018078125,8.38910546875,3.1135234375,9.4728203125
-19.03376171875,-8.4422734375,-5.69823828125,-14.822078125,-12.20152734375,-3.514765625,5.52498046875,-3.637109375,-6.0590703125,5.11463671875,4.88873828125,7.49159375,-8.05964453125,-0.590597656250001,-2.02262890625,-9.71708203125,-2.4933359375,-6.76989453125,-3.794859375,1.94433203125,2.41494140625,-0.55156640625,-0.3744296875,4.959921875,0.594539062499999,-0.74926953125,-0.032921875,5.97610546875,1.9745234375,8.5218203125
-18.45776171875,-7.7112734375,-4.94123828125,-15.313078125,-12.15652734375,-2.779765625,6.11898046875,-2.614109375,-5.9710703125,5.51363671875,5.84873828125,8.27859375,-8.19264453125,0.0244023437499994,-1.71062890625,-8.33008203125,-2.3423359375,-6.58189453125,-3.746859375,2.33433203125,3.15294140625,-1.26156640625,-1.1244296875,4.577921875,0.430539062499999,-0.45026953125,-0.959921875,3.76610546875,0.8985234375,7.5078203125
-17.46576171875,-7.3362734375,-4.42423828125,-15.844078125,-11.81452734375,-2.068765625,6.41498046875,-2.505109375,-5.6910703125,6.01563671875,7.22173828125,8.39259375,-8.23964453125,1.12440234375,-0.94262890625,-7.45308203125,-2.6983359375,-6.01589453125,-3.245859375,3.03733203125,3.50194140625,-1.97656640625,-1.5274296875,4.340921875,0.319539062499999,0.17473046875,-1.759921875,2.23310546875,0.0465234375000001,6.7188203125
-16.17976171875,-7.3972734375,-4.51623828125,-16.056078125,-11.45052734375,-1.650765625,6.11398046875,-3.724109375,-5.4340703125,6.31963671875,8.63273828125,7.71859375,-8.20064453125,2.31340234375,-0.14562890625,-7.56108203125,-3.6053359375,-5.08489453125,-2.649859375,3.80233203125,3.33894140625,-2.59056640625,-1.7034296875,4.097921875,0.198539062499999,0.86473046875,-2.415921875,1.49910546875,-0.5794765625,6.2898203125
-14.63776171875,-7.5632734375,-5.51323828125,-15.571078125,-11.16552734375,-1.587765625,5.18998046875,-6.262109375,-5.1810703125,6.26263671875,9.80573828125,6.40859375,-7.80264453125,3.27340234375,0.39737109375,-8.67008203125,-4.9003359375,-3.86689453125,-2.177859375,4.46433203125,2.74294140625,-3.00556640625,-1.7374296875,3.820921875,0.0585390624999986,1.33173046875,-2.835921875,1.36110546875,-1.0834765625,6.2218203125
-12.89576171875,-7.3332734375,-7.33423828125,-14.236078125,-10.89752734375,-1.724765625,3.94298046875,-9.598109375,-4.7550703125,5.90163671875,10.66873828125,4.86159375,-6.72364453125,3.88540234375,0.64337109375,-10.32508203125,-6.2453359375,-2.48489453125,-1.809859375,5.01333203125,1.99594140625,-3.13856640625,-1.6114296875,3.662921875,-0.000460937500000647,1.42373046875,-2.832921875,1.48410546875,-1.5414765625,6.4508203125
-11.08976171875,-6.3892734375,-9.33623828125,-12.223078125,-10.51852734375,-1.791765625,2.88698046875,-12.838109375,-4.0270703125,5.47063671875,11.31573828125,3.60059375,-4.88864453125,4.22140234375,0.71637109375,-11.82708203125,-7.2473359375,-1.09889453125,-1.369859375,5.54733203125,1.45594140625,-2.93556640625,-1.2374296875,3.878921875,0.182539062499999,1.19873046875,-2.190921875,1.61410546875,-1.9114765625,6.9068203125
-9.38276171875,-4.8162734375,-10.45023828125,-9.930078125,-9.93752734375,-1.564765625,2.49998046875,-15.025109375,-3.0280703125,5.24063671875,11.88073828125,3.07159375,-2.59364453125,4.44640234375,0.76437109375,-12.57608203125,-7.6403359375,0.11510546875,-0.724859375,6.14633203125,1.37394140625,-2.39856640625,-0.564429687500001,4.640921875,0.708539062499999,0.83873046875,-0.812921875,1.66910546875,-2.0644765625,7.5088203125
-7.87876171875,-3.0522734375,-9.68223828125,-7.788078125,-9.17452734375,-1.028765625,2.97598046875,-15.515109375,-1.8900703125,5.36263671875,12.40573828125,3.44459375,-0.38564453125,4.70040234375,0.82437109375,-12.35308203125,-7.4193359375,0.99310546875,0.042140625,6.75633203125,1.72094140625,-1.60656640625,0.3245703125,5.864921875,1.4755390625,0.47973046875,1.137078125,1.67610546875,-1.9214765625,8.1188203125
-6.60376171875,-1.6572734375,-6.75523828125,-6.122078125,-8.38052734375,-0.453765625,4.06698046875,-14.267109375,-0.7750703125,5.74163671875,12.76973828125,4.50159375,1.20335546875,5.00640234375,0.77937109375,-11.43508203125,-6.8513359375,1.41710546875,0.610140625,7.15433203125,2.16594140625,-0.71656640625,1.1865703125,7.170921875,2.1375390625,0.08573046875,3.210078125,1.63010546875,-1.5874765625,8.5198203125
-5.55476171875,-1.0212734375,-2.47223828125,-5.099078125,-7.79452734375,-0.312765625,5.15098046875,-11.892109375,0.1389296875,6.05163671875,12.72173828125,5.71059375,1.91035546875,5.23640234375,0.42537109375,-10.47308203125,-6.3443359375,1.34910546875,0.555140625,7.03433203125,2.21894140625,0.0624335937499998,1.6945703125,8.031921875,2.2305390625,-0.52626953125,4.808078125,1.41710546875,-1.3604765625,8.4618203125
-4.73176171875,-1.1902734375,1.50076171875,-4.709078125,-7.61852734375,-1.038765625,5.51698046875,-9.401109375,0.7269296875,5.89563671875,12.02473828125,6.45459375,1.87235546875,5.18440234375,-0.38662890625,-10.17708203125,-6.2553359375,0.86310546875,-0.398859375,6.16833203125,1.48994140625,0.54243359375,1.5945703125,8.015921875,1.4045390625,-1.53526953125,5.433078125,0.87410546875,-1.5734765625,7.7858203125
-4.10576171875,-1.8572734375,3.44776171875,-4.757078125,-7.88052734375,-2.741765625,4.75398046875,-7.758109375,1.0399296875,5.05063671875,10.64373828125,6.33459375,1.54535546875,4.70340234375,-1.61262890625,-10.95008203125,-6.7163359375,0.149105468749999,-2.176859375,4.55733203125,-0.0850585937500004,0.62843359375,0.8405703125,7.008921875,-0.361460937500001,-2.96626953125,4.891078125,-0.0838945312499999,-2.4034765625,6.5258203125
-3.58176171875,-2.5152734375,2.57676171875,-4.919078125,-8.38452734375,-5.078765625,3.01898046875,-7.443109375,1.3129296875,3.62963671875,8.85473828125,5.37259375,1.45935546875,3.81140234375,-2.99162890625,-12.69108203125,-7.5813359375,-0.54189453125,-4.322859375,2.48633203125,-2.17905859375,0.33643359375,-0.3714296875,5.265921875,-2.7214609375,-4.65226953125,3.348078125,-1.39889453125,-3.7824765625,4.8928203125
-3.02276171875,-2.6882734375,-0.43823828125,-4.848078125,-8.79652734375,-7.359765625,1.02798046875,-8.275109375,1.7709296875,2.06863671875,7.21373828125,4.01159375,1.92635546875,2.69640234375,-4.13162890625,-14.86108203125,-8.4993359375,-0.966894531249999,-6.186859375,0.44133203125,-4.21905859375,-0.24556640625,-1.6984296875,3.292921875,-5.1154609375,-6.30926953125,1.224078125,-2.91289453125,-5.4464765625,3.1518203125
-2.30376171875,-2.1112734375,-3.70423828125,-4.287078125,-8.78152734375,-8.825765625,-0.24701953125,-9.538109375,2.4359296875,0.94963671875,6.37073828125,2.91659375,2.90935546875,1.66740234375,-4.67462890625,-16.73208203125,-9.0763359375,-0.95789453125,-7.194859375,-1.04366796875,-5.62505859375,-0.97956640625,-2.7784296875,1.642921875,-6.9974609375,-7.66326953125,-0.965921875,-4.42489453125,-7.0464765625,1.5268203125
-1.33276171875,-0.7962734375,-5.07923828125,-3.124078125,-8.13152734375,-8.947765625,-0.00801953125000132,-10.364109375,3.1499296875,0.77163671875,6.83773828125,2.68159375,4.12035546875,1.08740234375,-4.39062890625,-17.64508203125,-9.0383359375,-0.43089453125,-7.040859375,-1.54266796875,-6.01505859375,-1.66356640625,-3.3054296875,0.750921875,-7.9984609375,-8.53926953125,-2.742921875,-5.70389453125,-8.2314765625,0.2128203125
-0.0567617187499989,1.0017265625,-3.32623828125,-1.407078125,-6.81952734375,-7.618765625,1.98898046875,-10.146109375,3.7499296875,1.75463671875,8.76073828125,3.58559375,5.24735546875,1.27040234375,-3.22562890625,-17.20408203125,-8.3303359375,0.62210546875,-5.732859375,-0.84766796875,-5.29905859375,-2.01256640625,-3.0564296875,0.836921875,-7.9764609375,-8.87326953125,-3.723921875,-6.46789453125,-8.6964765625,-0.5651796875
1.50123828125,2.8797265625,1.15976171875,0.646921875,-5.01152734375,-5.204765625,5.28698046875,-8.805109375,4.1849296875,3.73963671875,11.80273828125,5.48059375,6.13035546875,2.33640234375,-1.28962890625,-15.37208203125,-7.1033359375,2.12410546875,-3.543859375,0.96633203125,-3.64405859375,-1.72756640625,-1.9274296875,1.872921875,-6.9874609375,-8.65226953125,-3.681921875,-6.43489453125,-8.2354765625,-0.5601796875
3.18823828125,4.4377265625,6.50076171875,2.684921875,-3.02752734375,-2.431765625,8.87898046875,-6.774109375,4.5099296875,6.23663671875,15.19173828125,7.86959375,6.76835546875,4.10140234375,1.14337109375,-12.47708203125,-5.6283359375,3.88910546875,-0.927859375,3.52933203125,-1.38105859375,-0.64456640625,-0.00342968750000061,3.574921875,-5.2414609375,-7.87026953125,-2.634921875,-5.46189453125,-6.8214765625,0.3838203125
4.70623828125,5.4367265625,10.35276171875,4.322921875,-1.24552734375,-0.126765625,11.64098046875,-4.725109375,4.8349296875,8.60763671875,17.99173828125,10.10959375,7.19835546875,6.09940234375,3.67237109375,-9.11408203125,-4.1783359375,5.62510546875,1.586140625,6.25933203125,1.09094140625,1.11343359375,2.3915703125,5.456921875,-3.0894609375,-6.53226953125,-0.916921875,-3.69289453125,-4.6824765625,2.1868203125
5.71323828125,5.9127265625,11.22376171875,5.295921875,0.0264726562499993,1.118234375,12.83898046875,-3.197109375,5.2809296875,10.33063671875,19.47673828125,11.68159375,7.38935546875,7.77640234375,5.85437109375,-5.98308203125,-2.9343359375,7.00010546875,3.515140625,8.52333203125,3.39294140625,3.11443359375,4.7275703125,6.950921875,-0.994460937500001,-4.72226953125,0.842078125,-1.60789453125,-2.3044765625,4.4858203125
5.96623828125,6.1477265625,9.27676171875,5.571921875,0.667472656249999,1.172234375,12.44198046875,-2.340109375,5.8619296875,11.18163671875,19.41273828125,12.37159375,7.24735546875,8.72140234375,7.31437109375,-3.71808203125,-1.9613359375,7.73410546875,4.540140625,9.82133203125,5.21294140625,4.75043359375,6.4055703125,7.577921875,0.534539062499999,-2.66326953125,1.902078125,0.0871054687500001,-0.3384765625,6.6908203125
5.43523828125,6.5217265625,6.14976171875,5.332921875,0.76747265625,0.381234375,11.07098046875,-1.932109375,6.4199296875,11.27663671875,18.11573828125,12.30859375,6.70235546875,8.80440234375,7.87237109375,-2.74608203125,-1.2423359375,7.70010546875,4.568140625,9.93933203125,6.35194140625,5.47443359375,6.9565703125,7.102921875,1.0905390625,-0.69826953125,1.707078125,0.71310546875,0.6005234375,8.1728203125
4.33523828125,7.3277265625,3.94676171875,4.864921875,0.58847265625,-0.622765625,9.64798046875,-1.581109375,6.7399296875,10.98063671875,16.27673828125,11.84859375,5.82735546875,8.18140234375,7.64137109375,-3.14908203125,-0.7423359375,6.97010546875,3.761140625,9.02533203125,6.76194140625,5.02443359375,6.2505703125,5.623921875,0.545539062499999,0.80373046875,0.168078125,-0.08289453125,0.1735234375,8.5088203125
3.07923828125,8.6667265625,4.09676171875,4.440921875,0.484472656249999,-1.194765625,8.95798046875,-0.976109375,6.8249296875,10.77363671875,14.68773828125,11.39359375,4.89935546875,7.21940234375,7.04637109375,-4.58508203125,-0.4573359375,5.82310546875,2.520140625,7.55833203125,6.57794140625,3.56843359375,4.6205703125,3.578921875,-0.831460937500001,1.59173046875,-2.212921875,-2.09389453125,-1.4864765625,7.6958203125
2.15423828125,10.4117265625,6.68676171875,4.242921875,0.792472656249999,-0.915765625,9.34898046875,-0.0491093750000005,7.0229296875,11.09563671875,13.96573828125,11.22759375,4.34335546875,6.37540234375,6.71037109375,-6.38108203125,-0.4153359375,4.69410546875,1.396140625,6.20533203125,6.07694140625,1.68643359375,2.8075703125,1.640921875,-2.4344609375,1.62973046875,-4.474921875,-4.53589453125,-3.7514765625,6.1978203125
1.93423828125,12.2467265625,10.56476171875,4.326921875,1.69447265625,0.253234375,10.65498046875,1.000890625,7.8259296875,12.18763671875,14.35473828125,11.41559375,4.54435546875,6.02240234375,7.16737109375,-7.80308203125,-0.6553359375,4.03910546875,0.891140625,5.55233203125,5.55194140625,0.16943359375,1.6725703125,0.477921875000001,-3.5754609375,1.09773046875,-5.589921875,-6.33789453125,-5.7204765625,4.7358203125
2.48723828125,13.7397265625,13.99576171875,4.604921875,3.08547265625,1.942234375,12.30898046875,1.780890625,9.4799296875,13.94763671875,15.63273828125,11.78259375,5.59235546875,6.28740234375,8.55537109375,-8.40708203125,-1.1913359375,4.14910546875,1.241140625,5.83333203125,5.16594140625,-0.33556640625,1.7945703125,0.482921875000001,-3.8354609375,0.28073046875,-4.951921875,-6.64489453125,-6.6204765625,3.9368203125
3.47623828125,14.4657265625,15.49076171875,4.861921875,4.52847265625,3.474234375,13.57298046875,1.829890625,11.6749296875,15.88063671875,17.16773828125,12.00359375,7.12135546875,6.95540234375,10.46137109375,-8.23608203125,-1.9803359375,5.00210546875,2.286140625,6.80133203125,4.87294140625,0.33943359375,3.1665703125,1.582921875,-3.2844609375,-0.56126953125,-2.709921875,-5.25989453125,-6.1764765625,4.0288203125
4.21123828125,14.1157265625,14.34676171875,4.791921875,5.36647265625,4.070234375,13.76898046875,0.725890625,13.4669296875,17.22063671875,18.09873828125,11.76659375,8.37535546875,7.51240234375,12.03737109375,-7.77908203125,-2.8963359375,6.24510546875,3.532140625,7.82833203125,4.47294140625,1.78543359375,5.1885703125,3.275921875,-2.4404609375,-1.26026953125,0.282078125,-2.76889453125,-4.7024765625,4.7848203125
3.88123828125,12.5527265625,10.72176171875,4.084921875,4.94647265625,3.096234375,12.46698046875,-1.826109375,13.4849296875,17.19763671875,17.60173828125,10.91359375,8.51535546875,7.32040234375,12.34837109375,-7.72108203125,-3.7543359375,7.35310546875,4.356140625,8.18833203125,3.73894140625,3.22143359375,6.9655703125,4.876921875,-1.9874609375,-1.72326953125,2.879078125,-0.23989453125,-2.8814765625,5.7018203125
1.89223828125,9.8287265625,5.31376171875,2.546921875,2.89647265625,0.281234375,9.58498046875,-5.905109375,10.5139296875,15.35463671875,15.19173828125,9.49259375,6.99035546875,5.90040234375,10.79137109375,-8.61808203125,-4.3743359375,7.88010546875,4.282140625,7.38133203125,2.54594140625,3.92443359375,7.7545703125,5.838921875,-2.4224609375,-1.90926953125,4.199078125,1.33710546875,-1.3684765625,6.2968203125
-1.79776171875,6.1777265625,-1.05523828125,0.216921875,-0.68052734375,-4.153765625,5.40798046875,-11.287109375,4.2599296875,11.78963671875,10.96073828125,7.68559375,3.81635546875,3.19340234375,7.39137109375,-10.61608203125,-4.6863359375,7.68210546875,3.209140625,5.36333203125,0.91994140625,3.60643359375,7.3295703125,5.995921875,-3.8314609375,-1.84126953125,4.020078125,1.56510546875,-0.4734765625,6.3538203125
-6.56576171875,2.0187265625,-7.71123828125,-2.595078125,-5.17652734375,-9.519765625,0.53198046875,-17.416109375,-4.1840703125,7.18263671875,5.63273828125,5.70759375,-0.379644531249999,-0.340597656250001,2.84337109375,-13.36008203125,-4.7843359375,6.99010546875,1.480140625,2.57633203125,-0.97505859375,2.55743359375,6.0735703125,5.606921875,-5.8784609375,-1.63426953125,2.842078125,0.81610546875,-0.0654765624999999,5.9918203125
-6.56576171875,2.0187265625,-7.71123828125,-2.595078125,-5.17652734375,-9.519765625,0.53198046875,-17.416109375,-4.1840703125,7.18263671875,5.63273828125,5.70759375,-0.379644531249999,-0.340597656250001,2.84337109375,-13.36008203125,-4.7843359375,6.99010546875,1.480140625,2.57633203125,-0.97505859375,2.55743359375,6.0735703125,5.606921875,-5.8784609375,-1.63426953125,2.842078125,0.81610546875,-0.0654765624999999,5.9918203125
