"Fp1","Fpz","Fp2","F7","F3","Fz","F4","F8","FC5","FC1","FC2","FC6","T7","C3","Cz","C4","T8","CP5","CP1","CP2","CP6","P7","P3","Pz","P4","P8","POz","O1","Oz","O2"
3.17308984375,0.60137109375,3.88227734375,2.6019296875,6.624125,6.0430546875,11.43842578125,4.3507890625,10.58193359375,7.4772734375,7.2738125,6.90685546875,8.2165625,6.71584765625,8.10710546875,10.78746875,4.814796875,7.57634765625,10.49016015625,7.45439453125,5.4651328125,11.712203125,5.23541015625,10.11565625,7.76117578125,4.693421875,8.80524609375,11.2419609375,7.65476171875,5.19382421875
3.28108984375,1.67937109375,4.79427734375,1.6719296875,5.891125,4.3290546875,11.17042578125,3.3537890625,9.07593359375,6.3172734375,6.4268125,7.37185546875,2.9825625,5.58184765625,7.35510546875,10.30746875,3.050796875,6.05534765625,9.26116015625,7.18839453125,5.9501328125,10.491203125,5.24741015625,9.64165625,6.89617578125,4.203421875,7.50824609375,9.1439609375,6.26976171875,3.52682421875
3.66608984375,2.68737109375,5.53427734375,1.4759296875,6.073125,3.9710546875,12.05142578125,3.3487890625,8.49193359375,5.9902734375,6.3988125,8.09885546875,-0.1464375,4.93884765625,7.27710546875,10.24046875,2.642796875,4.77334765625,8.54816015625,7.42039453125,6.6101328125,9.071203125,5.07141015625,9.57965625,6.55017578125,4.414421875,6.77724609375,7.7199609375,5.57876171875,2.84682421875
4.67608984375,4.00437109375,6.62027734375,1.9999296875,7.223125,5.1350546875,14.04342578125,4.4537890625,8.79793359375,6.6212734375,7.4198125,9.25185546875,-1.1754375,4.87284765625,8.02810546875,10.71046875,3.726796875,3.77334765625,8.46616015625,8.24639453125,7.4731328125,7.421203125,4.73641015625,10.02665625,6.80617578125,5.332421875,6.66424609375,6.9039609375,5.57476171875,3.17582421875
6.65208984375,6.10137109375,8.73327734375,3.0409296875,9.123125,7.6060546875,16.74642578125,6.4997890625,9.72093359375,8.1092734375,9.4868125,10.93785546875,-0.688437500000001,5.38084765625,9.59010546875,11.75046875,5.894796875,3.10334765625,9.05716015625,9.64139453125,8.5261328125,5.629203125,4.38041015625,10.97865625,7.61417578125,6.691421875,7.07424609375,6.4599609375,6.04876171875,4.23082421875
9.70308984375,9.22537109375,12.27527734375,4.3589296875,11.426125,10.9170546875,19.63242578125,9.1217890625,10.95293359375,10.2052734375,12.3448125,13.15385546875,0.5815625,6.42584765625,11.79310546875,13.31846875,8.325796875,2.86834765625,10.32916015625,11.50739453125,9.7371328125,3.934203125,4.22941015625,12.35765625,8.84517578125,8.067421875,7.84824609375,6.1899609375,6.73076171875,5.59482421875
13.54708984375,13.17437109375,17.04627734375,5.7779296875,13.809125,14.5290546875,22.28042578125,11.8817890625,12.30193359375,12.6272734375,15.5558125,15.73785546875,2.1275625,7.95684765625,14.37510546875,15.31646875,10.161796875,3.22534765625,12.27416015625,13.69939453125,11.0671328125,2.704203125,4.53841015625,14.05465625,10.34417578125,9.068421875,8.84224609375,6.0939609375,7.43976171875,6.91582421875
17.54508984375,17.32937109375,22.25727734375,7.1899296875,16.043125,17.9360546875,24.47342578125,14.3717890625,13.67393359375,15.1412734375,18.6308125,18.38085546875,3.7825625,9.88184765625,17.04410546875,17.59646875,10.870796875,4.30534765625,14.81816015625,16.04139453125,12.4571328125,2.349203125,5.49441015625,15.95865625,11.95617578125,9.499421875,9.96524609375,6.3729609375,8.15576171875,8.02482421875
20.96408984375,20.94337109375,26.91027734375,8.5069296875,17.978125,20.7300546875,26.17442578125,16.2917890625,14.97393359375,17.5742734375,21.1478125,20.68585546875,5.5865625,12.01684765625,19.51910546875,19.94346875,10.418796875,6.10734765625,17.76616015625,18.31439453125,13.8061328125,3.161203125,7.10741015625,17.95565625,13.51917578125,9.418421875,11.15624609375,7.2839609375,8.97176171875,8.91782421875
23.33408984375,23.50537109375,30.28327734375,9.6389296875,19.516125,22.7030546875,27.46342578125,17.5277890625,16.07593359375,19.7982734375,22.8458125,22.28785546875,7.5425625,14.07384765625,21.55310546875,22.08046875,9.181796875,8.42634765625,20.77216015625,20.26639453125,14.9491328125,5.170203125,9.17141015625,19.89365625,14.84717578125,9.049421875,12.32924609375,8.9449609375,9.97676171875,9.66282421875
24.64508984375,24.95237109375,32.23527734375,10.5079296875,20.618125,23.9120546875,28.46142578125,18.1647890625,16.85793359375,21.7052734375,23.6728125,22.98485546875,9.4345625,15.72684765625,22.96610546875,23.71446875,7.729796875,10.87834765625,23.39816015625,21.65639453125,15.6971328125,8.082203125,11.30841015625,21.57165625,15.74617578125,8.650421875,13.35224609375,11.2109609375,11.15276171875,10.30382421875
25.26008984375,25.63437109375,33.16127734375,11.0699296875,21.302125,24.5910546875,29.21542578125,18.4217890625,17.22693359375,23.1942734375,23.7768125,22.82785546875,10.8475625,16.72384765625,23.67810546875,24.63246875,6.635796875,13.00434765625,25.21716015625,22.30439453125,15.9201328125,11.332203125,13.07941015625,22.75165625,16.07217578125,8.404421875,14.06524609375,13.6789609375,12.35376171875,10.81182421875
25.63008984375,26.06937109375,33.69927734375,11.3069296875,21.625125,24.9570546875,29.63742578125,18.5297890625,17.10993359375,24.1622734375,23.4168125,22.09585546875,11.3775625,16.95984765625,23.71110546875,24.75146875,6.347796875,14.39534765625,25.91516015625,22.11739453125,15.6131328125,14.243203125,14.09841015625,23.20265625,15.76917578125,8.370421875,14.32624609375,15.8049609375,13.33876171875,11.07582421875
26.06708984375,26.65737109375,34.38127734375,11.2249296875,21.653125,25.0960546875,29.58742578125,18.6357890625,16.48793359375,24.5132734375,22.8398125,21.17385546875,10.8885625,16.46784765625,23.15010546875,24.13646875,7.116796875,14.80234765625,25.36916015625,21.10039453125,14.9001328125,16.212203125,14.12141015625,22.74265625,14.87917578125,8.500421875,14.03624609375,17.0629609375,13.82976171875,10.93782421875
26.63508984375,27.49937109375,35.39227734375,10.8609296875,21.434125,25.0050546875,29.04442578125,18.7817890625,15.46293359375,24.2032734375,22.1768125,20.36285546875,9.6425625,15.37084765625,22.08610546875,22.95146875,8.921796875,14.20034765625,23.66416015625,19.34939453125,13.9581328125,16.861203125,13.09341015625,21.29265625,13.51717578125,8.664421875,13.14824609375,17.0919609375,13.56776171875,10.26282421875
27.15808984375,28.37837109375,36.49927734375,10.2879296875,20.987125,24.6600546875,28.18842578125,18.9167890625,14.27193359375,23.2942734375,21.4328125,19.76185546875,8.2135625,13.84584765625,20.61010546875,21.40946875,11.410796875,12.77534765625,21.08516015625,17.06639453125,12.9401328125,16.109203125,11.17641015625,18.93365625,11.85617578125,8.708421875,11.68224609375,15.7949609375,12.41776171875,9.03682421875
27.28708984375,28.88737109375,37.15727734375,9.6289296875,20.313125,24.0540546875,27.31242578125,18.9337890625,13.21993359375,21.9892734375,20.5688125,19.28385546875,7.2245625,12.12484765625,18.84910546875,19.74246875,13.943796875,10.86734765625,18.06916015625,14.57739453125,11.9501328125,14.159203125,8.71941015625,15.94865625,10.13017578125,8.516421875,9.77224609375,13.3869609375,10.46976171875,7.42682421875
26.66308984375,28.62437109375,36.75827734375,9.0549296875,19.444125,23.2160546875,26.67142578125,18.7347890625,12.59393359375,20.6092734375,19.5968125,18.80485546875,7.0465625,10.50784765625,17.01610546875,18.18546875,15.786796875,8.88834765625,15.13516015625,12.31939453125,11.0541328125,11.443203125,6.19941015625,12.80665625,8.61117578125,8.047421875,7.68524609375,10.3529609375,8.07576171875,5.74982421875
25.12508984375,27.40237109375,34.93727734375,8.7699296875,18.507125,22.2600546875,26.38642578125,18.3027890625,12.60093359375,19.5122734375,18.6258125,18.30585546875,7.5945625,9.32784765625,15.40210546875,16.95846875,16.365796875,7.22934765625,12.78616015625,10.75739453125,10.2961328125,8.511203125,4.11741015625,10.06465625,7.55317578125,7.330421875,5.78824609375,7.3139609375,5.74676171875,4.36682421875
22.83908984375,25.38237109375,31.80827734375,8.9649296875,17.711125,21.3740546875,26.42242578125,17.7337890625,13.30693359375,18.9682734375,17.8148125,17.91385546875,8.3485625,8.86084765625,14.29810546875,16.22346875,15.463796875,6.17734765625,11.40316015625,10.21839453125,9.7161328125,5.902203125,2.86741015625,8.20265625,7.10817578125,6.444421875,4.43824609375,4.8349609375,3.96476171875,3.52982421875
20.24908984375,23.05737109375,27.99527734375,9.7329296875,17.266125,20.7270546875,26.62142578125,17.1917890625,14.55193359375,19.0592734375,17.2918125,17.80485546875,8.6415625,9.21084765625,13.88710546875,16.03546875,13.251796875,5.84234765625,11.13516015625,10.73739453125,9.3461328125,4.003203125,2.61041015625,7.47165625,7.24817578125,5.473421875,3.86124609375,3.2499609375,2.99876171875,3.28482421875
17.91508984375,21.08237109375,24.43127734375,10.9979296875,17.267125,20.3840546875,26.78242578125,16.8237890625,15.92693359375,19.6392734375,17.0758125,18.04085546875,8.0845625,10.22084765625,14.14310546875,16.30346875,10.220796875,6.14134765625,11.84716015625,11.99139453125,9.1751328125,2.962203125,3.22141015625,7.80365625,7.75417578125,4.468421875,4.04824609375,2.5909609375,2.80676171875,3.45282421875
16.32308984375,20.00537109375,21.99327734375,12.5119296875,17.650125,20.3170546875,26.76242578125,16.6897890625,16.93193359375,20.3882734375,17.0638125,18.46485546875,6.8775625,11.49884765625,14.82410546875,16.80246875,7.049796875,6.85034765625,13.15116015625,13.40739453125,9.1051328125,2.705203125,4.34041015625,8.83465625,8.28917578125,3.404421875,4.73724609375,2.6319609375,3.06376171875,3.71082421875
15.74108984375,20.04537109375,21.16927734375,13.9189296875,18.245125,20.4730546875,26.54642578125,16.7587890625,17.21593359375,20.9552734375,17.0908125,18.75485546875,5.7665625,12.57184765625,15.57010546875,17.24946875,4.474796875,7.71734765625,14.56216015625,14.40939453125,8.9671328125,3.025203125,5.52141015625,10.04965625,8.54217578125,2.190421875,5.50724609375,3.0269609375,3.33276171875,3.73082421875
16.14208984375,21.05637109375,21.91727734375,14.8909296875,18.856125,20.7780546875,26.20742578125,16.9317890625,16.75893359375,21.1112734375,17.0298125,18.62085546875,5.6285625,13.11484765625,16.09310546875,17.43146875,3.149796875,8.57134765625,15.68116015625,14.66139453125,8.6071328125,3.718203125,6.42241015625,10.98965625,8.38017578125,0.766421875,5.97124609375,3.4809609375,3.28676171875,3.32382421875
17.27608984375,22.65837109375,23.80627734375,15.2549296875,19.329125,21.1230546875,25.83742578125,17.1077890625,15.86093359375,20.8452734375,16.8748125,18.01085546875,6.9835625,13.10584765625,16.31110546875,17.29046875,3.479796875,9.36334765625,16.33616015625,14.20039453125,8.0081328125,4.663203125,6.92641015625,11.42865625,7.91317578125,-0.799578125000001,5.96124609375,3.8519609375,2.88376171875,2.52682421875
18.79308984375,24.44137109375,26.27327734375,15.0329296875,19.574125,21.3950546875,25.49342578125,17.2317890625,14.96493359375,20.3272734375,16.7268125,17.16385546875,9.7345625,12.78384765625,16.34510546875,16.93746875,5.434796875,10.11234765625,16.58016015625,13.35439453125,7.3021328125,5.801203125,7.13341015625,11.41265625,7.41717578125,-2.289578125,5.57424609375,4.1449609375,2.34076171875,1.58082421875
20.29808984375,26.02737109375,28.76027734375,14.3629296875,19.523125,21.5020546875,25.12742578125,17.2597890625,14.39793359375,19.7542734375,16.6788125,16.43785546875,13.2225625,12.43884765625,16.34910546875,16.53646875,8.448796875,10.79434765625,16.56616015625,12.51439453125,6.6831328125,7.038203125,7.21741015625,11.14165625,7.14917578125,-3.423578125,5.05524609375,4.4179609375,1.96276171875,0.798824218749999
21.27808984375,26.99737109375,30.65327734375,13.3419296875,19.044125,21.3050546875,24.49442578125,17.0557890625,14.16493359375,19.1632734375,16.6778125,16.01985546875,16.4565625,12.17684765625,16.31910546875,16.16046875,11.530796875,11.25334765625,16.38216015625,11.88539453125,6.2661328125,8.169203125,7.24541015625,10.78665625,7.18017578125,-3.989578125,4.61724609375,4.6849609375,1.93476171875,0.39882421875
21.08908984375,26.84437109375,31.22227734375,11.9469296875,17.913125,20.5520546875,23.13542578125,16.3507890625,13.91193359375,18.3602734375,16.4778125,15.74785546875,18.3885625,11.81984765625,16.02810546875,15.70946875,13.617796875,11.22334765625,15.96816015625,11.37339453125,6.0281328125,8.901203125,7.08641015625,10.35765625,7.33017578125,-3.915578125,4.31624609375,4.8889609375,2.21976171875,0.389824218749999
19.20208984375,25.12037109375,29.81827734375,10.1099296875,15.902125,18.9630546875,20.59242578125,14.8737890625,13.13693359375,17.0342734375,15.7338125,15.20285546875,18.2075625,11.01484765625,15.13610546875,14.96246875,13.994796875,10.44934765625,15.15116015625,10.66839453125,5.8411328125,8.980203125,6.48341015625,9.70865625,7.27417578125,-3.296578125,4.04424609375,4.9489609375,2.60276171875,0.58482421875
15.58108984375,21.75237109375,26.28027734375,7.8859296875,12.956125,16.4510546875,16.74942578125,12.5767890625,11.52493359375,14.9792734375,14.1868125,13.99485546875,15.6365625,9.47284765625,13.40510546875,13.73646875,12.541796875,8.84434765625,13.77716015625,9.46339453125,5.5521328125,8.328203125,5.23541015625,8.65465625,6.71717578125,-2.345578125,3.63524609375,4.8179609375,2.81576171875,0.71782421875
10.89908984375,17.27137109375,21.22427734375,5.5349296875,9.320125,13.2640546875,12.04142578125,9.7617890625,9.16493359375,12.2722734375,11.8238125,12.03485546875,11.0885625,7.16984765625,10.86510546875,12.00646875,9.702796875,6.57234765625,11.82716015625,7.65439453125,5.0731328125,7.077203125,3.34841015625,7.12765625,5.56317578125,-1.334578125,2.97924609375,4.5009609375,2.67976171875,0.58982421875
6.33208984375,12.73837109375,15.94927734375,3.4359296875,5.514125,9.9010546875,7.34742578125,6.9937890625,6.49893359375,9.2842734375,8.9248125,9.59585546875,5.5625625,4.41284765625,7.85010546875,9.93946875,6.239796875,4.00134765625,9.45516015625,5.41039453125,4.3991328125,5.495203125,1.07541015625,5.25265625,3.95717578125,-0.517578125000001,2.09824609375,4.0389609375,2.17276171875,0.149824218749999
3.05308984375,9.30937109375,11.90327734375,1.9249296875,2.155125,6.9130546875,3.64042578125,4.8597890625,4.09993359375,6.5282734375,5.9658125,7.16685546875,0.272562499999999,1.69484765625,4.85310546875,7.81246875,2.972796875,1.54934765625,6.93316015625,3.08939453125,3.5831328125,3.848203125,-1.18658984375,3.29765625,2.20617578125,-0.0735781250000009,1.12924609375,3.4739609375,1.41776171875,-0.496175781250001
1.69308984375,7.67937109375,9.99727734375,1.1419296875,-0.270875,4.7040546875,1.59042578125,3.7197890625,2.41393359375,4.4202734375,3.4298125,5.20285546875,-3.7704375,-0.547152343750001,2.31210546875,5.88946875,0.592796874999999,-0.484652343750001,4.52816015625,1.05239453125,2.6751328125,2.306203125,-3.05958984375,1.55365625,0.643175781249999,-0.0755781250000007,0.239246093750001,2.8469609375,0.60176171875,-1.15417578125
2.06708984375,7.75937109375,10.19527734375,0.9789296875,-1.607875,3.4110546875,1.31642578125,3.5617890625,1.58893359375,3.0942734375,1.6238125,3.92985546875,-6.0134375,-2.13315234375,0.43310546875,4.33746875,-0.466203125000002,-2.01165234375,2.40516015625,-0.48560546875,1.7041328125,0.935203124999999,-4.31358984375,0.20665625,-0.491824218750001,-0.478578125,-0.445753906249999,2.2189609375,-0.09423828125,-1.62017578125
3.37008984375,8.82937109375,11.67527734375,1.1459296875,-2.076875,2.8770546875,2.39142578125,4.0367890625,1.44693359375,2.3742734375,0.607812500000001,3.29885546875,-6.4034375,-3.16615234375,-0.831894531249999,3.21046875,-0.126203125000002,-3.13165234375,0.59516015625,-1.50560546875,0.717132812500001,-0.243796875000001,-4.91358984375,-0.704343750000001,-1.09382421875,-1.119578125,-0.878753906249999,1.6939609375,-0.532238281250001,-1.77217578125
4.71508984375,10.04937109375,13.43427734375,1.3149296875,-2.132875,2.7680546875,4.08442578125,4.6667890625,1.60593359375,1.9122734375,0.231812500000004,3.08985546875,-5.2774375,-3.90715234375,-1.67189453125,2.49346875,1.291796875,-4.01565234375,-0.95083984375,-2.12060546875,-0.180867187500001,-1.193796875,-4.97958984375,-1.25534375,-1.19482421875,-1.767578125,-1.06975390625,1.3959609375,-0.61923828125,-1.60917578125
5.65008984375,10.92637109375,14.87827734375,1.2789296875,-2.205875,2.7900546875,5.71242578125,5.0987890625,1.70093359375,1.4052734375,0.231812500000004,3.06485546875,-3.2164375,-4.59115234375,-2.26489453125,2.14246875,3.169796875,-4.78365234375,-2.27083984375,-2.47560546875,-0.8478671875,-1.842796875,-4.70758984375,-1.56634375,-0.92182421875,-2.218578125,-1.07575390625,1.4129609375,-0.34723828125,-1.26017578125
6.25908984375,11.43437109375,15.96027734375,1.0089296875,-2.500875,2.8220546875,6.85342578125,5.2237890625,1.54093359375,0.7422734375,0.320812500000002,3.06985546875,-0.9044375,-5.31115234375,-2.70189453125,2.08546875,4.831796875,-5.43465234375,-3.33983984375,-2.68460546875,-1.1648671875,-2.114796875,-4.30058984375,-1.74834375,-0.465824218750001,-2.387578125,-0.988753906249999,1.7179609375,0.17676171875,-0.924175781250001
6.82908984375,11.75637109375,16.85627734375,0.612929687499999,-2.981875,2.8520546875,7.34742578125,5.1037890625,1.10793359375,0.00927343750000276,0.259812500000002,3.03885546875,1.0055625,-6.00415234375,-2.99889453125,2.20646875,5.754796875,-5.87065234375,-4.06983984375,-2.81460546875,-1.1018671875,-1.983796875,-3.92958984375,-1.87734375,-0.0188242187500016,-2.351578125,-0.915753906249998,2.1699609375,0.743761718749999,-0.78417578125
7.39408984375,11.93637109375,17.51927734375,0.235929687499999,-3.489875,2.8330546875,7.18942578125,4.8147890625,0.464933593750001,-0.612726562499997,-0.0791874999999962,2.93685546875,2.0635625,-6.51715234375,-3.15989453125,2.34746875,5.670796875,-5.96865234375,-4.36483984375,-2.89460546875,-0.7358671875,-1.484796875,-3.71058984375,-1.98934375,0.282175781249999,-2.292578125,-0.939753906249999,2.5849609375,1.12276171875,-0.916175781250001
7.56808984375,11.68537109375,17.49727734375,-0.0170703124999996,-3.885875,2.6490546875,6.46742578125,4.3437890625,-0.284066406249998,-0.9757265625,-0.680187499999999,2.70485546875,2.1665625,-6.70815234375,-3.21989453125,2.36146875,4.570796875,-5.64665234375,-4.18483984375,-2.93760546875,-0.2338671875,-0.692796875000001,-3.67558984375,-2.09634375,0.381175781249999,-2.414578125,-1.09275390625,2.8549609375,1.16876171875,-1.26817578125
6.73608984375,10.48737109375,16.11227734375,-0.1310703125,-4.117875,2.1970546875,5.35342578125,3.5917890625,-0.976066406249998,-1.0457265625,-1.4171875,2.24785546875,1.6085625,-6.52115234375,-3.25089453125,2.16246875,2.683796875,-4.89365234375,-3.59283984375,-2.95460546875,0.1741328125,0.311203125,-3.76958984375,-2.20234375,0.27317578125,-2.854578125,-1.35575390625,3.0109609375,0.887761718749999,-1.69517578125
4.43108984375,7.91737109375,12.87327734375,-0.1890703125,-4.217875,1.4560546875,4.05642578125,2.4577890625,-1.40006640625,-0.913726562499999,-2.1301875,1.47785546875,0.9575625,-6.00815234375,-3.31989453125,1.74246875,0.449796874999999,-3.76965234375,-2.75883984375,-2.98660546875,0.2571328125,1.432203125,-3.87558984375,-2.30534375,-0.0478242187500015,-3.621578125,-1.67575390625,3.1929609375,0.430761718749999,-2.05517578125
0.669089843750001,3.97237109375,7.85227734375,-0.3240703125,-4.243875,0.489054687499998,2.74442578125,0.9417890625,-1.36406640625,-0.7227265625,-2.6961875,0.39885546875,0.780562499999999,-5.28915234375,-3.43389453125,1.15846875,-1.572203125,-2.40265234375,-1.89283984375,-3.08860546875,-0.1208671875,2.525203125,-3.85958984375,-2.39334375,-0.60182421875,-4.560578125,-1.98175390625,3.5379609375,0.0317617187499994,-2.29017578125
-3.95191015625,-0.794628906250001,1.78627734375,-0.6090703125,-4.201875,-0.5469453125,1.53842578125,-0.771210937500001,-0.776066406249999,-0.570726562499999,-3.0441875,-0.832144531250002,1.3465625,-4.50415234375,-3.52389453125,0.519468750000001,-2.875203125,-1.00065234375,-1.16983984375,-3.28560546875,-0.923867187499999,3.370203125,-3.62058984375,-2.43934375,-1.37882421875,-5.383578125,-2.21275390625,4.0519609375,-0.123238281250001,-2.44117578125
-8.42191015625,-5.42362890625,-4.13372265625,-0.9740703125,-4.000875,-1.3879453125,0.571425781249999,-2.3122109375,0.312933593750001,-0.454726562499999,-3.1451875,-1.90614453125,2.4365625,-3.78515234375,-3.48589453125,-0.0365312499999995,-3.195203125,0.155347656249999,-0.68383984375,-3.53860546875,-1.9458671875,3.693203125,-3.14858984375,-2.43234375,-2.28782421875,-5.775578125,-2.34375390625,4.5539609375,-0.0102382812500004,-2.60817578125
-11.67791015625,-8.87562890625,-8.64172265625,-1.2410703125,-3.514875,-1.7359453125,0.0114257812500007,-3.2622109375,1.67093359375,-0.305726562499999,-2.9931875,-2.47214453125,3.3765625,-3.25815234375,-3.26189453125,-0.375531249999998,-2.607203125,0.755347656249999,-0.480839843750001,-3.75960546875,-2.8798671875,3.259203125,-2.56358984375,-2.41434375,-3.15782421875,-5.527578125,-2.41475390625,4.7349609375,0.19176171875,-2.88717578125
-12.97091015625,-10.36662890625,-10.76472265625,-1.2680703125,-2.710875,-1.4329453125,-0.00757421875000119,-3.3472109375,2.88293359375,-0.0907265624999987,-2.6241875,-2.30114453125,3.3065625,-3.06315234375,-2.90989453125,-0.441531250000001,-1.473203125,0.546347656249999,-0.609839843749999,-3.87360546875,-3.4398671875,1.988203125,-2.11458984375,-2.47134375,-3.80082421875,-4.629578125,-2.50375390625,4.3289609375,0.20576171875,-3.31317578125
-12.10191015625,-9.63362890625,-10.10972265625,-1.0920703125,-1.748875,-0.5879453125,0.527425781249999,-2.5972109375,3.44493359375,0.1002734375,-2.1411875,-1.43614453125,1.6065625,-3.34215234375,-2.61589453125,-0.30453125,-0.270203125000002,-0.564652343750002,-1.14983984375,-3.88660546875,-3.4908671875,0.0192031249999989,-2.09658984375,-2.69534375,-4.11182421875,-3.295578125,-2.68675390625,3.2799609375,-0.168238281250001,-3.83917578125
-9.48991015625,-7.06862890625,-7.04372265625,-0.9710703125,-0.961875000000003,0.4620546875,1.44642578125,-1.3712109375,2.96293359375,0.0562734374999998,-1.7261875,-0.237144531249999,-1.7254375,-4.20615234375,-2.63489453125,-0.174531250000001,0.553796874999999,-2.45365234375,-2.15383984375,-3.89260546875,-3.1198671875,-2.298796875,-2.72158984375,-3.13634375,-4.13182421875,-1.907578125,-3.00275390625,1.8109609375,-0.935238281250001,-4.35517578125
-6.08391015625,-3.63662890625,-2.66672265625,-1.2850703125,-0.724875000000001,1.2850546875,2.40642578125,-0.262210937500001,1.32493359375,-0.461726562499997,-1.6031875,0.722855468749998,-5.9534375,-5.66215234375,-3.17689453125,-0.311531249999998,0.670796874999999,-4.79565234375,-3.57683984375,-4.02260546875,-2.5998671875,-4.522796875,-3.99358984375,-3.77634375,-4.03482421875,-0.877578125,-3.45775390625,0.315960937499998,-1.91423828125,-4.75017578125
-3.07291015625,-0.530628906250001,1.53627734375,-2.3250703125,-1.287875,1.5020546875,2.97742578125,0.145789062499999,-1.24006640625,-1.5747265625,-1.9381875,0.922855468749999,-9.8774375,-7.54615234375,-4.28189453125,-0.892531250000001,-0.0562031250000015,-7.15665234375,-5.23383984375,-4.36060546875,-2.2358671875,-6.239796875,-5.67558984375,-4.52134375,-4.02982421875,-0.467578125,-4.02975390625,-0.829039062500001,-2.83823828125,-4.95417578125
-1.42591015625,1.32937109375,4.30927734375,-4.0650703125,-2.613875,0.934054687499998,2.85142578125,-0.4362109375,-4.22706640625,-3.1587265625,-2.7331875,0.172855468750001,-12.3854375,-9.49815234375,-5.73589453125,-1.89853125,-1.484203125,-9.09665234375,-6.81583984375,-4.86860546875,-2.1748671875,-7.171796875,-7.34158984375,-5.20734375,-4.22982421875,-0.660578125000001,-4.66075390625,-1.4180390625,-3.47923828125,-4.95917578125
-1.43591015625,1.69537109375,5.17727734375,-6.0600703125,-4.319875,-0.254945312500002,2.07942578125,-1.7922109375,-6.96706640625,-4.8227265625,-3.7641875,-1.24414453125,-12.9644375,-11.02715234375,-7.10589453125,-3.07453125,-3.138203125,-10.26265234375,-7.95483984375,-5.35460546875,-2.3228671875,-7.210796875,-8.50958984375,-5.62334375,-4.56782421875,-1.169578125,-5.22875390625,-1.4510390625,-3.70123828125,-4.77817578125
-2.59291015625,1.04137109375,4.57827734375,-7.5800703125,-5.767875,-1.5519453125,1.11642578125,-3.2602109375,-8.81006640625,-6.0197265625,-4.6331875,-2.68314453125,-11.8884375,-11.65815234375,-7.88989453125,-4.01753125,-4.317203125,-10.44065234375,-8.32383984375,-5.52560546875,-2.4048671875,-6.410796875,-8.79258984375,-5.55234375,-4.79782421875,-1.579578125,-5.53075390625,-1.0610390625,-3.47023828125,-4.39617578125
-3.93891015625,0.212371093749997,3.46327734375,-7.9690703125,-6.344875,-2.3419453125,0.575425781250001,-4.0762109375,-9.35006640625,-6.2757265625,-4.9211875,-3.45014453125,-9.9494375,-11.10315234375,-7.71989453125,-4.33953125,-4.369203125,-9.59165234375,-7.73483984375,-5.11460546875,-2.1158671875,-4.952796875,-8.02658984375,-4.84334375,-4.60782421875,-1.534578125,-5.32775390625,-0.407039062500003,-2.81423828125,-3.76717578125
-4.67691015625,-0.11962890625,2.63627734375,-7.0140703125,-5.770875,-2.2609453125,0.83942578125,-3.8252109375,-8.59706640625,-5.4327265625,-4.3711875,-3.15014453125,-7.9614375,-9.39215234375,-6.53589453125,-3.85453125,-3.032203125,-7.87465234375,-6.22683984375,-4.02260546875,-1.2968671875,-3.125796875,-6.33558984375,-3.50134375,-3.78982421875,-0.881578125000001,-4.45275390625,0.381960937499999,-1.82623828125,-2.86717578125
-4.61491015625,0.136371093749997,2.26127734375,-5.0770703125,-4.254875,-1.3909453125,1.85542578125,-2.6702109375,-6.93306640625,-3.7407265625,-3.0371875,-1.87814453125,-6.3374375,-6.90615234375,-4.63689453125,-2.67153125,-0.625203125000001,-5.63265234375,-4.08583984375,-2.40060546875,-0.0368671875000004,-1.286796875,-4.09958984375,-1.73934375,-2.36382421875,0.263421875,-2.94375390625,1.1819609375,-0.68023828125,-1.76817578125
-4.16791015625,0.492371093749998,1.87027734375,-2.9200703125,-2.386875,-0.154945312500001,3.21542578125,-1.2412109375,-4.89606640625,-1.7477265625,-1.2761875,-0.15914453125,-4.9874375,-4.26515234375,-2.55689453125,-1.14853125,2.070796875,-3.30865234375,-1.76983984375,-0.602605468750001,1.3571328125,0.211203124999999,-1.82458984375,0.0736562499999991,-0.605824218750001,1.549421875,-1.08475390625,1.8489609375,0.38676171875,-0.65117578125
-3.96891015625,0.300371093749998,0.838277343750001,-1.3050703125,-0.833875000000003,0.957054687499998,4.39942578125,-0.2442109375,-2.95106640625,-0.0307265624999999,0.420812500000004,1.34385546875,-3.5354375,-2.08715234375,-0.821894531250001,0.281468750000002,4.182796875,-1.29465234375,0.25116015625,0.97539453125,2.5001328125,1.123203125,0.0364101562499997,1.55465625,1.07517578125,2.548421875,0.695246093750001,2.2429609375,1.15776171875,0.272824218749999
-4.36491015625,-0.699628906250002,-1.01172265625,-0.6250703125,-0.0298750000000005,1.6270546875,5.01742578125,-0.0592109374999996,-1.37306640625,1.0652734375,1.6668125,2.15485546875,-1.6994375,-0.74515234375,0.28310546875,1.30246875,5.135796875,0.195347656249999,1.68416015625,2.06339453125,3.1191328125,1.391203125,1.22241015625,2.47465625,2.30817578125,2.929421875,2.01824609375,2.2979609375,1.55176171875,0.86482421875
-5.15791015625,-2.11762890625,-3.12572265625,-0.7690703125,-0.0168750000000024,1.8170546875,4.94542578125,-0.5642109375,-0.251066406249999,1.5292734375,2.3298125,2.16285546875,0.437562499999999,-0.257152343750001,0.778105468750001,1.80346875,4.805796875,1.14634765625,2.48816015625,2.60439453125,3.1411328125,1.138203125,1.68341015625,2.81165625,2.88517578125,2.578421875,2.69524609375,2.0549609375,1.64176171875,1.09182421875
-5.77191015625,-3.16662890625,-4.51872265625,-1.2820703125,-0.529875000000001,1.7030546875,4.31542578125,-1.2792109375,0.449933593750002,1.5572734375,2.4968125,1.57385546875,2.4215625,-0.38615234375,0.86510546875,1.83546875,3.419796875,1.62734765625,2.81416015625,2.69339453125,2.6551328125,0.553203125,1.49541015625,2.67065625,2.77717578125,1.590421875,2.71924609375,1.6179609375,1.56976171875,0.985824218749999
-5.72191015625,-3.21062890625,-4.42272265625,-1.6990703125,-1.231875,1.4860546875,3.38242578125,-1.7212109375,0.797933593750001,1.3512734375,2.3218125,0.711855468749999,3.6745625,-0.836152343750001,0.72510546875,1.49246875,1.346796875,1.67334765625,2.84216015625,2.45839453125,1.8161328125,-0.222796875,0.76841015625,2.16665625,2.07017578125,0.205421875,2.18324609375,1.0829609375,1.43476171875,0.572824218749999
-5.00191015625,-2.19862890625,-2.82272265625,-1.8060703125,-1.918875,1.2030546875,2.38042578125,-1.6962109375,0.841933593750001,0.9862734375,1.8898125,-0.160144531250001,3.8145625,-1.40115234375,0.40810546875,0.830468750000001,-1.016203125,1.25534765625,2.67316015625,1.96539453125,0.775132812500001,-1.125796875,-0.38158984375,1.36965625,0.920175781249998,-1.271578125,1.21324609375,0.519960937499999,1.24876171875,-0.13617578125
-4.08791015625,-0.673628906250002,-0.483722656250002,-1.6670703125,-2.557875,0.745054687499998,1.48742578125,-1.3442109375,0.632933593750002,0.450273437500002,1.2098125,-0.890144531250002,2.8425625,-1.98715234375,-0.132894531250001,-0.123531249999999,-3.229203125,0.367347656249999,2.31916015625,1.21939453125,-0.3318671875,-2.097796875,-1.77558984375,0.32865625,-0.47282421875,-2.524578125,-0.0367539062499986,0.00996093749999893,0.99576171875,-1.09717578125
-3.59991015625,0.570371093749998,1.47327734375,-1.4800703125,-3.194875,0.0340546874999994,0.87142578125,-0.964210937500001,0.293933593750001,-0.235726562499998,0.296812500000001,-1.42314453125,1.1125625,-2.55815234375,-0.920894531250001,-1.29653125,-4.795203125,-0.857652343750001,1.77716015625,0.24539453125,-1.3708671875,-3.004796875,-3.13158984375,-0.853343750000001,-1.86882421875,-3.288578125,-1.37275390625,-0.324039062500002,0.69476171875,-2.17717578125
-3.91091015625,0.936371093749997,2.16127734375,-1.4100703125,-3.833875,-0.8229453125,0.704425781249999,-0.7952109375,0.0159335937500007,-0.9437265625,-0.750187499999999,-1.75414453125,-0.868437500000001,-3.06215234375,-1.87189453125,-2.51953125,-5.266203125,-2.12165234375,1.09916015625,-0.84560546875,-2.2158671875,-3.635796875,-4.10458984375,-2.00034375,-3.02582421875,-3.412578125,-2.57575390625,-0.341039062500002,0.424761718749999,-3.14817578125
-4.95991015625,0.308371093749997,1.33927734375,-1.5220703125,-4.417875,-1.5929453125,1.06342578125,-0.9262109375,-0.0460664062499987,-1.4787265625,-1.7541875,-1.91914453125,-2.6644375,-3.40515234375,-2.78589453125,-3.54753125,-4.461203125,-3.03765234375,0.404160156249999,-1.87060546875,-2.7648671875,-3.810796875,-4.41758984375,-2.90334375,-3.76482421875,-2.905578125,-3.44675390625,0.030960937499998,0.28476171875,-3.76217578125
-6.30291015625,-0.94262890625,-0.517722656250001,-1.8080703125,-4.874875,-2.0779453125,1.83542578125,-1.3082109375,0.122933593750002,-1.6867265625,-2.5371875,-1.99914453125,-4.0714375,-3.48115234375,-3.44589453125,-4.16853125,-2.642203125,-3.29465234375,-0.17483984375,-2.64960546875,-2.9848671875,-3.501796875,-4.01158984375,-3.41734375,-4.03782421875,-1.946578125,-3.88875390625,0.712960937499998,0.32076171875,-3.87217578125
-7.31691015625,-2.19362890625,-2.47572265625,-2.2480703125,-5.183875,-2.2079453125,2.74442578125,-1.8212109375,0.392933593750001,-1.5607265625,-3.0231875,-2.10414453125,-5.1394375,-3.25715234375,-3.73489453125,-4.31453125,-0.481203125,-2.81865234375,-0.561839843750001,-3.10860546875,-2.9468671875,-2.887796875,-3.10458984375,-3.55334375,-3.95982421875,-0.845578125,-3.97475390625,1.4489609375,0.44976171875,-3.52917578125
-7.46191015625,-2.88762890625,-3.59072265625,-2.8250703125,-5.384875,-2.0219453125,3.47342578125,-2.3322109375,0.587933593750002,-1.2607265625,-3.2641875,-2.33914453125,-6.0394375,-2.83615234375,-3.69189453125,-4.09853125,1.197796875,-1.84165234375,-0.782839843750001,-3.31360546875,-2.8208671875,-2.287796875,-2.12758984375,-3.49834375,-3.76082421875,0.0364218749999994,-3.95375390625,1.8859609375,0.454761718749999,-2.99217578125
-6.50091015625,-2.74462890625,-3.28072265625,-3.4930703125,-5.526875,-1.6249453125,3.77642578125,-2.7202109375,0.594933593750001,-1.0267265625,-3.3681875,-2.73514453125,-6.8304375,-2.42215234375,-3.46289453125,-3.73353125,1.744796875,-0.817652343750002,-0.95083984375,-3.41060546875,-2.7868671875,-2.005796875,-1.53958984375,-3.50234375,-3.67182421875,0.394421875,-4.13775390625,1.7419609375,0.0957617187499995,-2.61417578125
-4.54191015625,-1.76662890625,-1.45372265625,-4.1060703125,-5.589875,-1.1489453125,3.58242578125,-2.8582109375,0.433933593750002,-1.0237265625,-3.3871875,-3.18014453125,-7.2724375,-2.20415234375,-3.17789453125,-3.38853125,0.908796874999999,-0.208652343750002,-1.18083984375,-3.50560546875,-2.9278671875,-2.172796875,-1.62458984375,-3.72134375,-3.80582421875,0.0904218749999997,-4.73775390625,0.966960937499998,-0.727238281250001,-2.67117578125
-1.93191015625,-0.120628906250001,1.59927734375,-4.4040703125,-5.443875,-0.676945312500003,3.06842578125,-2.6012109375,0.27593359375,-1.2377265625,-3.2591875,-3.43114453125,-6.8634375,-2.22915234375,-2.86889453125,-3.07453125,-1.107203125,-0.25265234375,-1.51583984375,-3.58360546875,-3.1758671875,-2.675796875,-2.34958984375,-4.11834375,-4.10382421875,-0.795578125,-5.72975390625,-0.204039062500001,-1.89223828125,-3.21517578125
0.913089843750001,1.96337109375,5.38627734375,-4.0880703125,-4.888875,-0.172945312500001,2.63242578125,-1.8082109375,0.394933593750002,-1.4627265625,-2.8471875,-3.19414453125,-5.1374375,-2.36715234375,-2.46889453125,-2.63553125,-3.710203125,-0.83265234375,-1.87583984375,-3.51560546875,-3.3538671875,-3.201796875,-3.36958984375,-4.48134375,-4.37282421875,-1.997578125,-6.85275390625,-1.3440390625,-3.08523828125,-4.04017578125
3.62108984375,4.26137109375,9.37527734375,-2.9550703125,-3.767875,0.495054687499998,2.72442578125,-0.4102109375,1.04293359375,-1.3977265625,-2.0221875,-2.26214453125,-2.0374375,-2.36515234375,-1.86289453125,-1.82853125,-6.066203125,-1.51065234375,-2.08083984375,-3.12660546875,-3.2488671875,-3.356796875,-4.16458984375,-4.53334375,-4.37182421875,-3.122578125,-7.70275390625,-1.9950390625,-3.92623828125,-4.76617578125
5.94508984375,6.61537109375,13.13927734375,-1.0010703125,-2.050875,1.4740546875,3.63842578125,1.5527890625,2.33093359375,-0.767726562499998,-0.711187499999998,-0.587144531250001,1.8985625,-1.95715234375,-0.943894531250001,-0.459531249999998,-7.301203125,-1.72165234375,-1.89983984375,-2.27760546875,-2.6758671875,-2.825796875,-4.25058984375,-4.05534375,-3.88782421875,-3.746578125,-7.89375390625,-1.8430390625,-4.11523828125,-5.00617578125
7.84008984375,8.97737109375,16.45527734375,1.5719296875,0.160124999999999,2.8670546875,5.41242578125,3.9407890625,4.19393359375,0.564273437500002,1.0898125,1.69485546875,5.6635625,-0.981152343750001,0.341105468749999,1.49946875,-6.773203125,-1.04765234375,-1.16183984375,-0.939605468750001,-1.5608671875,-1.503796875,-3.38058984375,-2.99934375,-2.83082421875,-3.530578125,-7.22875390625,-0.835039062500002,-3.56123828125,-4.55017578125
9.42508984375,11.33737109375,19.26327734375,4.3989296875,2.667125,4.7000546875,7.85342578125,6.5367890625,6.41793359375,2.5262734375,3.2858125,4.27185546875,8.1775625,0.51784765625,1.93110546875,3.83346875,-4.387203125,0.559347656249999,0.128160156249999,0.759394531249999,-0.00686718749999926,0.412203125,-1.67358984375,-1.56634375,-1.30582421875,-2.379578125,-5.82875390625,0.776960937499998,-2.44823828125,-3.48517578125
10.75708984375,13.52637109375,21.43227734375,6.9969296875,5.175125,6.8350546875,10.56442578125,8.9927890625,8.66593359375,4.7912734375,5.6288125,6.66585546875,8.7355625,2.24884765625,3.59810546875,6.09046875,-0.753203125000001,2.70634765625,1.69916015625,2.51239453125,1.6611328125,2.450203125,0.38241015625,-0.182343750000001,0.348175781249999,-0.538578125000001,-4.14475390625,2.4979609375,-1.19923828125,-2.18217578125
11.55408984375,15.04237109375,22.51027734375,8.8139296875,7.259125,8.8470546875,12.93242578125,10.7887890625,10.48893359375,6.8162734375,7.6668125,8.29285546875,7.2915625,3.72584765625,4.96110546875,7.68946875,2.945796875,4.68534765625,3.04616015625,3.88339453125,2.9701328125,4.013203125,2.08141015625,0.63365625,1.63417578125,1.447421875,-2.80775390625,3.7619609375,-0.30023828125,-1.14117578125
11.16608984375,15.11037109375,21.71627734375,9.3419296875,8.435125,10.0710546875,14.20242578125,11.3187890625,11.40393359375,7.9912734375,8.8298125,8.61185546875,4.4285625,4.43384765625,5.58710546875,8.11846875,5.423796875,5.75534765625,3.60816015625,4.42939453125,3.4551328125,4.607203125,2.75741015625,0.48565625,2.06517578125,2.916421875,-2.36975390625,4.1419609375,-0.0892382812500001,-0.77317578125
8.93208984375,13.06737109375,18.34227734375,8.3229296875,8.351125,9.9050546875,13.75642578125,10.1587890625,11.10793359375,7.8882734375,8.6478125,7.36585546875,1.0805625,4.03284765625,5.17010546875,7.16146875,5.833796875,5.45334765625,3.02116015625,3.89039453125,2.8581328125,4.061203125,2.08041015625,-0.705343750000001,1.39717578125,3.360421875,-3.05875390625,3.5249609375,-0.61623828125,-1.20017578125
4.71008984375,8.84937109375,12.33427734375,5.9229296875,7.034125,8.2030546875,11.47342578125,7.3697890625,9.66293359375,6.4922734375,7.0288125,4.78485546875,-1.7974375,2.54684765625,3.70610546875,5.05646875,4.109796875,3.81534765625,1.33116015625,2.35539453125,1.2841328125,2.615203125,0.23941015625,-2.62634375,-0.208824218750001,2.658421875,-4.64975390625,2.1709609375,-1.60723828125,-2.19317578125
-0.823910156249998,3.25937109375,4.65327734375,2.7569296875,4.964125,5.4250546875,7.89442578125,3.6037890625,7.51593359375,4.2742734375,4.4148125,1.61085546875,-3.4884375,0.409847656249999,1.57010546875,2.47146875,0.960796874999999,1.38034765625,-0.967839843749999,0.284394531249999,-0.763867187499999,0.835203125,-2.09658984375,-4.64934375,-2.18282421875,1.175421875,-6.51975390625,0.631960937499999,-2.57023828125,-3.27717578125
-6.34691015625,-2.24962890625,-2.94872265625,-0.303070312500001,2.930125,2.4590546875,4.06842578125,-0.1032109375,5.30693359375,2.0322734375,1.6678125,-1.13614453125,-3.6664375,-1.66215234375,-0.59189453125,0.27446875,-2.454203125,-1.01765234375,-3.10683984375,-1.63660546875,-2.5438671875,-0.635796875,-4.03658984375,-6.06734375,-3.74482421875,-0.370578125000001,-7.89975390625,-0.438039062500001,-2.98123828125,-3.93817578125
-10.45891015625,-6.21462890625,-8.67172265625,-2.4650703125,1.703125,0.246054687499999,1.12542578125,-2.7462109375,3.60893359375,0.5562734375,-0.285187499999999,-2.58114453125,-2.4924375,-2.96615234375,-2.10989453125,-0.80753125,-4.971203125,-2.60165234375,-4.36583984375,-2.78460546875,-3.3758671875,-1.344796875,-4.84458984375,-6.38134375,-4.24682421875,-1.242578125,-8.20375390625,-0.543039062500002,-2.51723828125,-3.85717578125
-12.35191015625,-7.86862890625,-11.53772265625,-3.3210703125,1.706125,-0.6079453125,-0.196574218750001,-3.7882109375,2.71793359375,0.290273437500002,-0.869187499999999,-2.39414453125,-0.5754375,-3.10715234375,-2.57289453125,-0.495531249999999,-5.832203125,-2.96065234375,-4.38583984375,-2.86060546875,-2.9548671875,-1.204796875,-4.25658984375,-5.51234375,-3.46282421875,-1.033578125,-7.29175390625,0.438960937499997,-1.21023828125,-3.02817578125
-12.18991015625,-7.47462890625,-11.84772265625,-2.9660703125,2.835125,-0.0969453125000008,0.137425781249998,-3.3632109375,2.57093359375,1.1542734375,-0.110187499999999,-0.936144531250001,1.2685625,-2.16615234375,-1.99689453125,0.935468750000002,-4.920203125,-2.17165234375,-3.32083984375,-2.00960546875,-1.4828671875,-0.479796875000002,-2.57758984375,-3.82134375,-1.69782421875,0.154421875,-5.51075390625,2.1829609375,0.552761718749999,-1.73517578125
-10.92691015625,-6.07162890625,-10.89572265625,-1.8700703125,4.517125,1.1960546875,1.49842578125,-2.1452109375,2.83193359375,2.6312734375,1.4248125,0.948855468749999,2.3885625,-0.631152343750001,-0.783894531250001,2.78946875,-2.772203125,-0.70165234375,-1.74383984375,-0.740605468750001,0.4311328125,0.371203124999999,-0.54258984375,-1.94734375,0.355175781249999,1.782421875,-3.50475390625,4.0269609375,2.19576171875,-0.413175781250001
-9.67591015625,-4.80862890625,-10.14672265625,-0.591070312500001,6.002125,2.4340546875,2.97242578125,-0.948210937500001,3.10293359375,4.0332734375,2.9328125,2.36485546875,2.5765625,0.846847656249999,0.47110546875,4.26146875,-0.347203125000002,0.841347656249999,-0.368839843750001,0.32139453125,2.0411328125,0.901203124999999,1.02241015625,-0.531343750000001,1.92917578125,3.153421875,-1.90875390625,5.2429609375,3.17976171875,0.53382421875
-9.07691015625,-4.33762890625,-10.42572265625,0.4589296875,6.716125,2.9880546875,3.82642578125,-0.317210937500001,3.12393359375,4.8122734375,3.7498125,2.76485546875,2.0435625,1.74484765625,1.24510546875,4.77346875,1.389796875,1.95334765625,0.28016015625,0.70339453125,2.7641328125,0.847203124999999,1.54941015625,0.0236562500000002,2.51017578125,3.728421875,-1.09675390625,5.3509609375,3.21576171875,0.88282421875
-9.10591015625,-4.62962890625,-11.66272265625,1.0929296875,6.468125,2.6940546875,3.77242578125,-0.3722109375,2.81193359375,4.7462734375,3.5848125,2.09985546875,1.1295625,1.84384765625,1.27310546875,4.15746875,1.868796875,2.36434765625,0.0731601562499993,0.26339453125,2.3901328125,0.210203125,0.94041015625,-0.32234375,2.02917578125,3.338421875,-1.07275390625,4.3269609375,2.36776171875,0.655824218749999
-9.37991015625,-5.24762890625,-13.23372265625,1.2579296875,5.431125,1.7640546875,2.91142578125,-0.942210937500001,2.15993359375,3.9222734375,2.5308125,0.68085546875,0.0185624999999998,1.24084765625,0.59410546875,2.62646875,1.049796875,2.04034765625,-0.742839843750001,-0.823605468750001,1.1171328125,-0.793796875,-0.46858984375,-1.29734375,0.820175781249999,2.210421875,-1.55775390625,2.5879609375,1.01476171875,0.0578242187499995
-9.57291015625,-5.78962890625,-14.54072265625,0.941929687499999,3.957125,0.544054687499997,1.52042578125,-1.8012109375,1.16093359375,2.6102734375,0.913812500000002,-1.08514453125,-1.3104375,0.210847656249999,-0.54789453125,0.600468750000001,-0.738203125000002,1.11034765625,-1.73683984375,-2.20060546875,-0.590867187499999,-1.859796875,-2.13058984375,-2.49934375,-0.609824218750001,0.789421874999999,-2.20075390625,0.761960937499998,-0.34823828125,-0.66517578125
-9.62291015625,-6.15062890625,-15.35772265625,0.1629296875,2.404125,-0.655945312500002,-0.103574218750001,-2.7992109375,-0.136066406249999,1.1112734375,-0.892187499999999,-2.88914453125,-2.8624375,-0.965152343750001,-1.85489453125,-1.48053125,-3.060203125,-0.20165234375,-2.53283984375,-3.51460546875,-2.2458671875,-2.724796875,-3.55658984375,-3.59734375,-1.84682421875,-0.513578125,-2.77175390625,-0.604039062500002,-1.35223828125,-1.36817578125
-9.63691015625,-6.47162890625,-15.79572265625,-0.979070312500001,1.034125,-1.6149453125,-1.71157421875,-3.8522109375,-1.54306640625,-0.330726562500001,-2.5731875,-4.55214453125,-4.3844375,-2.09115234375,-3.07389453125,-3.27253125,-5.520203125,-1.61965234375,-2.95983984375,-4.52960546875,-3.5138671875,-3.231796875,-4.48558984375,-4.42834375,-2.72582421875,-1.482578125,-3.24175390625,-1.2540390625,-1.89923828125,-2.05317578125
-9.68091015625,-6.86562890625,-15.99772265625,-2.2540703125,0.00412499999999838,-2.2139453125,-3.11757421875,-4.8392109375,-2.73506640625,-1.5317265625,-3.8861875,-5.93714453125,-5.3224375,-3.05215234375,-4.01089453125,-4.55353125,-7.731203125,-2.84665234375,-3.04483984375,-5.14560546875,-4.2688671875,-3.310796875,-4.91858984375,-4.96934375,-3.30982421875,-2.102578125,-3.70175390625,-1.2240390625,-2.11423828125,-2.79317578125
-9.59991015625,-7.17462890625,-15.85072265625,-3.3060703125,-0.582875000000001,-2.4049453125,-4.16257421875,-5.5232109375,-3.34906640625,-2.3357265625,-4.6341875,-6.85314453125,-5.0984375,-3.74815234375,-4.50089453125,-5.19553125,-9.239203125,-3.62465234375,-2.91283984375,-5.34260546875,-4.5368671875,-2.932796875,-5.01258984375,-5.24134375,-3.75182421875,-2.428578125,-4.22475390625,-0.714039062500001,-2.17823828125,-3.59617578125
-8.99791015625,-6.94562890625,-14.93672265625,-3.7450703125,-0.640875000000001,-2.1429453125,-4.68957421875,-5.5672109375,-3.12506640625,-2.6067265625,-4.6691875,-7.06014453125,-3.5184375,-4.07215234375,-4.41389453125,-5.15353125,-9.572203125,-3.79665234375,-2.65983984375,-5.12460546875,-4.4148671875,-2.089796875,-4.95158984375,-5.24634375,-4.16882421875,-2.500578125,-4.77275390625,0.0649609374999986,-2.16923828125,-4.33617578125
-7.41391015625,-5.65362890625,-12.74472265625,-3.2980703125,-0.133875000000003,-1.3929453125,-4.56057421875,-4.6782109375,-2.02806640625,-2.2877265625,-3.9631875,-6.41114453125,-1.0144375,-3.95215234375,-3.73689453125,-4.48753125,-8.475203125,-3.37165234375,-2.32683984375,-4.53260546875,-4.0368671875,-0.844796875,-4.85258984375,-4.99334375,-4.59082421875,-2.342578125,-5.23075390625,0.961960937499998,-2.05923828125,-4.81717578125
-4.63291015625,-3.03662890625,-9.02772265625,-1.9630703125,0.842124999999998,-0.252945312500003,-3.77757421875,-2.8252109375,-0.345066406249998,-1.4957265625,-2.6901875,-5.01314453125,1.5145625,-3.43315234375,-2.65089453125,-3.41253125,-6.149203125,-2.53865234375,-1.94483984375,-3.71060546875,-3.5788671875,0.613203124999999,-4.76558984375,-4.56934375,-5.00782421875,-2.047578125,-5.51775390625,1.8489609375,-1.81423828125,-4.93217578125
-0.901910156249997,0.667371093749999,-4.06372265625,-0.0550703124999998,2.005125,0.942054687499997,-2.57357421875,-0.3562109375,1.37493359375,-0.5687265625,-1.2581875,-3.28114453125,3.1665625,-2.71415234375,-1.53689453125,-2.30153125,-3.308203125,-1.61565234375,-1.61583984375,-2.94060546875,-3.2568671875,1.956203125,-4.73358984375,-4.16934375,-5.42982421875,-1.817578125,-5.67175390625,2.5599609375,-1.52223828125,-4.79117578125
3.13508984375,4.76837109375,1.38927734375,1.8929296875,2.969125,1.7200546875,-1.34257421875,2.1057890625,2.54993359375,0.0332734375000001,-0.211187499999998,-1.79914453125,3.4735625,-2.08815234375,-0.842894531250002,-1.60153125,-0.913203125000001,-0.92565234375,-1.50883984375,-2.58160546875,-3.2898671875,2.811203125,-4.82358984375,-4.05034375,-5.90882421875,-1.910578125,-5.85575390625,2.8939609375,-1.41323828125,-4.69117578125
6.78208984375,8.45837109375,6.46327734375,3.3539296875,3.423125,1.7530546875,-0.452574218750001,3.9577890625,2.86093359375,-0.0757265624999981,-0.0041874999999969,-1.05314453125,2.5045625,-1.80915234375,-0.879894531250001,-1.66053125,0.259796874999999,-0.668652343750001,-1.76783984375,-2.89860546875,-3.8068671875,2.905203125,-5.10858984375,-4.39234375,-6.48782421875,-2.486578125,-6.24075390625,2.6859609375,-1.75323828125,-4.93117578125
9.66508984375,11.25837109375,10.65827734375,4.0089296875,3.288125,1.0740546875,-0.0585742187499996,4.9077890625,2.39593359375,-1.0007265625,-0.778187499999998,-1.17714453125,0.6725625,-1.95015234375,-1.64189453125,-2.55253125,-0.0422031250000003,-0.84865234375,-2.39283984375,-3.89960546875,-4.7298671875,2.206203125,-5.58958984375,-5.15934375,-7.10882421875,-3.454578125,-6.83975390625,1.9259609375,-2.63523828125,-5.58617578125
11.84108984375,13.20937109375,14.02827734375,3.8409296875,2.734125,0.0500546874999976,-0.0895742187499984,5.0777890625,1.54593359375,-2.4887265625,-2.2691875,-1.89014453125,-1.5434375,-2.34615234375,-2.80189453125,-4.01453125,-1.486203125,-1.29565234375,-3.18283984375,-5.27260546875,-5.7258671875,0.969203124999999,-6.13758984375,-6.05334375,-7.56482421875,-4.441578125,-7.42375390625,0.826960937499998,-3.83623828125,-6.40217578125
13.55408984375,14.64337109375,16.89227734375,3.0669296875,2.044125,-0.839945312500003,-0.34657421875,4.8337890625,0.748933593750001,-4.0447265625,-3.9491875,-2.67514453125,-3.7474375,-2.69715234375,-3.88789453125,-5.54853125,-3.380203125,-1.75365234375,-3.80883984375,-6.51260546875,-6.3188671875,-0.355796875000001,-6.51458984375,-6.63534375,-7.55982421875,-4.947578125,-7.59675390625,-0.232039062500002,-4.86823828125,-6.90217578125
14.84408984375,15.73137109375,19.31427734375,1.9829296875,1.426125,-1.2789453125,-0.677574218749999,4.5027890625,0.25993359375,-5.1807265625,-5.3061875,-3.09914453125,-5.6244375,-2.76115234375,-4.54089453125,-6.66153125,-5.025203125,-2.00265234375,-3.99083984375,-7.14460546875,-6.1308671875,-1.309796875,-6.47758984375,-6.55334375,-6.85482421875,-4.612578125,-7.02375390625,-0.869039062500002,-5.21323828125,-6.65317578125
15.34908984375,16.20037109375,20.81327734375,0.822929687499999,0.874124999999998,-1.3099453125,-1.11157421875,4.1567890625,0.0329335937500019,-5.6497265625,-6.0911875,-3.06914453125,-6.9054375,-2.51915234375,-4.69789453125,-7.10853125,-5.977203125,-1.96765234375,-3.66183984375,-6.96360546875,-5.1018671875,-1.641796875,-5.94058984375,-5.74534375,-5.42682421875,-3.436578125,-5.63875390625,-0.893039062500002,-4.61123828125,-5.52917578125
14.48808984375,15.47937109375,20.59127734375,-0.300070312500001,0.193124999999998,-1.3489453125,-1.87457421875,3.6177890625,-0.234066406249999,-5.5597265625,-6.3941875,-2.84814453125,-7.4044375,-2.19815234375,-4.60389453125,-7.00453125,-6.104203125,-1.75565234375,-3.03183984375,-6.13460546875,-3.5498671875,-1.421796875,-5.05558984375,-4.49434375,-3.53382421875,-1.808578125,-3.72175390625,-0.410039062500001,-3.20523828125,-3.81117578125
11.92908984375,13.17537109375,18.11927734375,-1.3270703125,-0.845875000000003,-1.9319453125,-3.22557421875,2.6737890625,-0.885066406249999,-5.2977265625,-6.5371875,-2.84614453125,-7.0964375,-2.14715234375,-4.65989453125,-6.75753125,-5.497203125,-1.62265234375,-2.49883984375,-5.12660546875,-2.0518671875,-1.006796875,-4.18458984375,-3.32334375,-1.65182421875,-0.344578125000001,-1.79175390625,0.232960937499998,-1.47823828125,-2.07217578125
7.98808984375,9.49537109375,13.63327734375,-2.1560703125,-2.289875,-3.3249453125,-5.18757421875,1.3327890625,-2.05106640625,-5.2927265625,-6.8491875,-3.33314453125,-6.1634375,-2.63515234375,-5.19489453125,-6.82953125,-4.365203125,-1.84265234375,-2.44083984375,-4.47760546875,-1.2048671875,-0.839796875000001,-3.72158984375,-2.75534375,-0.294824218750001,0.388421875,-0.36775390625,0.627960937499997,-0.0152382812500003,-0.89317578125
3.63708984375,5.31837109375,8.17727734375,-2.6030703125,-3.875875,-5.2639453125,-7.40157421875,-0.095210937500001,-3.50006640625,-5.7497265625,-7.4541875,-4.25714453125,-4.9464375,-3.67215234375,-6.24589453125,-7.45453125,-2.993203125,-2.54765234375,-2.98883984375,-4.50360546875,-1.3428671875,-1.189796875,-3.88058984375,-3.04734375,0.215175781249998,0.141421875,0.275246093750001,0.544960937499997,0.77676171875,-0.57417578125
0.0650898437500018,1.83737109375,3.15327734375,-2.4850703125,-5.091875,-7.0439453125,-9.23057421875,-1.1522109375,-4.74706640625,-6.5057265625,-8.1581875,-5.26214453125,-3.8144375,-4.95115234375,-7.46589453125,-8.48053125,-1.708203125,-3.62365234375,-3.91583984375,-5.11160546875,-2.3678671875,-1.989796875,-4.55858984375,-4.04134375,-0.103824218750001,-0.897578125000001,0.242246093750001,0.057960937499999,0.85476171875,-0.99717578125
-1.89091015625,-0.011628906250003,-0.328722656250001,-1.7580703125,-5.405875,-7.9029453125,-10.07357421875,-1.5022109375,-5.31706640625,-7.1167265625,-8.5481875,-5.88014453125,-3.0194375,-5.96415234375,-8.25689453125,-9.42853125,-0.806203125000001,-4.75165234375,-4.73883984375,-5.84660546875,-3.7988671875,-2.876796875,-5.38658984375,-5.22234375,-0.91582421875,-2.207578125,-0.0677539062499992,-0.514039062500002,0.50276171875,-1.74517578125
-2.09791015625,-0.00462890625000156,-1.91472265625,-0.604070312500001,-4.547875,-7.4159453125,-9.66157421875,-1.1342109375,-5.00906640625,-7.1287265625,-8.2501875,-5.79414453125,-2.6424375,-6.26615234375,-8.10589453125,-9.78053125,-0.488203125000002,-5.57165234375,-4.99483984375,-6.17960546875,-5.0598671875,-3.439796875,-5.95258984375,-6.00534375,-1.79282421875,-3.249578125,-0.244753906249999,-0.850039062500002,0.0827617187499996,-2.40417578125
-1.09291015625,1.29137109375,-2.07372265625,0.5879296875,-2.695875,-5.7059453125,-8.21057421875,-0.381210937500001,-4.00906640625,-6.3657265625,-7.1981875,-5.02414453125,-2.6164375,-5.73215234375,-6.91189453125,-9.29253125,-0.847203125000002,-5.88565234375,-4.52783984375,-5.83460546875,-5.7988671875,-3.493796875,-6.04558984375,-6.07134375,-2.45082421875,-3.770578125,-0.152753906249998,-0.874039062500001,-0.22823828125,-2.82117578125
0.243089843750003,2.85337109375,-1.74172265625,1.3609296875,-0.413875000000001,-3.3949453125,-6.33257421875,0.2457890625,-2.81406640625,-5.0307265625,-5.7021875,-3.91314453125,-2.7784375,-4.63415234375,-5.07789453125,-8.13253125,-1.886203125,-5.76365234375,-3.56883984375,-4.93360546875,-6.0128671875,-3.191796875,-5.76358984375,-5.50734375,-2.84582421875,-3.877578125,-0.000753906249999048,-0.822039062500002,-0.52923828125,-3.14217578125
1.14608984375,3.75337109375,-1.78572265625,1.3929296875,1.604125,-1.3009453125,-4.74257421875,0.3287890625,-1.99706640625,-3.5767265625,-4.2761875,-2.91514453125,-2.8994375,-3.47915234375,-3.27989453125,-6.74853125,-3.478203125,-5.46365234375,-2.57583984375,-3.86760546875,-5.9018671875,-2.886796875,-5.40558984375,-4.68534375,-3.05082421875,-3.842578125,-0.14375390625,-1.0570390625,-1.03423828125,-3.60717578125
1.31008984375,3.59537109375,-2.55372265625,0.654929687499999,2.869125,-0.0329453125000008,-3.87457421875,-0.2192109375,-1.91106640625,-2.4537265625,-3.3621875,-2.32914453125,-2.7364375,-2.73615234375,-2.10589453125,-5.57953125,-5.301203125,-5.26165234375,-1.95083984375,-3.01960546875,-5.6208671875,-2.889796875,-5.24158984375,-3.99334375,-3.08382421875,-3.820578125,-0.789753906249999,-1.7980390625,-1.83823828125,-4.29117578125
0.93608984375,2.62037109375,-3.77672265625,-0.5870703125,3.244125,0.2670546875,-3.68757421875,-1.1412109375,-2.53106640625,-1.9347265625,-3.1521875,-2.17914453125,-2.1694375,-2.63615234375,-1.80589453125,-4.83953125,-6.847203125,-5.29465234375,-1.84983984375,-2.56460546875,-5.1568671875,-3.287796875,-5.35058984375,-3.63334375,-2.84282421875,-3.737578125,-1.84575390625,-2.9640390625,-2.81823828125,-5.00717578125
0.471089843750001,1.44937109375,-4.82772265625,-1.9610703125,2.852125,-0.1659453125,-3.81257421875,-2.0462109375,-3.56706640625,-2.0967265625,-3.5871875,-2.31514453125,-1.3534375,-3.14415234375,-2.29289453125,-4.51053125,-7.585203125,-5.54765234375,-2.20283984375,-2.48760546875,-4.4198671875,-3.957796875,-5.62658984375,-3.61434375,-2.23482421875,-3.402578125,-3.00375390625,-4.2520390625,-3.71923828125,-5.46217578125
0.266089843750002,0.699371093749999,-5.12372265625,-3.2300703125,1.849125,-1.0239453125,-3.90657421875,-2.7022109375,-4.74106640625,-2.9197265625,-4.4731875,-2.60714453125,-0.7614375,-4.07515234375,-3.30589453125,-4.49153125,-7.195203125,-5.95265234375,-2.86083984375,-2.71760546875,-3.4188671875,-4.727796875,-5.92458984375,-3.87734375,-1.34482421875,-2.732578125,-3.97275390625,-5.3650390625,-4.36223828125,-5.50517578125
0.410089843750001,0.681371093749998,-4.43072265625,-4.3940703125,0.309124999999998,-2.1279453125,-3.88857421875,-3.1512109375,-5.96906640625,-4.3467265625,-5.5831875,-3.05214453125,-1.0334375,-5.22615234375,-4.58789453125,-4.71953125,-5.703203125,-6.49465234375,-3.73483984375,-3.23360546875,-2.3618671875,-5.525796875,-6.19958984375,-4.40834375,-0.499824218750001,-1.885578125,-4.65475390625,-6.1940390625,-4.76823828125,-5.26117578125
0.820089843750001,1.35137109375,-2.89472265625,-5.5820703125,-1.688875,-3.3639453125,-3.88257421875,-3.5852109375,-7.31006640625,-6.2417265625,-6.6881875,-3.70914453125,-2.6544375,-6.42315234375,-5.93489453125,-5.15953125,-3.465203125,-7.21665234375,-4.77983984375,-4.02260546875,-1.5848671875,-6.413796875,-6.51758984375,-5.21434375,-0.10482421875,-1.183578125,-5.14275390625,-6.8100390625,-5.11023828125,-5.02917578125
1.42108984375,2.45737109375,-0.884722656250002,-6.8370703125,-3.887875,-4.5379453125,-3.99257421875,-4.1042109375,-8.78906640625,-8.3047265625,-7.5371875,-4.53414453125,-5.6214375,-7.47415234375,-7.13689453125,-5.70553125,-1.012203125,-8.11565234375,-5.87783984375,-4.95060546875,-1.3378671875,-7.454796875,-6.94258984375,-6.20434375,-0.375824218750001,-0.893578125,-5.55675390625,-7.2760390625,-5.50723828125,-5.02417578125
2.22808984375,3.73337109375,1.22227734375,-7.9710703125,-5.794875,-5.3449453125,-4.16257421875,-4.5752109375,-10.26306640625,-10.0537265625,-7.8611875,-5.27314453125,-9.2694375,-8.12115234375,-7.92889453125,-6.10653125,1.149796875,-9.02365234375,-6.74183984375,-5.69960546875,-1.5948671875,-8.558796875,-7.40858984375,-7.09234375,-1.13982421875,-1.013578125,-5.86575390625,-7.4830390625,-5.84123828125,-5.18117578125
3.30708984375,5.00137109375,3.14527734375,-8.5860703125,-6.819875,-5.4979453125,-4.19457421875,-4.6732109375,-11.40206640625,-10.9517265625,-7.4641875,-5.52214453125,-12.3794375,-8.08915234375,-8.03689453125,-6.03753125,2.690796875,-9.59365234375,-6.97383984375,-5.86260546875,-2.0388671875,-9.408796875,-7.68458984375,-7.46834375,-1.88082421875,-1.227578125,-5.85975390625,-7.1350390625,-5.76123828125,-5.16817578125
4.67908984375,6.14537109375,4.70927734375,-8.2660703125,-6.548875,-4.8849453125,-3.86557421875,-4.0672109375,-11.79206640625,-10.6417265625,-6.3521875,-4.94514453125,-13.6384375,-7.22115234375,-7.33389453125,-5.28853125,3.492796875,-9.42265234375,-6.27383984375,-5.17460546875,-2.2468671875,-9.589796875,-7.47958984375,-7.00434375,-2.01582421875,-1.070578125,-5.29575390625,-5.9370390625,-4.90423828125,-4.60917578125
6.26508984375,7.08837109375,5.85227734375,-6.8200703125,-4.994875,-3.6799453125,-3.07957421875,-2.6512109375,-11.12006640625,-9.1657265625,-4.8181875,-3.50814453125,-12.2884375,-5.62715234375,-5.98589453125,-3.95253125,3.550796875,-8.26965234375,-4.66883984375,-3.72360546875,-1.9508671875,-8.819796875,-6.62058984375,-5.69434375,-1.24082421875,-0.212578125,-4.09675390625,-3.8260390625,-3.17523828125,-3.36117578125
7.89608984375,7.79537109375,6.65527734375,-4.4730703125,-2.678875,-2.3629453125,-1.96957421875,-0.6742109375,-9.40406640625,-7.0387265625,-3.3781875,-1.57214453125,-8.6244375,-3.71715234375,-4.44289453125,-2.47653125,2.872796875,-6.22665234375,-2.58983984375,-1.99160546875,-1.2028671875,-7.164796875,-5.19358984375,-3.91834375,0.26717578125,1.311421875,-2.45875390625,-1.1090390625,-0.878238281250001,-1.65317578125
9.38008984375,8.30437109375,7.33727734375,-1.8450703125,-0.453875,-1.5679453125,-0.88457421875,1.3117890625,-7.07906640625,-5.0787265625,-2.5691875,0.239855468750001,-3.9614375,-2.07915234375,-3.27589453125,-1.48953125,1.485796875,-3.74365234375,-0.72683984375,-0.663605468750001,-0.352867187499999,-5.061796875,-3.55158984375,-2.30634375,1.92217578125,3.077421875,-0.795753906249999,1.6109609375,1.38576171875,-0.00117578125000062
10.56208984375,8.66937109375,8.12627734375,0.269929687499999,0.838124999999998,-1.7659453125,-0.226574218749999,2.6797890625,-4.85306640625,-4.0707265625,-2.6921875,1.31885546875,-0.00943750000000065,-1.24515234375,-2.91589453125,-1.49853125,-0.437203125000002,-1.47765234375,0.282160156249999,-0.30660546875,0.1521328125,-3.136796875,-2.17358984375,-1.44734375,3.01417578125,4.453421875,0.426246093750001,3.6589609375,2.96676171875,1.02982421875
11.30308984375,8.86137109375,9.05227734375,1.2409296875,0.716124999999998,-2.9879453125,-0.272574218750002,2.9987890625,-3.39606640625,-4.4087265625,-3.6571875,1.34285546875,1.9665625,-1.47215234375,-3.45089453125,-2.59653125,-2.466203125,-0.00865234375000057,0.13616015625,-1.09860546875,-0.00186718750000026,-1.909796875,-1.45658984375,-1.62334375,3.05117578125,4.882421875,0.869246093750001,4.5659609375,3.42176171875,1.08482421875
11.42608984375,8.71037109375,9.81627734375,0.8669296875,-0.768875000000001,-4.8089453125,-1.07257421875,2.1877890625,-3.06906640625,-5.9267265625,-5.0301875,0.39285546875,1.7085625,-2.63215234375,-4.59489453125,-4.39253125,-3.967203125,0.403347656249999,-1.02783984375,-2.76360546875,-0.8268671875,-1.560796875,-1.55858984375,-2.70134375,1.98417578125,4.130421875,0.428246093750001,4.2479609375,2.66676171875,0.141824218749999
10.71108984375,7.95737109375,9.87827734375,-0.540070312500001,-3.109875,-6.6059453125,-2.45757421875,0.523789062499999,-3.81206640625,-8.0017265625,-6.2581875,-1.12314453125,-0.0484375000000004,-4.27515234375,-5.84489453125,-6.18653125,-4.368203125,-0.0906523437500013,-2.75083984375,-4.74860546875,-2.0358671875,-1.892796875,-2.37158984375,-4.24834375,0.181175781249999,2.388421875,-0.763753906249999,2.9989609375,0.962761718749999,-1.51917578125
9.00908984375,6.38637109375,8.71227734375,-2.3090703125,-5.578875,-7.8809453125,-4.10357421875,-1.4932109375,-5.20306640625,-9.8887265625,-6.9601875,-2.67814453125,-2.0844375,-5.85915234375,-6.76689453125,-7.32253125,-3.480203125,-1.07065234375,-4.52583984375,-6.52160546875,-3.2188671875,-2.489796875,-3.62058984375,-5.79134375,-1.80282421875,0.164421874999999,-2.44275390625,1.2839609375,-1.24223828125,-3.47117578125
6.35808984375,3.92437109375,6.07227734375,-3.7320703125,-7.546875,-8.4739453125,-5.64457421875,-3.3552109375,-6.66306640625,-11.1077265625,-7.1191875,-3.87814453125,-3.3694375,-7.01215234375,-7.23689453125,-7.50953125,-1.664203125,-2.12165234375,-6.05283984375,-7.80460546875,-4.0678671875,-2.995796875,-5.02958984375,-7.06734375,-3.50782421875,-1.945578125,-4.34075390625,-0.516039062500003,-3.52423828125,-5.33317578125
2.98308984375,0.68537109375,2.10527734375,-4.3960703125,-8.730875,-8.6189453125,-6.84257421875,-4.7532109375,-7.73506640625,-11.6537265625,-7.0711875,-4.60414453125,-3.5054375,-7.68915234375,-7.49989453125,-6.92353125,0.293796874999998,-3.06465234375,-7.34083984375,-8.64660546875,-4.5168671875,-3.321796875,-6.44658984375,-8.10834375,-4.74682421875,-3.485578125,-6.26875390625,-2.2640390625,-5.61223828125,-6.88617578125
-0.810910156249999,-3.08162890625,-2.73272265625,-4.3220703125,-9.270875,-8.8389453125,-7.71757421875,-5.6802109375,-8.28206640625,-11.9377265625,-7.3121875,-5.00014453125,-2.7454375,-8.11315234375,-7.99689453125,-6.09053125,1.530796875,-3.98965234375,-8.61383984375,-9.29860546875,-4.7128671875,-3.662796875,-7.85258984375,-9.11134375,-5.59282421875,-4.256578125,-8.11075390625,-4.0140390625,-7.39123828125,-8.08517578125
-4.74791015625,-7.06262890625,-7.86372265625,-3.8650703125,-9.577875,-9.6699453125,-8.52357421875,-6.3592109375,-8.46406640625,-12.4867265625,-8.2181875,-5.33514453125,-1.6784375,-8.57015234375,-9.07689453125,-5.60053125,1.468796875,-5.08565234375,-10.08583984375,-10.02260546875,-4.8878671875,-4.326796875,-9.27158984375,-10.22034375,-6.23682421875,-4.318578125,-9.77575390625,-5.8300390625,-8.81423828125,-8.96917578125
-8.58991015625,-10.94462890625,-12.76572265625,-3.4360703125,-10.048875,-11.3259453125,-9.54657421875,-7.0422109375,-8.50306640625,-13.6027265625,-9.8401875,-5.83214453125,-0.8564375,-9.19315234375,-10.77689453125,-5.85253125,0.0387968749999992,-6.41365234375,-11.76383984375,-10.92860546875,-5.2298671875,-5.474796875,-10.65158984375,-11.37034375,-6.83882421875,-3.917578125,-11.15275390625,-7.6160390625,-9.82623828125,-9.55017578125
-12.09991015625,-14.42162890625,-17.03172265625,-3.2640703125,-10.825875,-13.5419453125,-10.88257421875,-7.8292109375,-8.46706640625,-15.1577265625,-11.8401875,-6.56414453125,-0.584437500000001,-9.86715234375,-12.75989453125,-6.90953125,-2.328203125,-7.77865234375,-13.37783984375,-11.91860546875,-5.8058671875,-6.954796875,-11.79558984375,-12.28434375,-7.43282421875,-3.374578125,-12.09775390625,-9.0830390625,-10.33823828125,-9.74717578125
-15.02691015625,-17.19762890625,-20.38272265625,-3.3100703125,-11.752875,-15.7169453125,-12.36457421875,-8.6252109375,-8.24806640625,-16.6537265625,-13.6261875,-7.45214453125,-0.898437500000001,-10.28515234375,-14.45289453125,-8.54053125,-4.883203125,-8.79165234375,-14.49383984375,-12.75760546875,-6.5668671875,-8.324796875,-12.40758984375,-12.61734375,-7.93782421875,-2.958578125,-12.45375390625,-9.8700390625,-10.26823828125,-9.43417578125
-17.15391015625,-19.05162890625,-22.68672265625,-3.3760703125,-12.524875,-17.2349453125,-13.65057421875,-9.2422109375,-7.71406640625,-17.4997265625,-14.6261875,-8.35914453125,-1.6474375,-10.14515234375,-15.31589453125,-10.38153125,-6.877203125,-9.07765234375,-14.73283984375,-13.23160546875,-7.4098671875,-9.081796875,-12.24358984375,-12.16634375,-8.24882421875,-2.819578125,-12.14175390625,-9.7680390625,-9.62823828125,-8.56117578125
-18.39691015625,-19.95762890625,-24.01172265625,-3.2890703125,-12.881875,-17.7459453125,-14.41157421875,-9.5562109375,-6.88106640625,-17.3547265625,-14.5731875,-9.20714453125,-2.5924375,-9.36315234375,-15.14089453125,-12.12353125,-7.866203125,-8.51765234375,-14.01283984375,-13.29960546875,-8.2798671875,-8.943796875,-11.27258984375,-11.03434375,-8.36082421875,-2.996578125,-11.26775390625,-8.8810390625,-8.59923828125,-7.28517578125
-18.87691015625,-20.15562890625,-24.64872265625,-3.0580703125,-12.749875,-17.2959453125,-14.51257421875,-9.6172109375,-5.97406640625,-16.3237265625,-13.6481875,-10.04214453125,-3.4544375,-8.16815234375,-14.16689453125,-13.61753125,-7.882203125,-7.34865234375,-12.63683984375,-13.14360546875,-9.2058671875,-8.010796875,-9.76158984375,-9.64034375,-8.42482421875,-3.473578125,-10.15175390625,-7.6350390625,-7.52523828125,-5.98517578125
-18.93091015625,-20.09462890625,-25.04172265625,-2.8850703125,-12.252875,-16.2909453125,-14.10957421875,-9.6462109375,-5.35506640625,-14.9037265625,-12.3711875,-10.98514453125,-3.9194375,-7.01115234375,-12.95889453125,-14.85253125,-7.352203125,-6.05465234375,-11.17583984375,-13.05360546875,-10.2428671875,-6.711796875,-8.19458984375,-8.53934375,-8.67082421875,-4.200578125,-9.23375390625,-6.5960390625,-6.78123828125,-5.12417578125
-19.00091015625,-20.25362890625,-25.63172265625,-3.0330703125,-11.626875,-15.3109453125,-13.56757421875,-9.9092109375,-5.34706640625,-13.7047265625,-11.3261875,-12.09914453125,-3.6584375,-6.33015234375,-12.10589453125,-15.84453125,-6.821203125,-5.11865234375,-10.19383984375,-13.23160546875,-11.3578671875,-5.582796875,-7.06958984375,-8.16234375,-9.23482421875,-5.059578125,-8.87475390625,-6.2070390625,-6.60523828125,-5.03417578125
-19.45791015625,-20.95262890625,-26.68472265625,-3.6520703125,-11.089875,-14.8199453125,-13.24057421875,-10.5552109375,-6.05606640625,-13.1437265625,-10.8901875,-13.28214453125,-2.4534375,-6.34915234375,-11.94689453125,-16.54353125,-6.658203125,-4.81265234375,-9.98583984375,-13.64460546875,-12.3918671875,-5.007796875,-6.67758984375,-8.62034375,-10.05182421875,-5.863578125,-9.19375390625,-6.6080390625,-7.00323828125,-5.74917578125
-20.46991015625,-22.25562890625,-28.21872265625,-4.6900703125,-10.780875,-14.9679453125,-13.29057421875,-11.5432109375,-7.31506640625,-13.3027265625,-11.1331875,-14.28814453125,-0.3934375,-7.02615234375,-12.48689453125,-16.83953125,-6.940203125,-5.12765234375,-10.48683984375,-14.05160546875,-13.1158671875,-5.090796875,-7.01858984375,-9.68934375,-10.87882421875,-6.423578125,-10.03975390625,-7.6330390625,-7.78723828125,-7.01017578125
-22.01391015625,-23.99162890625,-30.04172265625,-5.9580703125,-10.763875,-15.6269453125,-13.70657421875,-12.7092109375,-8.79506640625,-13.9767265625,-11.8711875,-14.86814453125,2.0085625,-8.13015234375,-13.46589453125,-16.64453125,-7.561203125,-5.86765234375,-11.36883984375,-14.16360546875,-13.3588671875,-5.681796875,-7.87058984375,-10.94834375,-11.44982421875,-6.656578125,-11.08975390625,-8.9490390625,-8.69223828125,-8.40817578125
-23.94791015625,-25.85862890625,-31.89072265625,-7.2540703125,-11.059875,-16.5699453125,-14.44757421875,-13.8942109375,-10.19106640625,-14.8387265625,-12.8061875,-14.93714453125,3.9335625,-9.36015234375,-14.51989453125,-15.98653125,-8.413203125,-6.77165234375,-12.23783984375,-13.83060546875,-13.0858671875,-6.502796875,-8.93758984375,-11.96334375,-11.61782421875,-6.624578125,-12.00375390625,-10.2370390625,-9.47923828125,-9.56917578125
-26.06491015625,-27.57062890625,-33.56672265625,-8.4350703125,-11.620875,-17.5709453125,-15.50057421875,-15.0102109375,-11.31206640625,-15.5617265625,-13.6521875,-14.62714453125,4.5875625,-10.41815234375,-15.31389453125,-15.03653125,-9.471203125,-7.60265234375,-12.79483984375,-13.10960546875,-12.4318671875,-7.262796875,-9.95858984375,-12.43734375,-11.41682421875,-6.501578125,-12.55075390625,-11.2930390625,-9.99523828125,-10.27617578125
-28.12891015625,-28.96162890625,-35.02872265625,-9.4130703125,-12.277875,-18.3959453125,-16.80157421875,-16.0072109375,-12.05306640625,-15.8827265625,-14.1911875,-14.20814453125,3.5875625,-11.03615234375,-15.61689453125,-14.04953125,-10.699203125,-8.16265234375,-12.89583984375,-12.19760546875,-11.6328671875,-7.731796875,-10.73358984375,-12.25534375,-10.99282421875,-6.452578125,-12.63675390625,-12.0100390625,-10.17423828125,-10.47717578125
-29.95291015625,-30.02962890625,-36.41372265625,-10.1120703125,-12.752875,-18.8029453125,-18.15457421875,-16.8312109375,-12.32506640625,-15.6127265625,-14.2831875,-13.93814453125,1.1865625,-10.98115234375,-15.30689453125,-13.25353125,-11.885203125,-8.28765234375,-12.51083984375,-11.28460546875,-10.9068671875,-7.742796875,-11.08658984375,-11.45534375,-10.47682421875,-6.519578125,-12.24975390625,-12.2980390625,-9.98023828125,-10.20917578125
-31.48891015625,-30.89762890625,-37.97472265625,-10.4830703125,-12.759875,-18.6299453125,-19.24757421875,-17.4302109375,-12.04206640625,-14.6647265625,-13.8631875,-13.92514453125,-1.7644375,-10.09615234375,-14.35489453125,-12.73053125,-12.588203125,-7.83365234375,-11.64883984375,-10.43160546875,-10.3248671875,-7.192796875,-10.83258984375,-10.14334375,-9.87082421875,-6.572578125,-11.37275390625,-12.0140390625,-9.34323828125,-9.50617578125
-32.80291015625,-31.70262890625,-39.90472265625,-10.5220703125,-12.139875,-17.8699453125,-19.76457421875,-17.7832109375,-11.14206640625,-13.0957265625,-12.9441875,-14.09614453125,-4.1384375,-8.36115234375,-12.81689453125,-12.37253125,-12.312203125,-6.70865234375,-10.32983984375,-9.54760546875,-9.7748671875,-6.062796875,-9.79258984375,-8.44534375,-9.03982421875,-6.379578125,-9.96175390625,-10.9930390625,-8.16023828125,-8.36817578125
-33.89491015625,-32.44862890625,-42.10672265625,-10.2880703125,-10.931875,-16.6329453125,-19.50857421875,-17.8922109375,-9.64506640625,-11.1147265625,-11.6451875,-14.24214453125,-5.0064375,-5.96715234375,-10.85089453125,-11.91953125,-10.831203125,-4.93565234375,-8.60883984375,-8.46760546875,-9.0488671875,-4.455796875,-7.89058984375,-6.50634375,-7.80482421875,-5.761578125,-8.00775390625,-9.1600390625,-6.38723828125,-6.81317578125
-34.53891015625,-32.91862890625,-44.05672265625,-9.8760703125,-9.340875,-15.0759453125,-18.48557421875,-17.7472109375,-7.70206640625,-9.0267265625,-10.1711875,-14.11214453125,-4.0274375,-3.28515234375,-8.69989453125,-11.07253125,-8.409203125,-2.70065234375,-6.61383984375,-7.05760546875,-7.9748671875,-2.608796875,-5.24758984375,-4.50334375,-6.06282421875,-4.710578125,-5.61775390625,-6.6500390625,-4.15323828125,-4.95317578125
-34.32491015625,-32.73662890625,-44.94772265625,-9.3730703125,-7.654875,-13.3749453125,-16.92857421875,-17.3122109375,-5.61606640625,-7.1187265625,-8.7381875,-13.51614453125,-1.5814375,-0.74515234375,-6.61189453125,-9.64653125,-5.704203125,-0.333652343750002,-4.52883984375,-5.28560546875,-6.4988671875,-0.843796875000001,-2.20158984375,-2.61734375,-3.86382421875,-3.391578125,-3.01975390625,-3.8280390625,-1.77023828125,-3.01317578125
-32.91991015625,-31.60962890625,-44.14072265625,-8.8130703125,-6.135875,-11.7199453125,-15.20057421875,-16.5562109375,-3.76206640625,-5.5347265625,-7.4801875,-12.40014453125,1.4325625,1.34784765625,-4.74789453125,-7.66053125,-3.429203125,1.81034765625,-2.51683984375,-3.22760546875,-4.7128671875,0.567203124999999,0.79641015625,-0.970343750000001,-1.41182421875,-2.047578125,-0.480753906249999,-1.1720390625,0.38176171875,-1.25817578125
-30.39191015625,-29.63462890625,-41.68172265625,-8.1670703125,-4.952875,-10.2689453125,-13.64157421875,-15.5182109375,-2.40806640625,-4.2357265625,-6.4121875,-10.90714453125,4.0285625,2.91484765625,-3.13489453125,-5.37253125,-2.041203125,3.50634765625,-0.655839843750002,-1.03760546875,-2.8368671875,1.536203125,3.36441015625,0.41165625,0.996175781249999,-0.903578125,1.79424609375,0.924960937499998,2.02976171875,0.13482421875
-27.39191015625,-27.43362890625,-38.52672265625,-7.3820703125,-4.193875,-9.1319453125,-12.48557421875,-14.3852109375,-1.61206640625,-3.0907265625,-5.4861875,-9.37014453125,5.5535625,4.05284765625,-1.72789453125,-3.21253125,-1.685203125,4.73734765625,1.05816015625,1.06339453125,-1.1898671875,2.199203125,5.30841015625,1.57965625,3.03217578125,-0.107578125000001,3.71024609375,2.3119609375,3.10976171875,1.14382421875
-25.00491015625,-25.96162890625,-36.23572265625,-6.4590703125,-3.941875,-8.4289453125,-11.88757421875,-13.4982109375,-1.27606640625,-2.0457265625,-4.7031875,-8.21514453125,5.8875625,4.86984765625,-0.539894531250001,-1.67953125,-2.325203125,5.61534765625,2.60716015625,2.77139453125,-0.121867187499999,2.799203125,6.59441015625,2.55765625,4.38617578125,0.280421874999999,5.23424609375,3.0739609375,3.73176171875,1.84282421875
-24.28891015625,-26.04162890625,-36.20072265625,-5.5250703125,-4.321875,-8.3379453125,-11.95657421875,-13.2462109375,-1.30506640625,-1.2627265625,-4.2011875,-7.81514453125,5.3345625,5.31984765625,0.265105468750001,-1.20353125,-3.835203125,6.19134765625,3.82716015625,3.71839453125,0.079132812500001,3.477203125,7.20841015625,3.24965625,4.81117578125,0.263421875,6.29224609375,3.3949609375,4.03676171875,2.27382421875
-25.69991015625,-27.88862890625,-38.83772265625,-4.8430703125,-5.454875,-9.0289453125,-12.71457421875,-13.8622109375,-1.69406640625,-1.0917265625,-4.2331875,-8.34314453125,4.2905625,5.16784765625,0.38910546875,-2.02053125,-5.949203125,6.33734765625,4.38516015625,3.55539453125,-0.730867187499999,4.111203125,7.04341015625,3.40965625,4.16517578125,-0.133578125000001,6.70524609375,3.3809609375,4.05076171875,2.35282421875
-28.76491015625,-30.90262890625,-43.22972265625,-4.7280703125,-7.331875,-10.4999453125,-14.01157421875,-15.2612109375,-2.48606640625,-1.8787265625,-5.0281875,-9.70114453125,2.9395625,4.13384765625,-0.43789453125,-4.06253125,-8.143203125,5.79134765625,3.92016015625,2.12639453125,-2.4868671875,4.348203125,5.93741015625,2.75965625,2.47817578125,-0.880578125,6.25224609375,2.9879609375,3.66276171875,1.91682421875
-32.22691015625,-33.85262890625,-47.45572265625,-5.3900703125,-9.709875,-12.5019453125,-15.53357421875,-17.0182109375,-3.68306640625,-3.6997265625,-6.6091875,-11.54414453125,1.2165625,2.14984765625,-2.21989453125,-6.91353125,-9.667203125,4.38334765625,2.29316015625,-0.372605468750001,-4.8758671875,3.811203125,3.85141015625,1.20065625,0.0311757812499991,-1.886578125,4.84724609375,2.1119609375,2.76976171875,0.870824218749999
-34.54591015625,-35.35162890625,-49.39572265625,-6.7750703125,-12.100875,-14.5899453125,-16.87357421875,-18.5042109375,-5.17806640625,-6.2057265625,-8.6701875,-13.33414453125,-0.9344375,-0.44715234375,-4.56489453125,-9.87953125,-9.823203125,2.25834765625,-0.208839843750001,-3.35160546875,-7.3488671875,2.362203125,1.05541015625,-1.01234375,-2.63182421875,-2.922578125,2.71924609375,0.757960937499998,1.44576171875,-0.64317578125
-34.48891015625,-34.40162890625,-47.60172265625,-8.4840703125,-13.882875,-16.2289453125,-17.62357421875,-19.0922109375,-6.72206640625,-8.6847265625,-10.6191875,-14.45514453125,-3.2574375,-2.94515234375,-6.74489453125,-12.15853125,-8.336203125,-0.0606523437500002,-2.88683984375,-5.94960546875,-9.2258671875,0.253203124999999,-1.82358984375,-3.27034375,-4.80082421875,-3.615578125,0.432246093750001,-0.851039062500002,0.00376171874999986,-2.22117578125
-31.55591015625,-30.79262890625,-41.85172265625,-9.8730703125,-14.514875,-16.9219453125,-17.44657421875,-18.3742109375,-7.95006640625,-10.3487265625,-11.7891875,-14.37614453125,-5.1454375,-4.52915234375,-7.98189453125,-13.07153125,-5.534203125,-1.84565234375,-4.87683984375,-7.33260546875,-9.9068671875,-1.937796875,-3.98258984375,-4.83434375,-5.82682421875,-3.583578125,-1.31075390625,-2.3260390625,-1.12123828125,-3.32217578125
-26.15091015625,-25.17862890625,-33.20472265625,-10.3180703125,-13.763875,-16.3759453125,-16.19757421875,-16.3162109375,-8.51606640625,-10.6857265625,-11.6981875,-12.85514453125,-5.9474375,-4.64615234375,-7.78389453125,-12.28853125,-2.200203125,-2.47865234375,-5.52783984375,-7.01260546875,-9.0878671875,-3.535796875,-4.76658984375,-5.16734375,-5.36482421875,-2.628578125,-1.96675390625,-3.2700390625,-1.58123828125,-3.50417578125
-19.43291015625,-18.80762890625,-23.57672265625,-9.5170703125,-11.838875,-14.6659453125,-14.02257421875,-13.3072109375,-8.26206640625,-9.6807265625,-10.2431875,-10.09014453125,-5.3524375,-3.26115234375,-6.15889453125,-9.94453125,0.787796874999999,-1.75365234375,-4.68683984375,-5.06460546875,-6.8828671875,-4.061796875,-3.97058984375,-4.17734375,-3.52282421875,-0.864578125,-1.37775390625,-3.4640390625,-1.28523828125,-2.64017578125
-12.86291015625,-13.01762890625,-14.98472265625,-7.6400703125,-9.308875,-12.2119453125,-11.31957421875,-10.0202109375,-7.30806640625,-7.7897265625,-7.7231875,-6.68014453125,-3.5954375,-0.853152343750001,-3.59789453125,-6.58653125,2.786796875,0.0283476562499985,-2.74783984375,-2.09760546875,-3.7828671875,-3.421796875,-1.94158984375,-2.25034375,-0.82582421875,1.305421875,0.191246093750001,-2.9600390625,-0.435238281250001,-0.980175781250001
-7.64991015625,-8.75962890625,-8.83672265625,-5.2390703125,-6.850875,-9.5639453125,-8.53757421875,-7.1462109375,-5.96806640625,-5.6877265625,-4.7051875,-3.37714453125,-1.3444375,1.81684765625,-0.839894531250001,-2.96453125,3.545796875,2.19434765625,-0.42783984375,1.01639453125,-0.4698671875,-1.934796875,0.59541015625,-0.0393437500000005,2.00617578125,3.359421875,2.19724609375,-2.0440390625,0.573761718749999,0.963824218749999
-4.37791015625,-6.34862890625,-5.53972265625,-2.9940703125,-4.956875,-7.1599453125,-5.99057421875,-5.1352109375,-4.59506640625,-3.9497265625,-1.8061875,-0.768144531250002,0.6005625,4.04684765625,1.45410546875,0.252468750000002,3.196796875,4.01034765625,1.57416015625,3.51239453125,2.4331328125,-0.176796875000001,2.87541015625,1.85165625,4.35217578125,4.889421875,4.08624609375,-1.0830390625,1.35676171875,2.65882421875
-2.94191015625,-5.49662890625,-4.56572265625,-1.4350703125,-3.783875,-5.2209453125,-3.81657421875,-4.0852109375,-3.46906640625,-2.8497265625,0.507812500000004,0.938855468749999,1.6495625,5.44484765625,2.94810546875,2.68646875,2.139796875,4.98434765625,2.85516015625,5.03239453125,4.5741328125,1.269203125,4.41141015625,3.12665625,5.90717578125,5.768421875,5.51824609375,-0.348039062500002,1.73476171875,3.77482421875
-2.72991015625,-5.54162890625,-4.82772265625,-0.7670703125,-3.177875,-3.7999453125,-2.05557421875,-3.7762109375,-2.74706640625,-2.3357265625,2.0338125,1.90585546875,1.6225625,5.99284765625,3.67910546875,4.28746875,0.886796874999999,5.00334765625,3.38716015625,5.67539453125,5.9201328125,2.030203125,5.13641015625,3.84465625,6.70817578125,6.143421875,6.44924609375,0.0829609374999976,1.78576171875,4.27082421875
-2.90691015625,-5.74162890625,-5.15972265625,-0.871070312500001,-2.837875,-2.8279453125,-0.706574218749999,-3.8122109375,-2.42906640625,-2.1697265625,2.8148125,2.47185546875,0.756562499999999,5.92184765625,3.91410546875,5.21346875,-0.0722031250000015,4.27634765625,3.40016015625,5.83439453125,6.6501328125,2.028203125,5.31141015625,4.26865625,6.99117578125,6.268421875,7.02624609375,0.297960937499997,1.73176171875,4.31282421875
-2.71091015625,-5.49462890625,-4.68572265625,-1.4270703125,-2.504875,-2.1569453125,0.258425781250001,-3.7882109375,-2.36506640625,-2.0997265625,3.0458125,2.91285546875,-0.4734375,5.52684765625,3.93810546875,5.66946875,-0.349203125000001,3.16534765625,3.19716015625,5.91939453125,6.9911328125,1.426203125,5.30541015625,4.63865625,6.99717578125,6.322421875,7.42224609375,0.438960937499997,1.75976171875,4.11782421875
-1.67791015625,-4.44462890625,-2.97872265625,-2.0890703125,-2.076875,-1.6239453125,0.90342578125,-3.4192109375,-2.32306640625,-1.9747265625,2.9778125,3.31985546875,-1.5984375,5.05484765625,3.91710546875,5.80346875,0.293796874999998,2.04234765625,3.00716015625,6.16439453125,7.1201328125,0.512203124999999,5.39141015625,5.04565625,6.86517578125,6.357421875,7.73324609375,0.606960937499998,1.92876171875,3.84482421875
0.27608984375,-2.48262890625,-0.0257226562500001,-2.6000703125,-1.596875,-1.1099453125,1.32242578125,-2.6012109375,-2.11706640625,-1.7477265625,2.8408125,3.63285546875,-2.3644375,4.66684765625,3.88810546875,5.69546875,1.876796875,1.20034765625,2.93516015625,6.56839453125,7.1541328125,-0.421796875,5.65541015625,5.43365625,6.64417578125,6.354421875,7.98624609375,0.828960937499998,2.21376171875,3.58182421875
2.96708984375,0.28737109375,3.92527734375,-2.8230703125,-1.149875,-0.533945312500002,1.63542578125,-1.3742109375,-1.70706640625,-1.4337265625,2.7898125,3.78785546875,-2.8194375,4.43884765625,3.81310546875,5.40346875,4.143796875,0.810347656249999,2.98016015625,6.97139453125,7.1601328125,-1.158796875,6.02841015625,5.69565625,6.35817578125,6.296421875,8.17824609375,1.0669609375,2.57676171875,3.40382421875
6.10908984375,3.58737109375,8.48827734375,-2.7070703125,-0.771875000000001,0.1740546875,1.97842578125,0.1407890625,-1.21106640625,-1.0587265625,2.8698125,3.82185546875,-3.2374375,4.36584765625,3.64910546875,5.01246875,6.588796875,0.894347656249999,3.07116015625,7.18039453125,7.1651328125,-1.589796875,6.38741015625,5.76165625,6.04917578125,6.185421875,8.30624609375,1.2539609375,3.01076171875,3.41082421875
9.41508984375,7.03637109375,13.20927734375,-2.2520703125,-0.431875000000002,1.0540546875,2.45842578125,1.7907890625,-0.841066406249999,-0.637726562499999,3.0408125,3.89885546875,-3.9214375,4.37284765625,3.40010546875,4.64846875,8.604796875,1.33834765625,3.12816015625,7.09739453125,7.1671328125,-1.710796875,6.64841015625,5.65165625,5.78817578125,6.034421875,8.36324609375,1.3429609375,3.52776171875,3.72482421875
12.61708984375,10.24337109375,17.60127734375,-1.4690703125,-0.0648750000000007,2.0640546875,3.11042578125,3.4277890625,-0.77206640625,-0.165726562499998,3.2468125,4.22285546875,-4.9624375,4.36784765625,3.14210546875,4.46446875,9.690796875,1.95234765625,3.10416015625,6.77439453125,7.1681328125,-1.575796875,6.80641015625,5.46665625,5.64517578125,5.861421875,8.34724609375,1.3439609375,4.13476171875,4.42782421875
15.45908984375,12.90037109375,21.18027734375,-0.383070312500001,0.383124999999998,3.0940546875,3.89042578125,4.9237890625,-1.01406640625,0.378273437500003,3.4778125,4.91385546875,-6.1294375,4.29284765625,2.99310546875,4.57346875,9.607796875,2.53534765625,3.01716015625,6.37539453125,7.1761328125,-1.266796875,6.91441015625,5.31965625,5.64317578125,5.696421875,8.24324609375,1.3009609375,4.79776171875,5.48682421875
17.69608984375,14.79637109375,23.52727734375,0.926929687499999,0.934124999999998,4.0310546875,4.70842578125,6.1787890625,-1.36506640625,0.9952734375,3.7618125,5.89285546875,-6.9534375,4.13484765625,3.02910546875,4.97246875,8.426796875,2.91934765625,2.91716015625,6.04739453125,7.1641328125,-0.887796875000001,6.99841015625,5.23065625,5.69817578125,5.544421875,8.00724609375,1.2239609375,5.38276171875,6.69182421875
19.08908984375,15.78237109375,24.33027734375,2.2909296875,1.567125,4.7640546875,5.39642578125,7.0987890625,-1.51706640625,1.6342734375,4.0818125,6.87385546875,-6.9694375,3.90584765625,3.20610546875,5.48346875,6.486796875,2.98734765625,2.82716015625,5.80339453125,7.0371328125,-0.581796875,7.00041015625,5.08665625,5.62617578125,5.355421875,7.56424609375,1.0229609375,5.66476171875,7.69282421875
19.40708984375,15.74537109375,23.42727734375,3.4529296875,2.220125,5.1380546875,5.68742578125,7.5847890625,-1.25306640625,2.1842734375,4.3288125,7.46685546875,-5.9444375,3.61284765625,3.36010546875,5.78846875,4.328796875,2.69434765625,2.71516015625,5.48139453125,6.6641328125,-0.508796875000002,6.78741015625,4.70065625,5.21517578125,5.042421875,6.85324609375,0.539960937499998,5.42776171875,8.12182421875
18.50108984375,14.63637109375,20.87727734375,4.1819296875,2.822125,4.9720546875,5.27342578125,7.5787890625,-0.566066406249998,2.5242734375,4.3488125,7.37485546875,-3.9644375,3.27584765625,3.29710546875,5.58146875,2.583796875,2.10734765625,2.52016015625,4.86639453125,5.9751328125,-0.772796875000001,6.27541015625,3.95165625,4.36817578125,4.563421875,5.90924609375,-0.313039062500001,4.61576171875,7.79782421875
16.45608984375,12.55537109375,17.02627734375,4.4009296875,3.348125,4.2180546875,4.01142578125,7.1387890625,0.396933593750001,2.6262734375,4.0558125,6.57085546875,-1.3844375,2.96184765625,2.94010546875,4.74546875,1.798796875,1.42734765625,2.25316015625,3.86939453125,5.0591328125,-1.319796875,5.55541015625,2.92365625,3.21217578125,3.995421875,4.92024609375,-1.4210390625,3.43376171875,6.85682421875
13.69308984375,9.83937109375,12.54427734375,4.2519296875,3.860125,3.1100546875,2.09342578125,6.4747890625,1.45393359375,2.6132734375,3.5338125,5.34385546875,1.2645625,2.81484765625,2.42710546875,3.46446875,2.229796875,0.951347656249999,2.04716015625,2.66439453125,4.1731328125,-1.902796875,4.92841015625,1.93465625,2.09317578125,3.529421875,4.19624609375,-2.4480390625,2.29976171875,5.71882421875
10.93108984375,7.09037109375,8.35627734375,4.0389296875,4.477125,2.1170546875,0.0534257812499987,5.8907890625,2.46993359375,2.7332734375,3.0398125,4.18885546875,3.3605625,3.02684765625,2.09510546875,2.17446875,3.718796875,0.962347656249999,2.12416015625,1.65439453125,3.6561328125,-2.151796875,4.78641015625,1.42165625,1.44417578125,3.374421875,4.05724609375,-2.9840390625,1.67076171875,4.88382421875
8.97408984375,5.03337109375,5.40727734375,4.0899296875,5.305125,1.7310546875,-1.40257421875,5.6607890625,3.35593359375,3.2282734375,2.8918125,3.58485546875,4.3185625,3.74084765625,2.32310546875,1.37446875,5.782796875,1.59734765625,2.66316015625,1.29439453125,3.7671328125,-1.740796875,5.39441015625,1.72465625,1.56017578125,3.613421875,4.68224609375,-2.7610390625,1.82276171875,4.66982421875
8.39408984375,4.23037109375,4.29427734375,4.5999296875,6.351125,2.2490546875,-1.68457421875,5.9087890625,4.05693359375,4.1862734375,3.2968125,3.76485546875,3.8025625,4.93984765625,3.30810546875,1.38446875,7.826796875,2.75934765625,3.65616015625,1.86039453125,4.5271328125,-0.585796875000002,6.72441015625,2.88465625,2.44417578125,4.111421875,5.98924609375,-1.8090390625,2.70676171875,5.05782421875
9.22508984375,4.75637109375,4.91827734375,5.5189296875,7.473125,3.6250546875,-0.614574218750001,6.5177890625,4.53893359375,5.4462734375,4.2258125,4.60085546875,1.9235625,6.39484765625,4.90810546875,2.19846875,9.331796875,4.13034765625,4.86816015625,3.31039453125,5.6741328125,1.052203125,8.43741015625,4.59565625,3.80017578125,4.545421875,7.63724609375,-0.457039062500002,3.96576171875,5.73682421875
10.85008984375,6.07837109375,6.41827734375,6.5449296875,8.399125,5.4280546875,1.39742578125,7.1387890625,4.76793359375,6.6462734375,5.4068125,5.65985546875,-0.703437500000001,7.73684765625,6.67410546875,3.49146875,9.932796875,5.28234765625,5.92916015625,5.28539453125,6.7731328125,2.622203125,10.03241015625,6.33465625,5.19117578125,4.579421875,9.15424609375,0.803960937499999,5.10776171875,6.28682421875
12.20508984375,7.24337109375,7.48627734375,7.2389296875,8.806125,6.9600546875,3.46342578125,7.3097890625,4.69593359375,7.3702734375,6.4238125,6.40085546875,-3.1354375,8.59584765625,8.04210546875,4.76046875,9.453796875,5.84234765625,6.51016015625,7.24839453125,7.4091328125,3.496203125,11.05941015625,7.58165625,6.22917578125,4.049421875,10.11124609375,1.5119609375,5.71676171875,6.39182421875
12.27208984375,7.30437109375,6.96527734375,7.2129296875,8.462125,7.5510546875,4.62442578125,6.6647890625,4.28993359375,7.3312734375,6.8798125,6.40685546875,-4.4374375,8.73084765625,8.57210546875,5.51646875,7.939796875,5.61034765625,6.44316015625,8.65339453125,7.3341328125,3.229203125,11.26341015625,7.98965625,6.68617578125,3.039421875,10.23924609375,1.3689609375,5.58076171875,5.93582421875
10.58608984375,5.76537109375,4.41527734375,6.3199296875,7.347125,6.9060546875,4.32542578125,5.1377890625,3.57593359375,6.4932734375,6.5448125,5.54085546875,-4.0554375,8.09284765625,8.11210546875,5.44346875,5.688796875,4.59834765625,5.75216015625,9.10339453125,6.4971328125,1.757203125,10.63641015625,7.44265625,6.47717578125,1.790421875,9.46824609375,0.315960937499998,4.70476171875,4.98882421875
7.44508984375,2.81837109375,0.324277343749998,4.7389296875,5.684125,5.2520546875,2.63742578125,3.0207890625,2.64193359375,5.0752734375,5.4458125,3.97385546875,-2.0774375,6.82584765625,6.83210546875,4.48146875,3.217796875,3.00734765625,4.59516015625,8.45439453125,5.0221328125,-0.560796875000001,9.37041015625,6.05265625,5.60717578125,0.558421875,7.92424609375,-1.4570390625,3.27076171875,3.72782421875
3.73708984375,-0.767628906250003,-4.14472265625,2.9119296875,3.871125,3.1910546875,0.12742578125,0.840789062499999,1.62293359375,3.4702734375,3.8738125,2.11485546875,0.719562499999999,5.23884765625,5.15310546875,2.83746875,1.110796875,1.18334765625,3.20016015625,6.86539453125,3.1831328125,-3.046796875,7.79441015625,4.14065625,4.16917578125,-0.473578125,5.92424609375,-3.5370390625,1.60676171875,2.37082421875
0.510089843750002,-4.01362890625,-7.69872265625,1.3939296875,2.334125,1.4220546875,-2.44857421875,-0.848210937500001,0.712933593750002,2.1002734375,2.2808125,0.44285546875,3.1245625,3.72984765625,3.58410546875,0.903468750000002,-0.203203125000002,-0.43865234375,1.82216015625,4.75539453125,1.3491328125,-4.926796875,6.30941015625,2.18265625,2.36817578125,-1.232578125,3.93324609375,-5.3760390625,0.13076171875,1.13682421875
-1.45691015625,-6.17462890625,-9.49472265625,0.641929687499999,1.388125,0.471054687499997,-4.45957421875,-1.6812109375,0.158933593750001,1.2662734375,1.0838125,-0.673144531249999,4.0435625,2.67184765625,2.52710546875,-0.867531249999999,-0.607203125000002,-1.41765234375,0.695160156249999,2.66439453125,-0.1168671875,-5.588796875,5.29541015625,0.69465625,0.518175781249999,-1.738578125,2.44124609375,-6.4480390625,-0.759238281250001,0.23082421875
-1.94591015625,-7.03062890625,-9.45172265625,0.8339296875,1.116125,0.494054687499997,-5.61057421875,-1.6102109375,0.172933593750001,1.0282734375,0.491812500000002,-1.12014453125,3.0605625,2.27684765625,2.12510546875,-2.11753125,-0.266203125000001,-1.45365234375,-0.03383984375,1.05239453125,-0.9738671875,-4.815796875,4.97841015625,0.0446562499999992,-1.04782421875,-2.085578125,1.77824609375,-6.4410390625,-0.84423828125,-0.20517578125
-1.32791015625,-6.90162890625,-8.18972265625,1.7989296875,1.335125,1.2030546875,-6.02857421875,-0.899210937500001,0.753933593750002,1.1892734375,0.416812500000002,-1.07114453125,0.673562499999999,2.51284765625,2.21910546875,-2.69453125,0.541796874999999,-0.55365234375,-0.375839843750001,0.134394531249999,-1.1838671875,-2.893796875,5.31841015625,0.28365625,-2.09582421875,-2.385578125,1.97424609375,-5.4140390625,-0.202238281250001,-0.14017578125
-0.317910156249997,-6.42162890625,-6.67372265625,3.0969296875,1.681125,1.9930546875,-6.15257421875,0.0117890625000001,1.61493359375,1.4032734375,0.540812500000001,-0.888144531249999,-1.9494375,3.11784765625,2.44110546875,-2.69653125,1.565796875,0.915347656249999,-0.499839843749999,-0.17160546875,-0.917867187499999,-0.526796875,5.98241015625,1.09465625,-2.59382421875,-2.713578125,2.72724609375,-3.8150390625,0.78476171875,0.30382421875
0.39508984375,-6.22362890625,-5.77472265625,4.2259296875,1.790125,2.2620546875,-6.46857421875,0.7107890625,2.31593359375,1.3482734375,0.488812500000002,-0.93514453125,-3.5234375,3.70784765625,2.38410546875,-2.40453125,2.571796875,2.33834765625,-0.659839843749999,-0.15660546875,-0.494867187500001,1.436203125,6.48041015625,1.91665625,-2.71282421875,-3.109578125,3.51824609375,-2.3350390625,1.55876171875,0.88782421875
0.443089843750002,-6.67662890625,-5.95172265625,4.8419296875,1.482125,1.7240546875,-7.24757421875,0.9697890625,2.52293359375,0.890273437499999,0.0238125000000018,-1.40714453125,-3.1974375,3.94884765625,1.79710546875,-2.16253125,3.262796875,3.11934765625,-1.06783984375,-0.15560546875,-0.2588671875,2.344203125,6.39641015625,2.18265625,-2.73882421875,-3.594578125,3.83224609375,-1.6190390625,1.61776171875,1.35182421875
-0.13991015625,-7.76162890625,-7.15672265625,4.8729296875,0.842124999999998,0.513054687499999,-8.41957421875,0.788789062499999,2.18093359375,0.153273437500001,-0.814187499999999,-2.23614453125,-0.8864375,3.70184765625,0.72210546875,-2.22153125,3.306796875,2.96334765625,-1.77883984375,-0.38660546875,-0.430867187500001,1.988203125,5.58741015625,1.58065625,-2.91382421875,-4.165578125,3.38224609375,-1.9880390625,0.74776171875,1.53382421875
-0.986910156249998,-9.07762890625,-8.88672265625,4.5169296875,0.184124999999998,-0.907945312500001,-9.61357421875,0.363789062499999,1.51293359375,-0.529726562499999,-1.6951875,-3.11814453125,2.6875625,3.09184765625,-0.490894531250001,-2.61953125,2.509796875,2.00334765625,-2.64983984375,-0.84760546875,-0.993867187499999,0.644203124999999,4.25341015625,0.183656249999999,-3.31482421875,-4.754578125,2.23124609375,-3.3070390625,-0.86723828125,1.44382421875
-1.50791015625,-9.94762890625,-10.33172265625,4.1209296875,-0.0678750000000008,-1.9159453125,-10.27857421875,0.0207890624999987,0.870933593750001,-0.746726562499997,-2.1281875,-3.65614453125,6.2515625,2.43484765625,-1.31689453125,-3.14853125,1.035796875,0.724347656249999,-3.39783984375,-1.33260546875,-1.7018671875,-1.078796875,2.83341015625,-1.59034375,-3.81482421875,-5.199578125,0.738246093750001,-5.0710390625,-2.73323828125,1.25982421875
-1.07191015625,-9.64662890625,-10.59472265625,4.0199296875,0.444124999999998,-1.9509453125,-9.90957421875,0.103789062499999,0.526933593750002,-0.2107265625,-1.7151875,-3.55014453125,8.4655625,2.06284765625,-1.31189453125,-3.46153125,-0.581203125000002,-0.291652343750002,-3.74483984375,-1.56160546875,-2.2288671875,-2.510796875,1.79041015625,-3.18134375,-4.18882421875,-5.312578125,-0.623753906249998,-6.6560390625,-4.28423828125,1.21982421875
0.693089843750002,-7.73562890625,-9.03672265625,4.3429296875,1.796125,-0.807945312500003,-8.32557421875,0.792789062499999,0.473933593750001,1.0562734375,-0.415187499999998,-2.77914453125,8.4785625,2.12084765625,-0.36489453125,-3.29453125,-1.699203125,-0.654652343750001,-3.58583984375,-1.38560546875,-2.3728671875,-3.173796875,1.39141015625,-4.15034375,-4.28482421875,-5.011578125,-1.49975390625,-7.6010390625,-5.14823828125,1.49082421875
3.57608984375,-4.40162890625,-5.67672265625,4.9049296875,3.623125,1.1320546875,-5.88857421875,1.9167890625,0.376933593750001,2.6262734375,1.3268125,-1.68214453125,6.3155625,2.45884765625,1.15710546875,-2.68553125,-1.972203125,-0.338652343750001,-3.08683984375,-0.935605468750001,-2.1938671875,-2.934796875,1.58741015625,-4.37034375,-4.16882421875,-4.437578125,-1.79475390625,-7.7730390625,-5.27423828125,2.07382421875
6.67008984375,-0.59662890625,-1.41072265625,5.2499296875,5.168125,2.9670546875,-3.47257421875,2.9327890625,-0.233066406249998,3.7762734375,2.6738125,-0.87414453125,2.8805625,2.68084765625,2.50210546875,-2.04053125,-1.604203125,0.345347656249999,-2.63183984375,-0.615605468750001,-1.9998671875,-1.996796875,2.07741015625,-4.06434375,-4.10982421875,-3.937578125,-1.68175390625,-7.3510390625,-4.89023828125,2.80482421875
8.67608984375,2.23137109375,2.20027734375,4.8889296875,5.588125,3.6760546875,-2.11657421875,3.1487890625,-1.62106640625,3.7932734375,2.7398125,-0.97314453125,-0.427437500000001,2.36784765625,2.85110546875,-1.93753125,-1.226203125,0.965347656249999,-2.61783984375,-0.88660546875,-2.1668671875,-0.735796875,2.51041015625,-3.63534375,-4.40682421875,-3.898578125,-1.44275390625,-6.6470390625,-4.31823828125,3.45182421875
8.53908984375,2.82537109375,3.62827734375,3.6219296875,4.387125,2.6460546875,-2.54657421875,2.1247890625,-3.60806640625,2.3452734375,1.0388125,-2.25614453125,-2.3344375,1.34684765625,1.74410546875,-2.78653125,-1.433203125,1.23734765625,-3.19983984375,-1.96260546875,-2.8718671875,0.526203124999999,2.71641015625,-3.39934375,-5.13982421875,-4.496578125,-1.26075390625,-5.8820390625,-3.74523828125,3.85082421875
6.09908984375,0.870371093749998,2.26327734375,1.7219296875,1.741125,0.00905468749999727,-4.76857421875,0.00278906249999977,-5.59806640625,-0.2747265625,-2.1811875,-4.42814453125,-2.2254375,-0.14515234375,-0.616894531249999,-4.52753125,-2.334203125,1.17634765625,-4.15983984375,-3.61060546875,-3.9258671875,1.671203125,2.80841015625,-3.37134375,-6.04382421875,-5.541578125,-1.08475390625,-5.0620390625,-3.12323828125,3.99882421875
2.35608984375,-2.67462890625,-1.10772265625,-0.1340703125,-1.502875,-3.3449453125,-7.96457421875,-2.4582109375,-6.84206640625,-3.2067265625,-5.9351875,-6.67914453125,-0.349437500000001,-1.53915234375,-3.38789453125,-6.59253125,-3.452203125,1.05934765625,-4.99483984375,-5.20160546875,-4.8268671875,2.765203125,3.09841015625,-3.25234375,-6.59482421875,-6.519578125,-0.67875390625,-4.0440390625,-2.24323828125,4.05082421875
-0.925910156249998,-6.00062890625,-4.61172265625,-1.2060703125,-4.172875,-6.1169453125,-10.79257421875,-4.2242109375,-6.78906640625,-5.3927265625,-8.8731875,-8.05514453125,2.3815625,-2.22315234375,-5.45589453125,-8.14753125,-4.063203125,1.22634765625,-5.18583984375,-5.99760546875,-5.0228671875,3.919203125,3.88241015625,-2.64534375,-6.28882421875,-6.848578125,0.174246093750002,-2.7200390625,-0.96023828125,4.22382421875
-2.09791015625,-7.38462890625,-6.28572265625,-1.0750703125,-5.317875,-7.1889453125,-12.01357421875,-4.5152109375,-5.37306640625,-6.0607265625,-9.8641875,-7.93314453125,4.8325625,-1.87515234375,-5.96889453125,-8.49453125,-3.699203125,1.85834765625,-4.49483984375,-5.52260546875,-4.2198671875,5.137203125,5.23741015625,-1.32334375,-4.93082421875,-6.175578125,1.46224609375,-1.1840390625,0.61776171875,4.65182421875
-0.519910156249999,-6.10662890625,-5.14472265625,0.126929687499999,-4.645875,-6.1819453125,-11.11357421875,-3.2382109375,-3.09506640625,-5.0747265625,-8.5031875,-6.33514453125,6.1235625,-0.635152343750001,-4.73989453125,-7.40953125,-2.479203125,2.86334765625,-3.11183984375,-3.79460546875,-2.5488671875,6.276203125,6.91941015625,0.58565625,-2.76482421875,-4.565578125,2.87924609375,0.253960937499999,2.10576171875,5.27782421875
3.08508984375,-2.81162890625,-1.71172265625,1.7919296875,-2.635875,-3.6449453125,-8.54857421875,-1.0392109375,-0.829066406249998,-2.9607265625,-5.2911875,-3.91814453125,5.9045625,0.968847656249999,-2.30789453125,-5.24353125,-1.042203125,3.90734765625,-1.56983984375,-1.33060546875,-0.512867187499999,7.093203125,8.44441015625,2.62665625,-0.385824218750001,-2.493578125,3.93924609375,1.1979609375,2.99676171875,5.86282421875
6.98008984375,0.830371093749999,2.25327734375,3.1259296875,-0.267875,-0.746945312500003,-5.45357421875,1.0177890625,0.593933593750002,-0.633726562499998,-1.4231875,-1.64614453125,4.3835625,2.28184765625,0.33110546875,-2.74253125,-0.150203125000001,4.57134765625,-0.486839843750001,1.08939453125,1.2301328125,7.358203125,9.29241015625,4.21165625,1.52917578125,-0.639578125000001,4.21824609375,1.3759609375,2.90876171875,6.10982421875
9.21708984375,2.92737109375,4.60827734375,3.5019296875,1.437125,1.3170546875,-3.06957421875,1.9547890625,0.758933593750001,1.0192734375,1.7178125,-0.367144531250002,2.1495625,2.82184765625,2.19610546875,-0.70253125,-0.233203125000001,4.54234765625,-0.266839843750001,2.75439453125,2.1581328125,6.952203125,9.14241015625,4.87765625,2.51717578125,0.408421874999999,3.58724609375,0.786960937499998,1.80176171875,5.85282421875
8.49408984375,2.23537109375,3.83227734375,2.6949296875,1.824125,1.8050546875,-2.24357421875,1.2867890625,-0.221066406249999,1.4712734375,3.1158125,-0.466144531250002,-0.0424375000000001,2.45984765625,2.73210546875,0.348468750000002,-1.167203125,3.75034765625,-0.945839843750001,3.29739453125,2.0991328125,5.924203125,8.00441015625,4.48965625,2.50817578125,0.409421875,2.30324609375,-0.288039062500001,0.0427617187499996,5.16782421875
4.67408984375,-1.33762890625,-0.317722656250002,0.934929687499999,0.789124999999999,0.623054687499998,-3.20057421875,-0.835210937500001,-1.87606640625,0.685273437500001,2.4708125,-1.77014453125,-1.4874375,1.40184765625,1.96110546875,0.293468750000002,-2.432203125,2.36834765625,-2.22383984375,2.77439453125,1.2651328125,4.461203125,6.19241015625,3.26765625,1.78517578125,-0.454578125,0.887246093750001,-1.4390390625,-1.74823828125,4.32282421875
-1.19891015625,-6.78362890625,-6.74872265625,-1.2330703125,-1.293875,-1.7509453125,-5.57257421875,-3.7542109375,-3.66506640625,-0.974726562499999,0.207812500000003,-3.70514453125,-1.7424375,0.0148476562499997,0.34710546875,-0.636531250000001,-3.493203125,0.718347656249999,-3.67083984375,1.54639453125,0.0841328125,2.813203125,4.16641015625,1.65465625,0.781175781249999,-1.722578125,-0.14375390625,-2.3340390625,-2.99923828125,3.60282421875
-7.34791015625,-12.47262890625,-13.51972265625,-3.1940703125,-3.793875,-4.5069453125,-8.58157421875,-6.6082109375,-5.19406640625,-2.9507265625,-2.7851875,-5.58814453125,-0.805437500000001,-1.35415234375,-1.49289453125,-2.03853125,-4.100203125,-0.857652343750001,-4.93683984375,0.0663945312499994,-1.0378671875,1.225203125,2.36041015625,0.109656249999999,-0.150824218750001,-2.894578125,-0.514753906249998,-2.8510390625,-3.44123828125,3.15982421875
-11.94391015625,-16.76762890625,-18.56772265625,-4.4740703125,-6.080875,-6.8059453125,-11.29457421875,-8.6412109375,-6.29606640625,-4.6967265625,-5.5261875,-6.88114453125,0.849562499999999,-2.46115234375,-3.03189453125,-3.48653125,-4.300203125,-2.07565234375,-5.84983984375,-1.28360546875,-1.8528671875,-0.0877968750000004,1.06841015625,-1.02034375,-0.827824218750001,-3.621578125,-0.25275390625,-3.0400390625,-3.15523828125,2.99382421875
-13.71591015625,-18.52662890625,-20.40672265625,-4.8640703125,-7.694875,-8.0519453125,-12.90057421875,-9.4062109375,-6.98506640625,-5.8077265625,-7.2361875,-7.31614453125,2.4645625,-3.14815234375,-3.93789453125,-4.60553125,-4.231203125,-2.73365234375,-6.37683984375,-2.24260546875,-2.2608671875,-0.923796875000001,0.42741015625,-1.53334375,-1.18682421875,-3.754578125,0.427246093750002,-2.9830390625,-2.40523828125,3.05482421875
-12.32491015625,-17.41962890625,-18.60372265625,-4.4220703125,-8.417875,-8.0149453125,-12.93457421875,-8.8432109375,-7.32306640625,-6.0797265625,-7.5321875,-6.89814453125,3.3815625,-3.30215234375,-4.07289453125,-5.10753125,-3.954203125,-2.72565234375,-6.51483984375,-2.65060546875,-2.2408671875,-1.108796875,0.44741015625,-1.35434375,-1.19582421875,-3.302578125,1.29924609375,-2.6950390625,-1.43623828125,3.34582421875
-8.43491015625,-14.00762890625,-13.92072265625,-3.4260703125,-8.263875,-6.8229453125,-11.44857421875,-7.2582109375,-7.32906640625,-5.5257265625,-6.4731875,-5.85614453125,3.3655625,-2.87815234375,-3.47889453125,-4.84753125,-3.462203125,-2.06765234375,-6.23983984375,-2.43760546875,-1.8078671875,-0.565796875,1.03741015625,-0.52734375,-0.823824218750001,-2.373578125,2.21224609375,-2.1340390625,-0.39323828125,3.92482421875
-3.49191015625,-9.53662890625,-8.04172265625,-2.2930703125,-7.437875,-4.8999453125,-9.04957421875,-5.2302109375,-6.98806640625,-4.3617265625,-4.5041875,-4.57214453125,2.6675625,-1.95415234375,-2.35589453125,-3.89553125,-2.819203125,-0.939652343750002,-5.55083984375,-1.65360546875,-1.0348671875,0.584203124999999,2.01841015625,0.768656249999999,-0.0948242187500004,-1.145578125,3.08124609375,-1.3090390625,0.645761718749999,4.80282421875
0.804089843750003,-5.45562890625,-2.89772265625,-1.4470703125,-6.258875,-2.8719453125,-6.71857421875,-3.4222109375,-6.33206640625,-2.9397265625,-2.2691875,-3.45114453125,1.7905625,-0.75115234375,-1.01789453125,-2.54253125,-2.220203125,0.343347656249999,-4.53183984375,-0.49960546875,-0.0648671874999991,1.993203125,3.14241015625,2.23165625,0.85717578125,0.168421874999999,3.83624609375,-0.356039062500003,1.58276171875,5.86782421875
3.19908984375,-2.80362890625,0.145277343749999,-1.1390703125,-5.041875,-1.3419453125,-5.35257421875,-2.3052109375,-5.45206640625,-1.6167265625,-0.371187499999998,-2.76914453125,1.1625625,0.429847656249999,0.20310546875,-1.19953125,-1.860203125,1.44534765625,-3.37283984375,0.704394531249999,0.9211328125,3.186203125,4.14741015625,3.49865625,1.81817578125,1.384421875,4.39524609375,0.481960937499998,2.28376171875,6.88882421875
3.45008984375,-1.80662890625,0.860277343749999,-1.3120703125,-3.995875,-0.596945312500001,-5.25857421875,-1.9272109375,-4.41306640625,-0.619726562499999,0.837812500000002,-2.55414453125,0.8955625,1.32584765625,1.07710546875,-0.212531249999998,-1.716203125,2.15734765625,-2.30483984375,1.63639453125,1.7581328125,3.765203125,4.83641015625,4.26165625,2.58017578125,2.427421875,4.66924609375,0.964960937499998,2.61676171875,7.62882421875
2.39408984375,-1.85962890625,0.168277343749999,-1.6430703125,-3.190875,-0.4539453125,-5.96857421875,-1.8972109375,-3.19106640625,0.0182734374999995,1.3458125,-2.61014453125,0.7625625,1.81584765625,1.54010546875,0.281468750000002,-1.481203125,2.45734765625,-1.51483984375,2.09739453125,2.3301328125,3.578203125,5.11541015625,4.35965625,3.03017578125,3.361421875,4.58724609375,0.964960937499998,2.51276171875,7.95782421875
1.44008984375,-1.93062890625,-0.425722656250002,-1.7490703125,-2.616875,-0.414945312500002,-6.55757421875,-1.6482109375,-1.74306640625,0.410273437500003,1.4088125,-2.67414453125,0.354562499999999,1.94184765625,1.67610546875,0.365468750000002,-0.793203125000002,2.46034765625,-1.09083984375,2.06039453125,2.5781328125,2.751203125,4.98941015625,3.80665625,3.17017578125,4.321421875,4.11324609375,0.515960937499997,2.00876171875,7.89882421875
1.78708984375,-1.14662890625,0.34627734375,-1.4370703125,-2.266875,-0.00694531250000097,-6.24157421875,-0.804210937500001,-0.137066406249998,0.698273437500003,1.3478125,-2.59914453125,-0.6624375,1.83784765625,1.63510546875,0.226468750000002,0.416796874999999,2.27934765625,-1.02983984375,1.62839453125,2.4741328125,1.582203125,4.50141015625,2.74265625,3.06017578125,5.383421875,3.26024609375,-0.229039062500002,1.22776171875,7.56182421875
3.77108984375,0.72337109375,2.84027734375,-0.8310703125,-2.201875,0.8890546875,-4.89057421875,0.5697890625,1.37493359375,0.916273437500003,1.3478125,-2.44714453125,-2.3144375,1.59984765625,1.51510546875,-0.00353124999999821,1.766796875,1.92334765625,-1.28983984375,0.94439453125,2.0011328125,0.395203124999999,3.69441015625,1.35865625,2.73117578125,6.463421875,2.09824609375,-1.0850390625,0.31776171875,7.05282421875
6.64808984375,3.12637109375,6.31427734375,-0.329070312500001,-2.589875,1.8480546875,-3.20157421875,1.9417890625,2.34393359375,0.9252734375,1.3298125,-2.46214453125,-4.2404375,1.18384765625,1.29310546875,-0.345531250000001,2.592796875,1.28234765625,-1.84283984375,0.10139453125,1.1801328125,-0.568796875,2.59541015625,-0.146343750000002,2.14117578125,7.350421875,0.772246093750001,-1.9120390625,-0.58723828125,6.40682421875
8.85508984375,4.96137109375,9.26427734375,-0.435070312500001,-3.720875,1.8720546875,-2.51657421875,2.5057890625,2.18493359375,0.439273437500002,0.988812500000002,-2.94114453125,-5.7974375,0.41184765625,0.83610546875,-0.971531249999998,2.295796875,0.215347656249999,-2.69383984375,-0.87460546875,0.1191328125,-1.189796875,1.23741015625,-1.55834375,1.20617578125,7.868421875,-0.490753906249999,-2.6360390625,-1.35323828125,5.58982421875
8.64308984375,5.08537109375,10.09927734375,-1.5630703125,-5.941875,-0.335945312500002,-4.33257421875,1.4827890625,0.322933593750001,-0.851726562499998,-0.0401874999999983,-4.10314453125,-6.3114375,-0.91115234375,-0.00389453124999939,-2.10853125,0.608796874999999,-1.34365234375,-3.85783984375,-1.99560546875,-0.955867187499999,-1.447796875,-0.32658984375,-2.64434375,-0.131824218750001,8.029421875,-1.40075390625,-3.2400390625,-1.82223828125,4.55382421875
4.86408984375,2.81837109375,7.84427734375,-3.8750703125,-9.484875,-5.7849453125,-9.63957421875,-1.5452109375,-3.55606640625,-3.1117265625,-1.9801875,-5.99914453125,-5.3544375,-2.87315234375,-1.29289453125,-3.89853125,-2.355203125,-3.32865234375,-5.32083984375,-3.26460546875,-1.7878671875,-1.390796875,-2.01658984375,-3.21034375,-1.85082421875,8.023421875,-1.71575390625,-3.7290390625,-1.84523828125,3.28582421875
-2.44091015625,-1.73362890625,2.58127734375,-7.2110703125,-14.270875,-14.5259453125,-18.35957421875,-6.4232109375,-9.26806640625,-6.2447265625,-4.7761875,-8.49914453125,-2.9634375,-5.38815234375,-2.97489453125,-6.30153125,-6.235203125,-5.59165234375,-7.01583984375,-4.65760546875,-2.2418671875,-1.110796875,-3.75558984375,-3.22234375,-3.85582421875,8.056421875,-1.38375390625,-4.1260390625,-1.39123828125,1.82482421875
-11.95091015625,-7.69162890625,-4.54672265625,-11.1360703125,-19.823875,-25.3689453125,-29.20857421875,-12.4142109375,-16.07706640625,-9.9057265625,-8.1041875,-11.34014453125,0.3185625,-8.23015234375,-4.89089453125,-9.08953125,-10.578203125,-7.98765234375,-8.84783984375,-6.13060546875,-2.4218671875,-0.733796875000001,-5.51258984375,-2.88434375,-6.01982421875,8.182421875,-0.634753906249999,-4.4830390625,-0.63223828125,0.24482421875
-11.95091015625,-7.69162890625,-4.54672265625,-11.1360703125,-19.823875,-25.3689453125,-29.20857421875,-12.4142109375,-16.07706640625,-9.9057265625,-8.1041875,-11.34014453125,0.3185625,-8.23015234375,-4.89089453125,-9.08953125,-10.578203125,-7.98765234375,-8.84783984375,-6.13060546875,-2.4218671875,-0.733796875000001,-5.51258984375,-2.88434375,-6.01982421875,8.182421875,-0.634753906249999,-4.4830390625,-0.63223828125,0.24482421875
