"Fp1","Fpz","Fp2","F7","F3","Fz","F4","F8","FC5","FC1","FC2","FC6","T7","C3","Cz","C4","T8","CP5","CP1","CP2","CP6","P7","P3","Pz","P4","P8","POz","O1","Oz","O2"
-6.99780078125,-0.97323828125,-8.4094296875,5.66933203125,-6.54221484375,-6.91108984375,-9.27119140625,-0.250597656250001,0.46072265625,-5.324921875,-11.14855859375,-2.20901171875,-4.8392890625,-4.157015625,-6.7307734375,-10.712953125,-4.37827734375,-5.45246484375,-6.30750390625,-9.18097265625,-6.74821484375,-3.4285703125,-7.88212109375,-7.78607421875,-10.0351015625,-5.8623671875,-14.87673046875,-3.010359375,-12.88780078125,-4.08591796875
-2.95480078125,0.0487617187499999,-4.6674296875,6.55733203125,-4.76721484375,-3.68908984375,-2.01419140625,-2.80459765625,1.83472265625,-3.781921875,-8.68755859375,1.88498828125,-5.1522890625,-2.442015625,-4.6367734375,-8.787953125,-3.13827734375,-4.07046484375,-4.05850390625,-6.71397265625,-5.01221484375,-2.1445703125,-5.27412109375,-5.53807421875,-7.9201015625,-4.3693671875,-11.45673046875,0.403640625,-8.81880078125,-1.41091796875
-0.59480078125,1.04876171875,-2.6574296875,6.07133203125,-3.30621484375,-0.96408984375,2.71880859375,-3.85059765625,2.72272265625,-1.987921875,-6.24355859375,4.77898828125,-5.6192890625,-0.649015625,-2.2767734375,-6.930953125,-2.32627734375,-2.60246484375,-1.44850390625,-4.34697265625,-3.76421484375,-0.8115703125,-2.69612109375,-3.21507421875,-6.1451015625,-3.0223671875,-8.37973046875,3.382640625,-5.33080078125,0.73908203125
0.07819921875,1.78576171875,-2.2554296875,4.46633203125,-2.36821484375,0.98991015625,4.58780859375,-3.62459765625,3.11172265625,-0.189921875,-4.14555859375,5.97698828125,-6.2152890625,0.930984375,0.00422656249999998,-5.429953125,-2.12327734375,-1.25346484375,1.21149609375,-2.38997265625,-3.19021484375,0.4314296875,-0.417121093750001,-1.06207421875,-4.8731015625,-1.9823671875,-5.83273046875,5.809640625,-2.57580078125,2.30408203125
-0.43380078125,1.97976171875,-2.7984296875,2.52233203125,-2.09221484375,1.99091015625,3.96980859375,-2.88259765625,3.10372265625,1.226078125,-2.78655859375,5.31698828125,-6.7872890625,1.900984375,1.6862265625,-4.610953125,-2.65427734375,-0.33446484375,3.35649609375,-1.21297265625,-3.35221484375,1.3354296875,1.20387890625,0.55992578125,-4.2201015625,-1.4383671875,-3.97973046875,7.571640625,-0.640800781249999,3.33708203125
-1.42280078125,1.49976171875,-3.5064296875,1.13133203125,-2.42421484375,2.08191015625,1.76880859375,-2.41659765625,2.83372265625,1.977078125,-2.39355859375,3.13098828125,-7.0522890625,1.992984375,2.3832265625,-4.632953125,-3.91527734375,-0.11446484375,4.45149609375,-1.03497265625,-4.12221484375,1.6364296875,1.90287890625,1.36192578125,-4.1851015625,-1.5253671875,-2.90773046875,8.532640625,0.439199218750001,3.92708203125
-2.24580078125,0.50076171875,-3.8804296875,0.88633203125,-3.08221484375,1.59291015625,-0.88019140625,-2.60359765625,2.42972265625,2.069078125,-2.86355859375,0.19998828125,-6.6962890625,1.242984375,2.0742265625,-5.334953125,-5.70327734375,-0.65746484375,4.28549609375,-1.74597265625,-5.17321484375,1.1994296875,1.66887890625,1.28992578125,-4.6101015625,-2.2403671875,-2.55473046875,8.612640625,0.706199218750001,4.13808203125
-2.49480078125,-0.60423828125,-3.8364296875,1.86833203125,-3.65821484375,1.06091015625,-2.91019140625,-3.23859765625,2.00472265625,1.793078125,-3.77655859375,-2.49601171875,-5.5272890625,0.00298437500000004,1.1272265625,-6.277953125,-7.59727734375,-1.76346484375,3.10249609375,-2.90197265625,-6.08021484375,0.1354296875,0.78887890625,0.57492578125,-5.2091015625,-3.4193671875,-2.71273046875,7.910640625,0.32619921875,3.98008203125
-2.06980078125,-1.33023828125,-3.5854296875,3.69433203125,-3.80721484375,0.98291015625,-3.60119140625,-3.76059765625,1.63672265625,1.551078125,-4.58155859375,-4.13101171875,-3.6492890625,-1.229015625,0.1142265625,-6.942953125,-9.06827734375,-3.04346484375,1.47949609375,-3.90697265625,-6.48421484375,-1.2065703125,-0.26612109375,-0.37407421875,-5.6711015625,-4.7833671875,-3.09073046875,6.760640625,-0.430800781249999,3.44008203125
-1.16780078125,-1.35923828125,-3.4064296875,5.74333203125,-3.40821484375,1.58591015625,-2.76219140625,-3.68959765625,1.34672265625,1.632078125,-4.82255859375,-4.30401171875,-1.5072890625,-2.039015625,-0.4577734375,-6.971953125,-9.67627734375,-4.08246484375,0.0604960937499999,-4.28297265625,-6.23921484375,-2.3735703125,-1.03612109375,-1.15107421875,-5.7901015625,-6.0413671875,-3.44073046875,5.626640625,-1.28780078125,2.52708203125
-0.12180078125,-0.67423828125,-3.4494296875,7.46633203125,-2.58121484375,2.75291015625,-0.69519140625,-2.94259765625,1.12472265625,2.086078125,-4.30955859375,-3.12701171875,0.2397109375,-2.239015625,-0.3437734375,-6.314953125,-9.23627734375,-4.58646484375,-0.71950390625,-3.85797265625,-5.44921484375,-2.9985703125,-1.25212109375,-1.50807421875,-5.5191015625,-6.9773671875,-3.63173046875,4.916640625,-2.04380078125,1.32008203125
0.83019921875,0.47576171875,-3.6634296875,8.64033203125,-1.56021484375,4.14891015625,2.04380859375,-1.83759765625,0.99072265625,2.749078125,-3.13955859375,-1.10201171875,0.9867109375,-1.885015625,0.3752265625,-5.201953125,-7.87927734375,-4.46246484375,-0.75250390625,-2.79997265625,-4.38421484375,-2.9275703125,-0.91112109375,-1.41407421875,-4.9391015625,-7.4753671875,-3.67173046875,4.821640625,-2.59680078125,-0.0129179687500001
1.66619921875,1.72576171875,-3.8424296875,9.43933203125,-0.54621484375,5.42391015625,4.90380859375,-0.865597656250001,1.05572265625,3.372078125,-1.63455859375,1.11198828125,0.4537109375,-1.181015625,1.3632265625,-4.008953125,-5.96127734375,-3.81146484375,-0.22950390625,-1.50897265625,-3.35021484375,-2.2625703125,-0.24012109375,-1.03707421875,-4.2001015625,-7.4983671875,-3.65773046875,5.264640625,-2.90080078125,-1.23191796875
2.45819921875,2.75776171875,-3.7654296875,10.24433203125,0.36178515625,6.32291015625,7.41580859375,-0.476597656250001,1.47672265625,3.750078125,-0.25055859375,2.91198828125,-1.1592890625,-0.371015625,2.1772265625,-3.106953125,-3.90427734375,-2.86846484375,0.48949609375,-0.453972656249999,-2.58421484375,-1.3185703125,0.40687890625,-0.65707421875,-3.4851015625,-7.0813671875,-3.73173046875,5.950640625,-2.94280078125,-2.10791796875
3.14919921875,3.35276171875,-3.3194296875,11.30533203125,1.09778515625,6.67791015625,9.11780859375,-0.980597656250001,2.31972265625,3.771078125,0.51344140625,3.85198828125,-3.2242890625,0.331984375,2.4292265625,-2.769953125,-2.05327734375,-1.91646484375,1.01749609375,-0.02197265625,-2.22021484375,-0.5055703125,0.68287890625,-0.56907421875,-3.0001015625,-6.3513671875,-4.03873046875,6.476640625,-2.79480078125,-2.53791796875
3.45319921875,3.35876171875,-2.5294296875,12.45033203125,1.50478515625,6.34591015625,9.50880859375,-2.50859765625,3.41172265625,3.356078125,0.21944140625,3.64998828125,-4.9382890625,0.743984375,1.8832265625,-3.161953125,-0.62327734375,-1.20746484375,1.03749609375,-0.434972656249999,-2.30021484375,-0.1595703125,0.369878906249999,-0.99407421875,-2.9601015625,-5.5503671875,-4.70073046875,6.479640625,-2.66580078125,-2.63391796875
2.97719921875,2.64676171875,-1.5364296875,13.05933203125,1.28178515625,5.18791015625,8.15880859375,-4.91659765625,4.30372265625,2.392078125,-1.39055859375,2.20398828125,-5.6792890625,0.679984375,0.4872265625,-4.347953125,0.27672265625,-0.91046484375,0.34349609375,-1.72297265625,-2.81421484375,-0.3915703125,-0.56112109375,-2.01407421875,-3.5441015625,-4.9933671875,-5.76373046875,5.765640625,-2.86980078125,-2.71291796875
1.46419921875,1.16676171875,-0.5684296875,12.34433203125,0.0837851562500003,3.13491015625,4.94880859375,-7.70059765625,4.40672265625,0.724078125,-4.27555859375,-0.33801171875,-5.2462890625,-0.0510156250000002,-1.6537734375,-6.270953125,0.58372265625,-1.10246484375,-1.14650390625,-3.72897265625,-3.70821484375,-1.0385703125,-1.96512109375,-3.55207421875,-4.8221015625,-4.9693671875,-7.16873046875,4.387640625,-3.69180078125,-3.14591796875
-0.97680078125,-0.93323828125,0.0785703125000001,9.81333203125,-2.28221484375,0.30191015625,0.30180859375,-10.05359765625,3.25672265625,-1.737921875,-8.05155859375,-3.49901171875,-3.8672890625,-1.591015625,-4.3127734375,-8.723953125,0.27772265625,-1.77446484375,-3.38650390625,-6.15497265625,-4.86721484375,-1.7555703125,-3.59312109375,-5.40207421875,-6.7151015625,-5.6093671875,-8.73573046875,2.628640625,-5.21380078125,-4.14591796875
-3.78880078125,-3.25223828125,0.1145703125,5.66933203125,-5.68421484375,-2.95808984375,-4.80819140625,-11.17359765625,0.75972265625,-4.915921875,-12.08655859375,-6.52301171875,-1.9902890625,-3.961015625,-7.1967734375,-11.353953125,-0.58627734375,-2.86646484375,-6.19750390625,-8.63897265625,-6.10321484375,-2.2185703125,-5.21212109375,-7.32207421875,-8.9921015625,-6.8233671875,-10.22973046875,0.880640625,-7.24480078125,-5.63891796875
-6.14880078125,-5.24623828125,-0.6264296875,0.87533203125,-9.66021484375,-6.13108984375,-9.16619140625,-10.67359765625,-2.73827734375,-8.515921875,-15.70555859375,-8.61401171875,-0.0352890625,-7.011015625,-10.0077734375,-13.753953125,-1.82927734375,-4.29046484375,-9.29350390625,-10.85497265625,-7.18121484375,-2.3055703125,-6.69612109375,-9.11807421875,-11.3271015625,-8.3253671875,-11.45873046875,-0.534359375,-9.40480078125,-7.30491796875
-7.35380078125,-6.44023828125,-2.0864296875,-3.20066796875,-13.55421484375,-8.72708984375,-11.82919140625,-8.84959765625,-6.56127734375,-12.079921875,-18.41055859375,-9.25401171875,1.7157109375,-10.420015625,-12.4847734375,-15.576953125,-3.17627734375,-5.93446484375,-12.31950390625,-12.57797265625,-7.88621484375,-2.1545703125,-8.03312109375,-10.68207421875,-13.3641015625,-9.7383671875,-12.34373046875,-1.504359375,-11.28980078125,-8.75291796875
-7.18080078125,-6.61823828125,-3.9804296875,-5.37666796875,-16.69821484375,-10.42208984375,-12.50319140625,-6.58259765625,-9.92227734375,-15.085921875,-19.96755859375,-8.40401171875,3.0837109375,-13.719015625,-14.3957734375,-16.604953125,-4.33727734375,-7.65446484375,-14.89950390625,-13.67597265625,-8.07521484375,-2.0515703125,-9.24112109375,-11.94107421875,-14.7741015625,-10.6933671875,-12.90573046875,-2.131359375,-12.59880078125,-9.67791796875
-5.96280078125,-5.88523828125,-5.8464296875,-5.18266796875,-18.57921484375,-11.10408984375,-11.54019140625,-4.89059765625,-12.15127734375,-17.046921875,-20.35455859375,-6.49401171875,3.8927109375,-16.364015625,-15.5187734375,-16.761953125,-5.11727734375,-9.26246484375,-16.68550390625,-14.05797265625,-7.69821484375,-2.2615703125,-10.27712109375,-12.79707421875,-15.2961015625,-10.9173671875,-13.19173046875,-2.620359375,-13.15580078125,-9.91791796875
-4.34380078125,-4.63023828125,-7.1454296875,-3.03366796875,-18.95721484375,-10.82508984375,-9.65019140625,-4.41659765625,-12.86527734375,-17.628921875,-19.66655859375,-4.24401171875,3.9477109375,-17.862015625,-15.6607734375,-16.090953125,-5.48227734375,-10.55846484375,-17.43450390625,-13.66897265625,-6.81521484375,-2.9155703125,-11.02012109375,-13.12907421875,-14.8051015625,-10.3203671875,-13.21473046875,-3.152359375,-12.92380078125,-9.47391796875
-2.97080078125,-3.39323828125,-7.4034296875,-0.000667968750000192,-17.92921484375,-9.77508984375,-7.59219140625,-5.17459765625,-12.06927734375,-16.763921875,-18.07855859375,-2.42501171875,3.1087109375,-17.930015625,-14.7447734375,-14.763953125,-5.57327734375,-11.38946484375,-17.08550390625,-12.53697265625,-5.61321484375,-4.0025703125,-11.34312109375,-12.86607421875,-13.3761015625,-9.0743671875,-12.96673046875,-3.811359375,-12.02980078125,-8.50191796875
-2.29780078125,-2.67223828125,-6.4084296875,2.68233203125,-15.89821484375,-8.26308984375,-5.98719140625,-6.67959765625,-10.13127734375,-14.703921875,-15.87955859375,-1.63201171875,1.4407109375,-16.603015625,-12.8967734375,-13.081953125,-5.65827734375,-11.67346484375,-15.80450390625,-10.83297265625,-4.39521484375,-5.3645703125,-11.19712109375,-12.06307421875,-11.3161015625,-7.6023671875,-12.45773046875,-4.558359375,-10.75480078125,-7.29091796875
-2.48980078125,-2.72323828125,-4.3504296875,4.12633203125,-13.45021484375,-6.67108984375,-5.20519140625,-8.29559765625,-7.64927734375,-11.981921875,-13.48655859375,-2.10701171875,-0.6712890625,-14.239015625,-10.4617734375,-11.422953125,-6.02427734375,-11.37546484375,-13.92550390625,-8.86997265625,-3.50721484375,-6.6675703125,-10.60912109375,-10.90207421875,-9.0841015625,-6.4273671875,-11.73373046875,-5.182359375,-9.43080078125,-6.16391796875
-3.38480078125,-3.44323828125,-1.7884296875,4.09533203125,-11.15621484375,-5.33608984375,-5.26219140625,-9.53159765625,-5.23427734375,-9.248921875,-11.35255859375,-3.65801171875,-2.5492890625,-11.395015625,-7.9057734375,-10.112953125,-6.85827734375,-10.47746484375,-11.83050390625,-7.00697265625,-3.21021484375,-7.3965703125,-9.62912109375,-9.61007421875,-7.1271015625,-5.9333671875,-10.83873046875,-5.307359375,-8.28580078125,-5.33891796875
-4.54680078125,-4.42723828125,0.5275703125,3.00033203125,-9.40921484375,-4.44808984375,-5.83319140625,-10.16859765625,-3.33927734375,-7.057921875,-9.83055859375,-5.74801171875,-3.4392890625,-8.654015625,-5.6587734375,-9.310953125,-8.15627734375,-8.98346484375,-9.82550390625,-5.52497265625,-3.55721484375,-7.0185703125,-8.28012109375,-8.35007421875,-5.7151015625,-6.1653671875,-9.78873046875,-4.507359375,-7.33480078125,-4.81991796875
-5.47880078125,-5.17623828125,1.9225703125,1.58033203125,-8.33521484375,-4.01708984375,-6.46519140625,-10.26659765625,-2.17027734375,-5.688921875,-9.05455859375,-7.74001171875,-2.8512890625,-6.442015625,-3.9787734375,-8.961953125,-9.71327734375,-6.97146484375,-8.07750390625,-4.53497265625,-4.37421484375,-5.2695703125,-6.56512109375,-7.16707421875,-4.8761015625,-6.8333671875,-8.56473046875,-2.558359375,-6.41780078125,-4.39491796875
-5.87780078125,-5.34623828125,2.0115703125,0.50233203125,-7.82921484375,-3.92808984375,-6.85719140625,-10.08359765625,-1.69227734375,-5.088921875,-8.92755859375,-9.16801171875,-0.8362890625,-4.946015625,-2.8937734375,-8.879953125,-11.18527734375,-4.63846484375,-6.61950390625,-3.97697265625,-5.36121484375,-2.3875703125,-4.53812109375,-6.01507421875,-4.4571015625,-7.4853671875,-7.16373046875,0.359640625,-5.33380078125,-3.77691796875
-5.75380078125,-4.88823828125,0.8595703125,0.08233203125,-7.65721484375,-4.01608984375,-6.96519140625,-9.88759765625,-1.69727734375,-4.948921875,-9.17555859375,-9.87401171875,1.9987109375,-4.104015625,-2.2507734375,-8.865953125,-12.19727734375,-2.29046484375,-5.39350390625,-3.67997265625,-6.23121484375,0.9064296875,-2.35212109375,-4.83207421875,-4.2461015625,-7.7493671875,-5.62473046875,3.661640625,-3.96180078125,-2.77991796875
-5.35280078125,-4.01523828125,-1.0324296875,0.26133203125,-7.58121484375,-4.11808984375,-6.88719140625,-9.78259765625,-1.91627734375,-4.874921875,-9.44055859375,-9.95901171875,4.7537109375,-3.702015625,-1.8017734375,-8.776953125,-12.44927734375,-0.27346484375,-4.29750390625,-3.44797265625,-6.81921484375,3.7084296875,-0.235121093750001,-3.58207421875,-4.0841015625,-7.4733671875,-4.01873046875,6.593640625,-2.31580078125,-1.44691796875
-4.98380078125,-3.02623828125,-2.9184296875,0.76433203125,-7.43921484375,-4.10208984375,-6.67719140625,-9.65059765625,-2.12827734375,-4.551921875,-9.38155859375,-9.60001171875,6.6287109375,-3.483015625,-1.3077734375,-8.514953125,-11.81627734375,1.15253515625,-3.21750390625,-3.11197265625,-7.10221484375,5.3424296875,1.60087890625,-2.26507421875,-3.8931015625,-6.7453671875,-2.39173046875,8.585640625,-0.52180078125,-0.0289179687500001
-4.85380078125,-2.13323828125,-4.1294296875,1.30333203125,-7.17421484375,-3.87808984375,-6.25619140625,-9.26359765625,-2.22027734375,-3.835921875,-8.75755859375,-8.87801171875,7.2227109375,-3.233015625,-0.6017734375,-7.981953125,-10.38327734375,1.91353515625,-2.06050390625,-2.55697265625,-7.13021484375,5.6664296875,3.06287890625,-0.87707421875,-3.6461015625,-5.7873671875,-0.709730468749999,9.507640625,1.26019921875,1.17408203125
-4.94980078125,-1.38323828125,-4.3204296875,1.70833203125,-6.80921484375,-3.38408984375,-5.44519140625,-8.44059765625,-2.17527734375,-2.749921875,-7.48155859375,-7.70901171875,6.6087109375,-2.815015625,0.3942265625,-7.056953125,-8.41727734375,2.15253515625,-0.76250390625,-1.71797265625,-6.93421484375,5.0754296875,4.22987890625,0.61392578125,-3.2851015625,-4.7893671875,1.13426953125,9.698640625,2.92719921875,2.03408203125
-5.04180078125,-0.70123828125,-3.5064296875,1.93733203125,-6.39621484375,-2.58308984375,-4.07219140625,-7.12159765625,-2.00127734375,-1.424921875,-5.62255859375,-5.92001171875,5.2197109375,-2.169015625,1.6672265625,-5.632953125,-6.25427734375,2.16653515625,0.69949609375,-0.575972656249999,-6.45221484375,4.2594296875,5.29287890625,2.25992578125,-2.6831015625,-3.7813671875,3.25226953125,9.759640625,4.49419921875,2.71108203125
-4.83880078125,0.00776171874999998,-1.9214296875,2.02333203125,-5.95621484375,-1.47408984375,-2.08519140625,-5.36159765625,-1.66927734375,-0.0139218749999999,-3.37255859375,-3.40901171875,3.6367109375,-1.285015625,3.1542265625,-3.678953125,-4.17127734375,2.27353515625,2.29149609375,0.84902734375,-5.56221484375,3.8384296875,6.43887890625,4.09692578125,-1.6851015625,-2.6443671875,5.64526953125,10.231640625,6.06519921875,3.54908203125
-4.18380078125,0.79076171875,0.1455703125,2.04433203125,-5.41821484375,-0.11108984375,0.40080859375,-3.27459765625,-1.09527734375,1.389078125,-0.96955859375,-0.29001171875,2.3997109375,-0.176015625,4.7762265625,-1.295953125,-2.30527734375,2.69753515625,3.92949609375,2.49402734375,-4.19521484375,4.0864296875,7.73987890625,6.10092578125,-0.2021015625,-1.2793671875,8.13926953125,11.316640625,7.72519921875,4.80008203125
-3.13280078125,1.64676171875,2.4355703125,2.13933203125,-4.60521484375,1.42291015625,3.16480859375,-0.963597656250001,-0.17127734375,2.806078125,1.39344140625,3.06498828125,1.8697109375,1.157984375,6.4872265625,1.295046875,-0.65427734375,3.48953515625,5.51449609375,4.27702734375,-2.44721484375,4.8374296875,9.11487890625,8.18092578125,1.6888984375,0.212632812499999,10.41326953125,12.767640625,9.44219921875,6.39308203125
-1.84480078125,2.55176171875,4.7085703125,2.53133203125,-3.28621484375,3.07691015625,5.98780859375,1.51740234375,1.16872265625,4.377078125,3.63044140625,6.11898828125,2.1517109375,2.740984375,8.2902265625,3.811046875,0.86072265625,4.53153515625,6.98449609375,6.11402734375,-0.60221484375,5.5974296875,10.37387890625,10.19992578125,3.7508984375,1.5226328125,12.14526953125,14.007640625,11.05019921875,7.94608203125
-0.47080078125,3.46476171875,6.7145703125,3.47133203125,-1.30121484375,4.84491015625,8.67080859375,4.08240234375,2.88772265625,6.272078125,5.73544140625,8.34598828125,3.0687109375,4.588984375,10.1902265625,5.980046875,2.28072265625,5.59253515625,8.33249609375,7.92702734375,0.95478515625,5.7964296875,11.31787890625,12.01992578125,5.6548984375,2.2996328125,13.14126953125,14.398640625,12.32819921875,9.01308203125
0.83419921875,4.29176171875,8.2025703125,5.09433203125,1.29478515625,6.69991015625,10.93880859375,6.44840234375,4.80972265625,8.548078125,7.66144140625,9.40698828125,4.2117109375,6.626984375,12.0942265625,7.572046875,3.50872265625,6.43053515625,9.55549609375,9.59502734375,1.86178515625,5.0774296875,11.82087890625,13.49492578125,7.0748984375,2.3596328125,13.37426953125,13.534640625,13.09619921875,9.34108203125
1.84719921875,4.85176171875,8.9765703125,7.25533203125,4.15378515625,8.47191015625,12.38880859375,8.06240234375,6.62572265625,10.990078125,9.21244140625,9.23298828125,5.0877109375,8.599984375,13.7182265625,8.383046875,4.26972265625,6.87353515625,10.57349609375,10.89902734375,1.87378515625,3.5104296875,11.85087890625,14.43692578125,7.7398984375,1.7306328125,12.91326953125,11.439640625,13.24719921875,8.92808203125
2.30719921875,4.92176171875,8.9425703125,9.49633203125,6.67678515625,9.80391015625,12.61380859375,8.27540234375,7.95072265625,13.080078125,10.03544140625,7.99098828125,5.3117109375,10.071984375,14.6002265625,8.234046875,4.19172265625,6.87253515625,11.20249609375,11.50502734375,0.91578515625,1.6164296875,11.45787890625,14.61092578125,7.4728984375,0.555632812499999,11.82526953125,8.596640625,12.75019921875,7.89508203125
2.04119921875,4.34776171875,8.1135703125,11.17233203125,8.20578515625,10.24991015625,11.43280859375,6.69440234375,8.42272265625,14.156078125,9.76044140625,5.98898828125,4.7577109375,10.554984375,14.2632265625,7.019046875,2.98672265625,6.49453515625,11.21049609375,11.07302734375,-0.91521484375,0.1654296875,10.73787890625,13.81692578125,6.2338984375,-1.0263671875,10.16126953125,5.785640625,11.64519921875,6.33708203125
1.08419921875,3.17676171875,6.5705703125,11.72333203125,8.29178515625,9.47791015625,9.06780859375,3.47040234375,7.83372265625,13.695078125,8.21944140625,3.59398828125,3.5657109375,9.719984375,12.4692265625,4.809046875,0.63672265625,5.88253515625,10.45049609375,9.43702734375,-3.35921484375,-0.1545703125,9.81987890625,12.04192578125,4.1828984375,-2.8753671875,8.03426953125,3.794640625,10.07219921875,4.32508203125
-0.30880078125,1.69676171875,4.4415703125,10.93633203125,6.88778515625,7.47491015625,6.12880859375,-0.67459765625,6.22472265625,11.584078125,5.59044140625,1.18798828125,2.0457109375,7.577984375,9.3992265625,1.925046875,-2.54127734375,5.19553515625,8.95749609375,6.76802734375,-6.01621484375,0.9644296875,8.86287890625,9.56392578125,1.7148984375,-4.7343671875,5.72526953125,3.143640625,8.32119921875,2.07308203125
-1.74980078125,0.32876171875,1.9505703125,9.05333203125,4.35778515625,4.61191015625,3.41980859375,-4.68759765625,3.88472265625,8.190078125,2.38944140625,-0.86801171875,0.5137109375,4.493984375,5.6272265625,-1.107953125,-5.97927734375,4.55253515625,6.95649609375,3.58302734375,-8.39921484375,3.3164296875,8.02987890625,6.90492578125,-0.6041015625,-6.1503671875,3.67626953125,3.920640625,6.81719921875,0.0690820312499998
-2.90180078125,-0.59223828125,-0.5174296875,6.63533203125,1.27878515625,1.51191015625,1.62780859375,-7.58359765625,1.21772265625,4.197078125,-0.73955859375,-2.31201171875,-0.8402890625,1.010984375,1.8732265625,-3.735953125,-9.05127734375,3.97053515625,4.74349609375,0.57102734375,-10.06021484375,6.2354296875,7.41287890625,4.62892578125,-2.2021015625,-6.5693671875,2.32626953125,5.756640625,5.98919921875,-1.00291796875
-3.68780078125,-1.01723828125,-2.4584296875,4.25433203125,-1.84121484375,-1.23808984375,0.98880859375,-8.84259765625,-1.45927734375,0.285078125000001,-3.31555859375,-3.10601171875,-2.0152890625,-2.410015625,-1.3257734375,-5.614953125,-11.26827734375,3.31353515625,2.53049609375,-1.71997265625,-10.75421484375,8.7894296875,6.93987890625,3.05692578125,-2.7431015625,-5.5993671875,1.85726953125,7.915640625,6.04319921875,-0.59891796875
-4.35580078125,-1.22723828125,-3.4204296875,2.21233203125,-4.75221484375,-3.35108984375,1.14280859375,-8.59459765625,-4.05627734375,-3.154921875,-5.23755859375,-3.52301171875,-3.1782890625,-5.571015625,-3.8357734375,-6.778953125,-12.40127734375,2.31953515625,0.33349609375,-3.14597265625,-10.57521484375,10.0724296875,6.34987890625,2.11092578125,-2.3031015625,-3.2853671875,2.04926953125,9.500640625,6.79319921875,1.32308203125
-5.30680078125,-1.68723828125,-3.2584296875,0.46933203125,-7.47421484375,-4.92608984375,1.28880859375,-7.50159765625,-6.68827734375,-6.111921875,-6.79355859375,-4.08801171875,-4.5552890625,-8.526015625,-5.9137734375,-7.623953125,-12.49527734375,0.71953515625,-1.99050390625,-4.03097265625,-9.93521484375,9.5254296875,5.29387890625,1.35992578125,-1.3591015625,-0.194367187500001,2.33726953125,9.759640625,7.70119921875,4.15008203125
-6.77480078125,-2.77423828125,-2.2904296875,-1.18766796875,-10.14621484375,-6.32208984375,0.58480859375,-6.38459765625,-9.49727734375,-8.818921875,-8.46155859375,-5.36101171875,-6.2712890625,-11.401015625,-7.9897734375,-8.700953125,-11.78427734375,-1.58046484375,-4.59350390625,-4.97297265625,-9.38021484375,7.1744296875,3.52787890625,0.26692578125,-0.576101562500001,2.7696328125,2.07326953125,8.397640625,8.10819921875,6.82708203125
-8.64180078125,-4.53923828125,-1.2354296875,-2.90966796875,-12.82621484375,-7.90408984375,-1.44219140625,-5.82759765625,-12.45527734375,-11.500921875,-10.60655859375,-7.62101171875,-8.2142890625,-14.181015625,-10.3787734375,-10.401953125,-10.57527734375,-4.35546484375,-7.48050390625,-6.49797265625,-9.33621484375,3.6634296875,1.09687890625,-1.51007421875,-0.5081015625,4.7176328125,0.838269531250001,5.727640625,7.54219921875,8.27608203125
-10.48680078125,-6.63923828125,-0.8824296875,-4.65366796875,-15.37221484375,-9.81408984375,-4.64219140625,-5.95459765625,-15.27627734375,-14.138921875,-13.23155859375,-10.63101171875,-9.9902890625,-16.618015625,-13.0607734375,-12.719953125,-9.13927734375,-7.06846484375,-10.41850390625,-8.73997265625,-9.90721484375,0.0574296875,-1.61712109375,-3.92007421875,-1.3471015625,5.1266328125,-1.36673046875,2.540640625,5.90619921875,7.84808203125
-11.77780078125,-8.46323828125,-1.6534296875,-6.19266796875,-17.42521484375,-11.83808984375,-8.24019140625,-6.46659765625,-17.47527734375,-16.400921875,-15.91055859375,-13.64101171875,-11.0222890625,-18.292015625,-15.6377734375,-15.179953125,-7.63527734375,-9.03046484375,-12.97150390625,-11.31497265625,-10.82721484375,-2.5275703125,-4.01912109375,-6.50907421875,-2.8261015625,4.0596328125,-4.09373046875,-0.237359375,3.51419921875,5.59308203125
-12.05880078125,-9.39923828125,-3.3124296875,-7.21666796875,-18.52021484375,-13.45408984375,-11.09019140625,-6.89359765625,-18.52227734375,-17.768921875,-17.92655859375,-15.65701171875,-10.7592890625,-18.783015625,-17.4807734375,-16.990953125,-6.07627734375,-9.66146484375,-14.62150390625,-13.44797265625,-11.56921484375,-3.3395703125,-5.52312109375,-8.59507421875,-4.2981015625,2.1716328125,-6.61273046875,-1.940359375,0.97819921875,2.28008203125
-11.11980078125,-9.08423828125,-5.0694296875,-7.45866796875,-18.27721484375,-14.07308984375,-12.16719140625,-6.90859765625,-18.03827734375,-17.785921875,-18.57955859375,-15.85601171875,-8.9142890625,-17.868015625,-17.9887734375,-17.375953125,-4.38227734375,-8.74346484375,-14.94750390625,-14.31397265625,-11.57321484375,-2.2785703125,-5.79112109375,-9.54707421875,-4.9831015625,0.458632812499999,-8.18873046875,-2.427359375,-1.03680078125,-0.89791796875
-9.12480078125,-7.55623828125,-6.0254296875,-6.80866796875,-16.58721484375,-13.35008984375,-11.08519140625,-6.48459765625,-15.96027734375,-16.306921875,-17.51855859375,-13.96601171875,-5.6362890625,-15.657015625,-16.8657734375,-15.928953125,-2.49427734375,-6.52346484375,-13.80850390625,-13.43197265625,-10.52121484375,0.0574296875,-4.86312109375,-9.05307421875,-4.3121015625,-0.1633671875,-8.37773046875,-2.092359375,-2.09680078125,-2.84191796875
-6.59980078125,-5.24923828125,-5.6704296875,-5.40166796875,-13.70721484375,-11.38408984375,-8.30619140625,-5.79959765625,-12.60427734375,-13.597921875,-14.93355859375,-10.42501171875,-1.5452890625,-12.600015625,-14.2717734375,-12.846953125,-0.49027734375,-3.63646484375,-11.43250390625,-10.91197265625,-8.51521484375,2.6014296875,-3.13612109375,-7.26107421875,-2.2041015625,0.723632812499999,-7.20673046875,-1.669359375,-2.18480078125,-3.02991796875
-4.23080078125,-2.82523828125,-4.1134296875,-3.59866796875,-10.19321484375,-8.66708984375,-4.87919140625,-5.00759765625,-8.59427734375,-10.248921875,-11.48655859375,-6.24601171875,2.4247109375,-9.345015625,-10.7727734375,-8.891953125,1.38672265625,-0.859464843750001,-8.34750390625,-7.42297265625,-6.06621484375,4.2444296875,-1.18612109375,-4.70107421875,0.8798984375,2.8496328125,-5.13573046875,-1.874359375,-1.66680078125,-1.69791796875
-2.59680078125,-0.91923828125,-1.9374296875,-1.89066796875,-6.71021484375,-5.84008984375,-1.87419140625,-4.12059765625,-4.67627734375,-6.935921875,-8.02655859375,-2.63201171875,5.3217109375,-6.509015625,-7.1197734375,-5.082953125,2.81872265625,1.19553515625,-5.17050390625,-3.88697265625,-3.88321484375,4.3254296875,0.49587890625,-2.02307421875,4.1548984375,5.4046328125,-2.80773046875,-3.029359375,-1.04280078125,0.38808203125
-1.99080078125,0.0967617187499999,0.1515703125,-0.74066796875,-3.80121484375,-3.41308984375,0.0748085937499998,-3.10859765625,-1.50227734375,-4.162921875,-5.24255859375,-0.49401171875,6.5387109375,-4.448015625,-3.9457734375,-2.269953125,3.55472265625,2.30853515625,-2.36250390625,-1.05997265625,-2.55621484375,2.9244296875,1.71987890625,0.30692578125,6.8568984375,7.4296328125,-0.728730468749999,-4.852359375,-0.64680078125,2.37008203125
-2.35080078125,0.23976171875,1.6535703125,-0.39366796875,-1.71421484375,-1.58208984375,0.94280859375,-2.04559765625,0.54772265625,-2.096921875,-3.40055859375,-0.10001171875,6.0527109375,-3.157015625,-1.5367734375,-0.787953125,3.50072265625,2.67753515625,-0.0825039062500004,0.78202734375,-2.30621484375,0.8104296875,2.64087890625,2.18192578125,8.5568984375,8.2406328125,0.928269531250001,-6.547359375,-0.498800781249999,3.69408203125
-3.28180078125,-0.14523828125,2.4525703125,-0.71466796875,-0.35821484375,-0.20008984375,1.18680859375,-1.08459765625,1.45072265625,-0.568921875,-2.30455859375,-1.01801171875,4.4217109375,-2.349015625,0.2322265625,-0.375953125000001,2.73972265625,2.74253515625,1.78649609375,1.87602734375,-2.92421484375,-0.9585703125,3.59587890625,3.80492578125,9.2808984375,7.6776328125,2.30426953125,-7.179359375,-0.37280078125,4.25608203125
-4.18380078125,-0.57223828125,2.7845703125,-1.19666796875,0.60378515625,1.09091015625,1.44480859375,-0.304597656250001,1.51772265625,0.779078125,-1.44955859375,-2.36201171875,2.5257109375,-1.630015625,1.7642265625,-0.359953125000001,1.50372265625,2.91553515625,3.49349609375,2.76002734375,-3.89821484375,-1.5325703125,4.85787890625,5.48392578125,9.4358984375,6.0996328125,3.67126953125,-6.117359375,0.0211992187500005,4.34708203125
-4.51080078125,-0.63023828125,3.0365703125,-1.19266796875,1.57278515625,2.64391015625,2.20480859375,0.370402343749999,1.23872265625,2.287078125,-0.30955859375,-3.21801171875,1.1787109375,-0.706015625,3.4982265625,-0.0209531250000001,0.11872265625,3.39353515625,5.23349609375,3.93602734375,-4.66021484375,-0.5995703125,6.45887890625,7.40092578125,9.5928984375,4.1866328125,5.22626953125,-3.318359375,0.886199218750001,4.46508203125
-4.01880078125,-0.13023828125,3.4665703125,-0.25966796875,2.83278515625,4.60191015625,3.59680859375,1.10840234375,1.06772265625,4.102078125,1.39444140625,-3.03101171875,0.8137109375,0.504984375,5.6682265625,1.052046875,-1.06927734375,4.12053515625,7.02549609375,5.60202734375,-4.82021484375,1.5744296875,8.18187890625,9.49192578125,10.2248984375,2.6396328125,6.97026953125,0.660640625000001,2.25819921875,5.07908203125
-2.84580078125,0.87276171875,4.0365703125,1.61533203125,4.44478515625,6.80591015625,5.42180859375,2.04240234375,1.23872265625,6.115078125,3.54544140625,-1.77501171875,1.3757109375,1.869984375,8.1672265625,2.779046875,-1.78427734375,4.86353515625,8.68049609375,7.55902734375,-4.31621484375,4.3174296875,9.66787890625,11.44692578125,11.4878984375,1.9166328125,8.70026953125,4.860640625,3.97719921875,6.37908203125
-1.39880078125,2.14176171875,4.4635703125,4.04233203125,6.23578515625,8.86591015625,7.34380859375,3.17240234375,1.71972265625,8.000078125,5.68144140625,0.11498828125,2.4277109375,3.119984375,10.5612265625,4.652046875,-1.90927734375,5.34753515625,9.87149609375,9.30902734375,-3.40021484375,6.8184296875,10.56087890625,12.83092578125,13.1288984375,2.0726328125,10.09126953125,8.231640625,5.69819921875,8.12808203125
-0.17280078125,3.35476171875,4.4335703125,6.44833203125,7.86078515625,10.30691015625,9.03680859375,4.31440234375,2.29372265625,9.350078125,7.18244140625,1.97298828125,3.4057109375,3.969984375,12.2552265625,5.983046875,-1.52027734375,5.37553515625,10.25649609375,10.27202734375,-2.51721484375,8.3904296875,10.63887890625,13.23892578125,14.5698984375,2.8016328125,10.83626953125,9.972640625,6.98219921875,9.74308203125
0.41619921875,4.20376171875,3.8165703125,8.33933203125,8.93278515625,10.74691015625,10.20880859375,5.10840234375,2.71072265625,9.845078125,7.54144140625,3.18798828125,3.8727109375,4.223984375,12.7402265625,6.224046875,-0.83727734375,4.90453515625,9.62549609375,10.03702734375,-2.08821484375,8.6924296875,9.87487890625,12.46192578125,15.1588984375,3.6316328125,10.77226953125,9.806640625,7.47719921875,10.60408203125
0.19319921875,4.48676171875,2.7695703125,9.47133203125,9.18978515625,10.04891015625,10.61480859375,5.15140234375,2.82772265625,9.390078125,6.60444140625,3.44898828125,3.7037109375,3.837984375,11.8112265625,5.217046875,-0.10627734375,4.07353515625,8.01249609375,8.55002734375,-2.32621484375,7.8394296875,8.44287890625,10.57692578125,14.4638984375,4.1846328125,9.95926953125,8.098640625,7.09219921875,10.41808203125
-0.65180078125,4.16076171875,1.6675703125,9.90133203125,8.61678515625,8.40591015625,10.13780859375,4.24040234375,2.66372265625,8.167078125,4.66844140625,2.85298828125,3.1097109375,2.931984375,9.6852265625,3.281046875,0.51072265625,3.14453515625,5.72649609375,6.15202734375,-3.13821484375,6.3504296875,6.65587890625,7.94292578125,12.4868984375,4.3286328125,8.65126953125,5.703640625,6.04619921875,9.37108203125
-1.63880078125,3.34976171875,0.933570312500001,9.87633203125,7.47378515625,6.28291015625,8.86980859375,2.54240234375,2.36372265625,6.565078125,2.37044140625,1.82098828125,2.4997109375,1.742984375,6.9262265625,1.081046875,0.98772265625,2.38953515625,3.25849609375,3.46502734375,-4.19121484375,4.9004296875,4.86787890625,5.09692578125,9.6748984375,4.1476328125,7.17426953125,3.589640625,4.73519921875,7.97008203125
-2.27480078125,2.28476171875,0.832570312500001,9.64933203125,6.18178515625,4.22891015625,7.08680859375,0.529402343749999,2.09772265625,5.028078125,0.40144140625,0.86598828125,2.2577109375,0.546984375,4.2442265625,-0.657953125000001,1.39272265625,1.96353515625,1.10249609375,1.15602734375,-5.08521484375,4.0044296875,3.36287890625,2.57292578125,6.7158984375,3.7736328125,5.78026953125,2.388640625,3.47819921875,6.69008203125
-2.33480078125,1.20676171875,1.3655703125,9.34533203125,5.13778515625,2.65691015625,5.14580859375,-1.26059765625,1.97072265625,3.888078125,-0.78955859375,0.32898828125,2.5397109375,-0.407015625,2.2392265625,-1.457953125,1.80672265625,1.85253515625,-0.40950390625,-0.31197265625,-5.54721484375,3.7904296875,2.28787890625,0.73392578125,4.2478984375,3.2296328125,4.55726953125,2.129640625,2.32519921875,5.66408203125
-1.90680078125,0.28276171875,2.2885703125,8.96633203125,4.58078515625,1.72691015625,3.40380859375,-2.44559765625,1.98472265625,3.276078125,-1.14355859375,0.25298828125,3.2187109375,-0.959015625,1.1992265625,-1.261953125,2.28172265625,1.91353515625,-1.18050390625,-0.812972656249999,-5.52921484375,4.0044296875,1.64387890625,-0.31707421875,2.6398984375,2.4366328125,3.45226953125,2.297640625,1.07219921875,4.65708203125
-1.25480078125,-0.40823828125,3.2415703125,8.48933203125,4.54378515625,1.35491015625,2.17480859375,-2.86959765625,2.06272265625,3.121078125,-0.93555859375,0.42598828125,3.9737109375,-1.088015625,1.0452265625,-0.390953125000001,2.84172265625,1.96753515625,-1.32650390625,-0.54497265625,-5.18921484375,4.1924296875,1.32687890625,-0.70607421875,1.9368984375,1.3716328125,2.38926953125,2.177640625,-0.52980078125,3.34908203125
-0.64980078125,-0.84223828125,3.8735703125,7.94133203125,4.88678515625,1.32691015625,1.65080859375,-2.55359765625,2.09472265625,3.222078125,-0.58955859375,0.56098828125,4.4577109375,-0.933015625,1.4152265625,0.648046874999999,3.49772265625,1.87853515625,-1.08850390625,0.102027343750001,-4.77521484375,3.9504296875,1.18887890625,-0.67207421875,1.9548984375,0.237632812499999,1.39026953125,1.285640625,-2.50180078125,1.71108203125
-0.27680078125,-1.00523828125,3.9465703125,7.40433203125,5.39378515625,1.42291015625,1.82680859375,-1.63959765625,1.99772265625,3.350078125,-0.45755859375,0.46298828125,4.4277109375,-0.746015625,1.8492265625,1.406046875,4.23072265625,1.58653515625,-0.72750390625,0.735027343750001,-4.51721484375,3.1204296875,1.10287890625,-0.445074218749999,2.4268984375,-0.529367187500001,0.62426953125,-0.355359374999999,-4.50580078125,0.18308203125
-0.17680078125,-0.88623828125,3.3985703125,6.96933203125,5.85478515625,1.51891015625,2.52580859375,-0.326597656250001,1.75172265625,3.334078125,-0.67255859375,0.12698828125,3.7977109375,-0.781015625,1.9852265625,1.657046875,4.95172265625,1.10053515625,-0.42950390625,1.10002734375,-4.54921484375,1.8514296875,1.01287890625,-0.16607421875,3.1218984375,-0.4713671875,0.33026953125,-2.230359375,-5.95980078125,-0.52791796875
-0.22380078125,-0.51023828125,2.3575703125,6.67533203125,6.11078515625,1.60091015625,3.51080859375,1.16240234375,1.38672265625,3.092078125,-1.13155859375,-0.29201171875,2.6067109375,-1.191015625,1.6802265625,1.448046875,5.47672265625,0.46653515625,-0.26450390625,1.13902734375,-4.88821484375,0.5224296875,0.935878906249999,0.11192578125,3.8688984375,0.5976328125,0.67326953125,-3.622359375,-6.33380078125,0.10708203125
-0.22880078125,0.02176171875,1.0575703125,6.46533203125,6.04378515625,1.68091015625,4.54780859375,2.52240234375,0.89572265625,2.608078125,-1.63255859375,-0.61801171875,0.9467109375,-2.005015625,0.9892265625,0.979046875,5.57372265625,-0.27746484375,-0.22350390625,0.921027343750001,-5.46521484375,-0.4565703125,0.90087890625,0.35392578125,4.5168984375,2.4036328125,1.60126953125,-4.040359375,-5.47980078125,2.02508203125
-0.12080078125,0.51876171875,-0.2764296875,6.15933203125,5.53178515625,1.68091015625,5.37480859375,3.30740234375,0.15472265625,1.857078125,-2.06355859375,-0.81401171875,-1.0852890625,-3.164015625,0.0472265625000001,0.425046875,5.04272265625,-1.12346484375,-0.30050390625,0.51902734375,-6.17721484375,-0.8605703125,0.87587890625,0.47192578125,4.8798984375,4.2726328125,2.79426953125,-3.504359375,-3.77480078125,4.49908203125
-0.0458007812500001,0.72976171875,-1.4994296875,5.48533203125,4.44678515625,1.38791015625,5.67380859375,2.99640234375,-1.07327734375,0.753078125,-2.51555859375,-1.03701171875,-3.3642890625,-4.585015625,-1.0577734375,-0.202953125000001,3.82972265625,-2.08446484375,-0.54750390625,-0.0759726562499994,-6.91421484375,-0.7365703125,0.736878906249999,0.31092578125,4.7558984375,5.4196328125,3.77026953125,-2.508359375,-1.94280078125,6.46508203125
-0.28980078125,0.42376171875,-2.5144296875,4.17433203125,2.69678515625,0.53391015625,5.14780859375,1.23740234375,-3.01827734375,-0.835921874999999,-3.23255859375,-1.56101171875,-5.6802890625,-6.182015625,-2.3257734375,-1.061953125,2.07972265625,-3.14646484375,-1.05850390625,-0.947972656249999,-7.54821484375,-0.3325703125,0.32587890625,-0.28507421875,4.0288984375,5.3236328125,4.09726953125,-1.691359375,-0.672800781249999,7.08008203125
-1.12680078125,-0.53523828125,-3.2324296875,2.07633203125,0.28578515625,-1.05808984375,3.64580859375,-1.85359765625,-5.75727734375,-3.003921875,-4.44755859375,-2.61401171875,-7.7332890625,-7.881015625,-3.8087734375,-2.362953125,0.106722656250001,-4.25446484375,-1.92050390625,-2.18997265625,-7.93221484375,0.0614296875,-0.46812109375,-1.38707421875,2.7498984375,3.9686328125,3.55826953125,-1.473359375,-0.286800781249999,6.15008203125
-2.69680078125,-2.11723828125,-3.5984296875,-0.76066796875,-2.63921484375,-3.37708984375,1.25180859375,-5.60059765625,-9.12227734375,-5.710921875,-6.24555859375,-4.25001171875,-9.2412890625,-9.624015625,-5.5357734375,-4.221953125,-1.73927734375,-5.33646484375,-3.19150390625,-3.83397265625,-7.95721484375,0.2424296875,-1.66612109375,-2.96007421875,1.1118984375,1.8156328125,2.18926953125,-1.903359375,-0.68380078125,4.16008203125
-4.92780078125,-4.10723828125,-3.6404296875,-4.03866796875,-5.79121484375,-6.17908984375,-1.68519140625,-8.95559765625,-12.70927734375,-8.727921875,-8.48855859375,-6.29201171875,-10.0702890625,-11.372015625,-7.4537734375,-6.555953125,-3.20727734375,-6.34146484375,-4.87350390625,-5.81497265625,-7.62521484375,0.1214296875,-3.20912109375,-4.89907421875,-0.6651015625,-0.465367187500001,0.189269531250001,-2.758359375,-1.54780078125,1.92908203125
-7.46780078125,-6.13323828125,-3.4774296875,-7.23066796875,-8.76121484375,-9.01208984375,-4.55119140625,-10.89359765625,-15.96327734375,-11.653921875,-10.81955859375,-8.35801171875,-10.2842890625,-13.052015625,-9.4037734375,-9.051953125,-4.19827734375,-7.24346484375,-6.88250390625,-7.96297265625,-7.08121484375,-0.2895703125,-4.97912109375,-7.06207421875,-2.4431015625,-2.3153671875,-2.19173046875,-3.752359375,-2.60580078125,0.13408203125
-9.70080078125,-7.74123828125,-3.2484296875,-9.67266796875,-11.05021484375,-11.29108984375,-6.58019140625,-10.80759765625,-18.28827734375,-13.986921875,-12.73155859375,-9.93701171875,-10.0592890625,-14.506015625,-11.1237734375,-11.233953125,-4.71427734375,-7.98446484375,-8.99650390625,-10.00697265625,-6.54321484375,-0.9025703125,-6.79912109375,-9.26907421875,-4.1701015625,-3.4913671875,-4.70373046875,-4.691359375,-3.74980078125,-0.98791796875
-10.92280078125,-8.52223828125,-3.0274296875,-10.75966796875,-12.14721484375,-12.44208984375,-7.07619140625,-8.73359765625,-19.17927734375,-15.241921875,-13.68755859375,-10.50801171875,-9.5452890625,-15.458015625,-12.2907734375,-12.595953125,-4.74827734375,-8.43646484375,-10.84650390625,-11.60697265625,-6.16021484375,-1.5695703125,-8.42512109375,-11.25407421875,-5.8021015625,-4.0423671875,-7.08073046875,-5.493359375,-4.97580078125,-1.61891796875
-10.62280078125,-8.23723828125,-2.7834296875,-10.16766796875,-11.66821484375,-12.06708984375,-5.68319140625,-5.31959765625,-18.35027734375,-15.078921875,-13.29755859375,-9.69601171875,-8.8002890625,-15.580015625,-12.5967734375,-12.770953125,-4.22327734375,-8.41946484375,-11.98150390625,-12.42697265625,-5.91021484375,-2.1085703125,-9.56212109375,-12.67107421875,-7.1891015625,-4.1333671875,-9.01073046875,-6.109359375,-6.25180078125,-2.08591796875
-8.72880078125,-6.88723828125,-2.3994296875,-7.98366796875,-9.51921484375,-10.08508984375,-2.52519140625,-1.54159765625,-15.83627734375,-13.402921875,-11.44655859375,-7.42101171875,-7.8262890625,-14.620015625,-11.8307734375,-11.656953125,-3.00827734375,-7.80546484375,-12.00050390625,-12.21097265625,-5.58521484375,-2.3745703125,-9.92812109375,-13.14607421875,-8.0361015625,-3.8433671875,-10.14073046875,-6.458359375,-7.41580078125,-2.56391796875
-5.69580078125,-4.70623828125,-1.7604296875,-4.70466796875,-6.00021484375,-6.76308984375,1.83980859375,1.69140234375,-12.02727734375,-10.411921875,-8.33655859375,-3.98001171875,-6.6602890625,-12.544015625,-9.9327734375,-9.445953125,-1.02727734375,-6.62146484375,-10.70550390625,-10.86797265625,-4.90321484375,-2.3465703125,-9.34912109375,-12.39407421875,-7.9791015625,-3.0903671875,-10.16373046875,-6.442359375,-8.21080078125,-2.95391796875
-2.39180078125,-2.07523828125,-0.8334296875,-1.09466796875,-1.77021484375,-2.65608984375,6.57680859375,3.84540234375,-7.60627734375,-6.544921875,-4.42155859375,0.00198828124999983,-5.4032890625,-9.595015625,-7.0067734375,-6.554953125,1.61772265625,-5.07446484375,-8.18150390625,-8.48697265625,-3.66421484375,-2.1425703125,-7.83112109375,-10.32507421875,-6.7551015625,-1.7313671875,-8.92473046875,-6.020359375,-8.39780078125,-2.99791796875
0.21119921875,0.57576171875,0.300570312500001,2.01933203125,2.34078515625,1.55091015625,10.80480859375,4.88640234375,-3.38127734375,-2.369921875,-0.28055859375,3.75998828125,-4.1882890625,-6.243015625,-3.2927734375,-3.466953125,4.57772265625,-3.46546484375,-4.77450390625,-5.31697265625,-1.87521484375,-1.9325703125,-5.56212109375,-7.09007421875,-4.3731015625,0.245632812499999,-6.50873046875,-5.258359375,-7.87180078125,-2.47491796875
1.48119921875,2.85476171875,1.5145703125,3.97433203125,5.60678515625,5.25191015625,13.87580859375,5.19440234375,-0.05727734375,1.574078125,3.54744140625,6.64998828125,-3.1082890625,-3.029015625,0.8822265625,-0.570953125000001,7.33972265625,-2.04846484375,-0.97150390625,-1.68097265625,0.24978515625,-1.8175703125,-2.85512109375,-3.05607421875,-1.1611015625,2.5936328125,-3.23273046875,-4.299359375,-6.71080078125,-1.36491796875
1.43219921875,4.50076171875,2.7405703125,4.46233203125,7.64178515625,8.11991015625,15.60880859375,5.34040234375,1.98372265625,4.921078125,6.71544140625,8.37398828125,-2.1722890625,-0.384015625,5.1692265625,1.969046875,9.43072265625,-0.93346484375,2.77149609375,2.11002734375,2.40578515625,-1.7445703125,-0.0581210937500005,1.29192578125,2.3608984375,4.8646328125,0.459269531250001,-3.269359375,-5.12480078125,0.16308203125
0.67919921875,5.45776171875,4.0025703125,3.63233203125,8.51978515625,10.17991015625,16.32080859375,5.81140234375,2.80372265625,7.560078125,9.15244140625,9.05198828125,-1.3102890625,1.514984375,9.2542265625,4.221046875,10.62772265625,-0.0554648437500003,6.14749609375,5.81902734375,4.34278515625,-1.5355703125,2.54787890625,5.47892578125,5.6928984375,6.6256328125,4.13726953125,-2.182359375,-3.33580078125,1.87708203125
0.0351992187499999,5.89176171875,5.3385703125,2.06633203125,8.70278515625,11.72491015625,16.61480859375,6.78340234375,2.85972265625,9.628078125,11.01444140625,9.11298828125,-0.4182890625,2.780984375,12.8832265625,6.367046875,11.00672265625,0.754535156249999,9.03149609375,9.27202734375,5.93478515625,-0.9825703125,4.80187890625,9.12592578125,8.5188984375,7.6826328125,7.49526953125,-0.906359375,-1.47880078125,3.63208203125
0.0751992187499999,6.09676171875,6.6885703125,0.60233203125,8.82078515625,13.09091015625,17.03880859375,8.07040234375,2.80172265625,11.364078125,12.52444140625,9.05798828125,0.5687109375,3.721984375,15.8262265625,8.507046875,10.81272265625,1.66853515625,11.40249609375,12.28102734375,7.14078515625,0.0264296875000001,6.66187890625,11.96492578125,10.7088984375,8.1316328125,10.36126953125,0.730640625,0.418199218750001,5.38908203125
0.91519921875,6.31276171875,7.8355703125,-0.00666796874999953,9.35878515625,14.42791015625,17.80480859375,9.23840234375,3.19172265625,12.930078125,13.77344140625,9.20998828125,1.6117109375,4.661984375,17.8302265625,10.498046875,10.24672265625,2.75753515625,13.23649609375,14.56902734375,7.90878515625,1.4354296875,8.13087890625,13.79792578125,12.2208984375,8.2216328125,12.61626953125,2.757640625,2.34619921875,7.12608203125
2.24719921875,6.58876171875,8.4655703125,0.55633203125,10.43978515625,15.58591015625,18.69680859375,9.81640234375,4.26472265625,14.290078125,14.63144140625,9.57798828125,2.5307109375,5.768984375,18.6392265625,11.964046875,9.35972265625,3.95853515625,14.44449609375,15.79402734375,8.13178515625,3.0144296875,9.19087890625,14.49692578125,13.0008984375,8.1486328125,14.12426953125,4.922640625,4.20119921875,8.73108203125
3.55319921875,6.77776171875,8.2925703125,2.00833203125,11.80378515625,16.19891015625,19.20380859375,9.48440234375,5.85272265625,15.243078125,14.82944140625,9.89498828125,3.0687109375,6.991984375,18.1012265625,12.485046875,8.10072265625,5.11153515625,14.91949609375,15.70002734375,7.69778515625,4.4404296875,9.78687890625,14.04292578125,12.9698984375,7.9416328125,14.73326953125,6.740640625,5.74519921875,9.97508203125
4.38919921875,6.65876171875,7.2205703125,3.64233203125,12.96878515625,15.90891015625,18.81780859375,8.16940234375,7.49272265625,15.575078125,14.15744140625,9.80198828125,3.0267109375,8.113984375,16.3222265625,11.850046875,6.46572265625,6.04953515625,14.64449609375,14.29802734375,6.59778515625,5.4124296875,9.86187890625,12.60092578125,12.0938984375,7.4806328125,14.35126953125,7.699640625,6.66819921875,10.55508203125
4.59319921875,6.06976171875,5.4745703125,4.73633203125,13.48678515625,14.60791015625,17.31280859375,6.06040234375,8.64472265625,15.199078125,12.64844140625,9.05698828125,2.4277109375,8.877984375,13.7232265625,10.196046875,4.58272265625,6.65953515625,13.77049609375,11.95802734375,4.99878515625,5.7384296875,9.41687890625,10.52092578125,10.4568984375,6.6246328125,13.03826953125,7.510640625,6.73219921875,10.21408203125
4.29119921875,4.98976171875,3.5665703125,4.87833203125,13.11078515625,12.50991015625,14.85480859375,3.55340234375,8.90872265625,14.196078125,10.60244140625,7.65398828125,1.5697109375,9.089984375,10.9362265625,7.962046875,2.70272265625,6.90953515625,12.59249609375,9.31402734375,3.22978515625,5.3904296875,8.54487890625,8.25492578125,8.2868984375,5.3466328125,11.04926953125,6.240640625,5.90119921875,8.86908203125
3.69119921875,3.54476171875,2.0715703125,4.03833203125,11.84978515625,10.05191015625,11.86280859375,1.13440234375,8.14372265625,12.765078125,8.44944140625,5.79598828125,0.9127109375,8.669984375,8.5782265625,5.696046875,1.10072265625,6.83153515625,11.41849609375,7.02102734375,1.66678515625,4.5084296875,7.41687890625,6.20892578125,5.9088984375,3.7976328125,8.76826953125,4.266640625,4.37819921875,6.70008203125
2.89019921875,1.97076171875,1.3315703125,2.42233203125,9.91378515625,7.68591015625,8.82280859375,-0.774597656250001,6.48472265625,11.110078125,6.55144140625,3.77698828125,0.8417109375,7.638984375,7.0152265625,3.829046875,-0.0282773437500001,6.48653515625,10.41949609375,5.48502734375,0.57678515625,3.3544296875,6.22987890625,4.61392578125,3.6468984375,2.2546328125,6.57226953125,2.105640625,2.53919921875,4.11308203125
1.90019921875,0.55976171875,1.2995703125,0.34033203125,7.62578515625,5.71791015625,6.17380859375,-1.94559765625,4.28672265625,9.378078125,5.06744140625,1.88998828125,1.4407109375,6.102984375,6.2352265625,2.542046875,-0.60827734375,5.93553515625,9.57149609375,4.71502734375,0.0227851562500003,2.2534296875,5.13387890625,3.47692578125,1.7348984375,1.0136328125,4.70426953125,0.228640625,0.799199218750001,1.62308203125
0.80319921875,-0.42523828125,1.6235703125,-1.84166796875,5.31578515625,4.23691015625,4.27480859375,-2.40259765625,2.02972265625,7.628078125,3.93044140625,0.37098828125,2.4457109375,4.224984375,5.8842265625,1.757046875,-0.66727734375,5.21653515625,8.70449609375,4.36502734375,-0.13021484375,1.5034296875,4.18787890625,2.63892578125,0.277898437499999,0.301632812499999,3.22726953125,-1.045359375,-0.49780078125,-0.28891796875
-0.17580078125,-0.83623828125,1.8575703125,-3.71466796875,3.24678515625,3.13091015625,3.31280859375,-2.40559765625,0.17572265625,5.853078125,2.92144140625,-0.63701171875,3.3927109375,2.190984375,5.4402265625,1.215046875,-0.32127734375,4.34953515625,7.61249609375,3.93302734375,-0.12621484375,1.2844296875,3.34887890625,1.87592578125,-0.743101562500001,0.2306328125,2.06326953125,-1.583359375,-1.15380078125,-1.29691796875
-0.78980078125,-0.71923828125,1.6685703125,-4.91866796875,1.53278515625,2.15591015625,3.16780859375,-2.35759765625,-0.98627734375,3.994078125,1.74944140625,-1.16001171875,3.8717109375,0.155984375,4.4202265625,0.569046875,0.250722656250001,3.33853515625,6.15749609375,2.97402734375,-0.22021484375,1.5924296875,2.50087890625,0.98192578125,-1.4671015625,0.7626328125,1.06426953125,-1.451359375,-1.16680078125,-1.31891796875
-0.95680078125,-0.33023828125,0.9425703125,-5.26966796875,0.12478515625,1.02391015625,3.34980859375,-2.64559765625,-1.43727734375,1.972078125,0.14344140625,-1.46001171875,3.7297109375,-1.793015625,2.5492265625,-0.511953125000001,0.835722656250001,2.19553515625,4.29949609375,1.25002734375,-0.61321484375,2.2324296875,1.50787890625,-0.20007421875,-2.1311015625,1.6776328125,0.0672695312500009,-0.893359375,-0.733800781249999,-0.57291796875
-0.84780078125,-0.0842382812500001,-0.2104296875,-4.84966796875,-1.15621484375,-0.49508984375,3.10280859375,-3.45359765625,-1.40627734375,-0.281921875,-2.07355859375,-2.01001171875,3.1157109375,-3.637015625,-0.1727734375,-2.254953125,1.23972265625,0.96853515625,2.09449609375,-1.23997265625,-1.40621484375,2.9154296875,0.27487890625,-1.76307421875,-3.0171015625,2.6046328125,-1.06473046875,-0.267359375,-0.172800781249999,0.47908203125
-0.82980078125,-0.40623828125,-1.5234296875,-3.98366796875,-2.49721484375,-2.50208984375,1.67280859375,-4.67559765625,-1.23527734375,-2.758921875,-4.89655859375,-3.30001171875,2.3727109375,-5.374015625,-3.4777734375,-4.685953125,1.35272265625,-0.23746484375,-0.32450390625,-4.28897265625,-2.57521484375,3.3894296875,-1.19812109375,-3.71407421875,-4.3491015625,3.1196328125,-2.41873046875,0.0646406250000005,0.195199218750001,1.29208203125
-1.28080078125,-1.53823828125,-2.7164296875,-3.09666796875,-3.96221484375,-4.89908984375,-1.33819140625,-5.96659765625,-1.20627734375,-5.302921875,-8.08155859375,-5.54801171875,1.8547109375,-6.943015625,-6.9057734375,-7.571953125,1.17772265625,-1.26146484375,-2.75650390625,-7.53997265625,-3.94821484375,3.5334296875,-2.80112109375,-5.94307421875,-6.1791015625,2.9066328125,-4.00073046875,-0.149359375,0.147199218750001,1.44408203125
-2.33080078125,-3.36323828125,-3.6024296875,-2.49866796875,-5.39921484375,-7.35208984375,-5.65619140625,-6.89759765625,-1.40127734375,-7.589921875,-11.14155859375,-8.46601171875,1.7937109375,-8.184015625,-9.9037734375,-10.434953125,0.81272265625,-1.93646484375,-4.94350390625,-10.53497265625,-5.22321484375,3.3794296875,-4.34112109375,-8.20807421875,-8.3001015625,1.9006328125,-5.72273046875,-0.981359375,-0.38080078125,0.79908203125
-3.68680078125,-5.39723828125,-4.1154296875,-2.25266796875,-6.47821484375,-9.33108984375,-10.28019140625,-7.13559765625,-1.66927734375,-9.201921875,-13.43455859375,-11.27501171875,2.2357109375,-8.858015625,-11.9507734375,-12.662953125,0.39372265625,-2.13346484375,-6.60650390625,-12.77697265625,-6.04321484375,3.0604296875,-5.59612109375,-10.16207421875,-10.2601015625,0.337632812499999,-7.39973046875,-2.323359375,-1.29680078125,-0.44891796875
-4.72780078125,-6.97623828125,-4.2644296875,-2.18866796875,-6.84121484375,-10.28008984375,-13.83419140625,-6.58859765625,-1.72227734375,-9.764921875,-14.36255859375,-13.01701171875,3.0637109375,-8.736015625,-12.6727734375,-13.679953125,0.0297226562500006,-1.81046484375,-7.49750390625,-13.82297265625,-6.12121484375,2.7104296875,-6.37512109375,-11.42207421875,-11.4961015625,-1.3623671875,-8.79073046875,-3.951359375,-2.38880078125,-1.87591796875
-4.86580078125,-7.54723828125,-4.0714296875,-2.04566796875,-6.28421484375,-9.85508984375,-15.20619140625,-5.45859765625,-1.29727734375,-9.093921875,-13.59655859375,-12.99101171875,4.0447109375,-7.714015625,-11.9117734375,-13.127953125,-0.22027734375,-1.02646484375,-7.44950390625,-13.37997265625,-5.36021484375,2.3904296875,-6.55512109375,-11.67107421875,-11.5561015625,-2.7773671875,-9.66073046875,-5.602359375,-3.38780078125,-3.01891796875
-3.88780078125,-6.90023828125,-3.5414296875,-1.61166796875,-4.86421484375,-8.09708984375,-14.06419140625,-4.13259765625,-0.30627734375,-7.257921875,-11.20655859375,-11.09601171875,4.9207109375,-5.880015625,-9.7417734375,-10.964953125,-0.30927734375,0.0815351562499997,-6.40650390625,-11.39397265625,-3.87621484375,2.0774296875,-6.09012109375,-10.73607421875,-10.2761015625,-3.6243671875,-9.83473046875,-7.022359375,-4.03780078125,-3.53591796875
-2.04980078125,-5.22923828125,-2.6734296875,-0.801667968749999,-2.87721484375,-5.40708984375,-10.91819140625,-2.93959765625,1.11572265625,-4.557921875,-7.64055859375,-7.86101171875,5.4867109375,-3.513015625,-6.4457734375,-7.474953125,-0.12827734375,1.33253515625,-4.43450390625,-8.06797265625,-1.91921484375,1.7274296875,-5.00612109375,-8.63907421875,-7.8551015625,-3.7703671875,-9.22773046875,-7.986359375,-4.16880078125,-3.28891796875
0.10819921875,-2.99623828125,-1.4924296875,0.32633203125,-0.74121484375,-2.36508984375,-6.77319140625,-1.96559765625,2.66072265625,-1.437921875,-3.57455859375,-4.17501171875,5.6377109375,-1.017015625,-2.4667734375,-3.180953125,0.48772265625,2.53353515625,-1.74050390625,-3.84497265625,0.24478515625,1.3544296875,-3.42112109375,-5.61807421875,-4.7731015625,-3.1913671875,-7.87573046875,-8.325359375,-3.76180078125,-2.34691796875
2.02919921875,-0.70923828125,-0.0914296874999998,1.56933203125,1.16078515625,0.49491015625,-2.62619140625,-1.06959765625,3.96872265625,1.624078125,0.28844140625,-0.84901171875,5.3707109375,1.194984375,1.6522265625,1.285046875,1.66872265625,3.50053515625,1.32349609375,0.66202734375,2.40178515625,1.0824296875,-1.55812109375,-2.09507421875,-1.6191015625,-1.9433671875,-5.94973046875,-7.945359375,-2.94580078125,-0.92291796875
3.34219921875,1.26976171875,1.3775703125,2.61133203125,2.59478515625,2.83491015625,0.89580859375,-0.0475976562500007,4.77072265625,4.222078125,3.39444140625,1.70298828125,4.7727109375,2.813984375,5.3512265625,5.315046875,3.38472265625,4.08853515625,4.29349609375,4.78102734375,4.40678515625,1.1144296875,0.284878906249999,1.38892578125,1.0968984375,-0.166367187500001,-3.73473046875,-6.827359375,-1.93980078125,0.71308203125
3.94619921875,2.77276171875,2.7735703125,3.11733203125,3.49278515625,4.53591015625,3.64380859375,1.19940234375,4.97672265625,6.075078125,5.41844140625,3.50198828125,4.0017109375,3.704984375,8.1332265625,8.422046875,5.40172265625,4.22453515625,6.68049609375,7.90802734375,6.14278515625,1.6154296875,1.78087890625,4.27692578125,3.0738984375,1.8976328125,-1.58373046875,-5.075359375,-0.96580078125,2.29108203125
3.95219921875,3.75376171875,4.0205703125,2.84433203125,3.88178515625,5.58491015625,5.76580859375,2.60940234375,4.66272265625,7.028078125,6.24544140625,4.76198828125,3.2607109375,3.884984375,9.6152265625,10.269046875,7.33172265625,3.89253515625,8.06849609375,9.62002734375,7.47378515625,2.5384296875,2.63487890625,6.10092578125,4.2268984375,3.8956328125,0.122269531250001,-2.999359375,-0.23180078125,3.54308203125
3.52919921875,4.19276171875,5.0685703125,1.71533203125,3.78578515625,5.93691015625,7.37780859375,3.99840234375,3.97372265625,7.022078125,5.89344140625,5.59498828125,2.7327109375,3.441984375,9.5722265625,10.669046875,8.76872265625,3.10553515625,8.18349609375,9.74102734375,8.22478515625,3.5434296875,2.61887890625,6.56292578125,4.6028984375,5.4056328125,1.01426953125,-1.154359375,0.0391992187500003,4.18308203125
2.79019921875,4.07876171875,5.8185703125,-0.15266796875,3.20378515625,5.49291015625,8.34380859375,5.16040234375,3.04472265625,6.094078125,4.46844140625,5.91098828125,2.5177109375,2.469984375,7.9892265625,9.613046875,9.44372265625,1.88053515625,6.94849609375,8.37602734375,8.22678515625,4.0824296875,1.61187890625,5.61292578125,4.3048984375,6.0716328125,0.81026953125,-0.209359375,-0.36780078125,3.94708203125
1.81719921875,3.45576171875,6.1485703125,-2.46066796875,2.18678515625,4.21491015625,8.36480859375,5.95740234375,1.98472265625,4.416078125,2.21044140625,5.55598828125,2.5827109375,1.064984375,5.1412265625,7.342046875,9.34172265625,0.254535156249999,4.53849609375,5.91002734375,7.43378515625,3.6564296875,-0.33912109375,3.50392578125,3.4858984375,5.7916328125,-0.544730468749999,-0.619359375,-1.53680078125,2.74808203125
0.76219921875,2.47876171875,6.0545703125,-4.78266796875,0.91578515625,2.30491015625,7.30280859375,6.35040234375,0.91472265625,2.341078125,-0.42755859375,4.55598828125,2.7487109375,-0.633015625,1.6242265625,4.406046875,8.72972265625,-1.68046484375,1.41249609375,2.97202734375,6.04278515625,2.0894296875,-2.94312109375,0.78792578125,2.4068984375,4.8446328125,-2.74873046875,-2.317359375,-3.25380078125,0.83808203125
-0.14380078125,1.39876171875,5.7565703125,-6.69866796875,-0.30421484375,0.24291015625,5.43180859375,6.36740234375,-0.02227734375,0.354078125,-2.80455859375,3.23098828125,2.7437109375,-2.409015625,-1.7357734375,1.601046875,8.06472265625,-3.74846484375,-1.75150390625,0.31302734375,4.50078515625,-0.3465703125,-5.67312109375,-1.79507421875,1.4488984375,3.8266328125,-5.13473046875,-4.624359375,-4.97580078125,-1.16991796875
-0.73380078125,0.49976171875,5.6275703125,-7.93766796875,-1.16321484375,-1.36508984375,3.38480859375,6.05340234375,-0.70827734375,-1.060921875,-4.26255859375,2.09098828125,2.2957109375,-4.009015625,-4.1137734375,-0.259953125000001,7.78672265625,-5.71446484375,-4.24150390625,-1.39397265625,3.36378515625,-3.0605703125,-7.89112109375,-3.53507421875,1.0058984375,3.3686328125,-6.88673046875,-6.532359375,-6.02080078125,-2.53791796875
-1.02380078125,0.000761718749999973,5.9615703125,-8.44566796875,-1.49321484375,-2.04508984375,1.86080859375,5.47240234375,-1.12727734375,-1.613921875,-4.38355859375,1.58698828125,1.2657109375,-5.219015625,-4.9857734375,-0.660953125000001,8.12272265625,-7.36446484375,-5.54950390625,-1.77497265625,3.05678515625,-5.4355703125,-9.08312109375,-4.00407421875,1.3078984375,3.8096328125,-7.38473046875,-7.201359375,-5.91180078125,-2.76591796875
-1.19280078125,-0.00423828125000003,6.7765703125,-8.34566796875,-1.35721484375,-1.65108984375,1.30480859375,4.73240234375,-1.37927734375,-1.323921875,-3.18055859375,1.89198828125,-0.2662890625,-5.929015625,-4.3327734375,0.389046875,8.97672265625,-8.56246484375,-5.55550390625,-0.889972656249999,3.67878515625,-7.0895703125,-9.06012109375,-3.21207421875,2.2908984375,5.0256328125,-6.48873046875,-6.361359375,-4.63680078125,-1.87391796875
-1.45880078125,0.41476171875,7.7935703125,-7.84166796875,-1.01821484375,-0.42208984375,1.72980859375,3.95540234375,-1.61827734375,-0.506921875,-1.09455859375,2.83198828125,-1.9992890625,-6.160015625,-2.6537734375,2.347046875,9.97772265625,-9.26746484375,-4.54550390625,0.783027343750001,4.93978515625,-7.9535703125,-8.01112109375,-1.58907421875,3.5958984375,6.5186328125,-4.58373046875,-4.393359375,-2.66780078125,-0.37591796875
-1.95580078125,1.06276171875,8.5645703125,-7.13666796875,-0.78121484375,1.13291015625,2.74380859375,3.18740234375,-1.93227734375,0.386078125,1.16944140625,3.99698828125,-3.5012890625,-6.005015625,-0.7547734375,4.367046875,10.65572265625,-9.46846484375,-3.06550390625,2.53302734375,6.28778515625,-8.1485703125,-6.37012109375,0.20092578125,4.7168984375,7.7066328125,-2.36673046875,-2.049359375,-0.713800781249999,1.02608203125
-2.65180078125,1.69576171875,8.6815703125,-6.37966796875,-0.81921484375,2.45991015625,3.76580859375,2.35340234375,-2.24927734375,0.974078125,2.92044140625,4.95398828125,-4.3542890625,-5.549015625,0.593226562499999,5.662046875,10.66072265625,-9.11346484375,-1.68750390625,3.69402734375,7.14278515625,-7.8045703125,-4.58612109375,1.52792578125,5.2368984375,8.2246328125,-0.520730468749999,-0.0243593749999995,0.638199218750001,1.83208203125
-3.31880078125,2.12276171875,7.9555703125,-5.64166796875,-1.06621484375,3.18191015625,4.34780859375,1.37440234375,-2.33527734375,1.109078125,3.73244140625,5.42598828125,-4.3072890625,-4.816015625,0.9472265625,5.827046875,9.94272265625,-8.09246484375,-0.79350390625,3.90402734375,7.17378515625,-6.9595703125,-2.94912109375,2.02792578125,5.0238984375,8.0786328125,0.553269531250001,1.347640625,1.19019921875,2.00808203125
-3.63380078125,2.25476171875,6.5185703125,-4.92666796875,-1.27121484375,3.21391015625,4.38180859375,0.324402343749999,-1.91927734375,0.879078125,3.55944140625,5.35898828125,-3.3832890625,-3.797015625,0.3082265625,4.967046875,8.76772265625,-6.32146484375,-0.47850390625,3.21502734375,6.43578515625,-5.6205703125,-1.55512109375,1.68692578125,4.2798984375,7.6006328125,0.82626953125,2.111640625,1.16319921875,1.95808203125
-3.38780078125,2.10276171875,4.7675703125,-4.23266796875,-1.17621484375,2.71791015625,4.06680859375,-0.508597656250001,-0.89327734375,0.487078125,2.68144140625,4.84898828125,-1.9012890625,-2.550015625,-0.9777734375,3.563046875,7.58272265625,-3.89046484375,-0.62450390625,1.99802734375,5.32678515625,-3.9035703125,-0.40212109375,0.772925781250001,3.3908984375,7.2316328125,0.533269531250001,2.483640625,0.98319921875,2.22808203125
-2.63280078125,1.73776171875,3.1715703125,-3.59966796875,-0.70621484375,1.95391015625,3.71380859375,-0.770597656250001,0.55572265625,0.0900781250000002,1.51944140625,4.02498828125,-0.3882890625,-1.270015625,-2.4397734375,2.182046875,6.78372265625,-1.15646484375,-1.04850390625,0.722027343750001,4.36778515625,-2.0985703125,0.47187890625,-0.35107421875,2.6898984375,7.2746328125,-0.0277304687499997,2.600640625,0.974199218750001,3.11608203125
-1.61980078125,1.27076171875,2.0565703125,-3.10366796875,-0.0432148437499995,1.15191015625,3.57680859375,-0.254597656250001,1.98272265625,-0.296921875,0.454441406249999,2.97798828125,0.6097109375,-0.262015625,-3.7017734375,1.198046875,6.54872265625,1.32353515625,-1.63150390625,-0.280972656249999,3.95178515625,-0.5885703125,0.938878906249999,-1.40107421875,2.2818984375,7.7396328125,-0.671730468749999,2.440640625,1.16619921875,4.42708203125
-0.62380078125,0.81876171875,1.4825703125,-2.82066796875,0.45378515625,0.43191015625,3.76480859375,0.967402343749999,2.86172265625,-0.787921875,-0.30055859375,1.76398828125,0.7527109375,0.174984375,-4.6057734375,0.662046875,6.80872265625,3.00453515625,-2.34050390625,-0.93097265625,4.18578515625,0.3444296875,0.83987890625,-2.27007421875,2.0248984375,8.3456328125,-1.37873046875,1.912640625,1.30419921875,5.51808203125
0.14319921875,0.47376171875,1.2695703125,-2.78366796875,0.41478515625,-0.23008984375,4.17180859375,2.56840234375,2.81572265625,-1.548921875,-0.74455859375,0.44598828125,0.0437109374999998,-0.128015625,-5.2267734375,0.342046874999999,7.33872265625,3.57853515625,-3.19150390625,-1.38197265625,4.86978515625,0.6714296875,0.0938789062499996,-3.01507421875,1.6588984375,8.6736328125,-2.23773046875,1.022640625,1.04119921875,5.62808203125
0.49619921875,0.25676171875,1.1195703125,-2.98066796875,-0.378214843749999,-0.98908984375,4.43880859375,4.09740234375,1.75472265625,-2.727921875,-1.06655859375,-0.89801171875,-1.1932890625,-1.171015625,-5.8157734375,-0.113953125,7.87872265625,3.06553515625,-4.21850390625,-1.90797265625,5.60978515625,0.6074296875,-1.25712109375,-3.79407421875,0.957898437499999,8.3696328125,-3.34673046875,-0.0763593749999996,0.149199218750001,4.29708203125
0.25519921875,0.0977617187499999,0.7825703125,-3.35266796875,-1.91321484375,-2.06108984375,4.02980859375,5.13940234375,-0.10527734375,-4.417921875,-1.56955859375,-2.20201171875,-2.5032890625,-2.846015625,-6.7067734375,-1.007953125,8.21372265625,1.69253515625,-5.47550390625,-2.78897265625,5.98778515625,0.4134296875,-3.10612109375,-4.81307421875,-0.185101562500001,7.2826328125,-4.77773046875,-1.196359375,-1.38480078125,1.60808203125
-0.66380078125,-0.15123828125,0.1785703125,-3.82566796875,-3.98021484375,-3.60008984375,2.48880859375,5.41140234375,-2.36227734375,-6.644921875,-2.54055859375,-3.45001171875,-3.5602890625,-5.035015625,-8.2057734375,-2.491953125,8.19672265625,-0.32646484375,-7.08050390625,-4.23397265625,5.70978515625,0.1344296875,-5.40812109375,-6.28907421875,-1.7711015625,5.4856328125,-6.59673046875,-2.313359375,-3.42180078125,-1.89591796875
-2.15380078125,-0.64023828125,-0.5834296875,-4.35266796875,-6.25421484375,-5.58508984375,-0.28019140625,4.79140234375,-4.59727734375,-9.336921875,-4.12255859375,-4.68201171875,-4.3182890625,-7.655015625,-10.4607734375,-4.526953125,7.73972265625,-2.94246484375,-9.18150390625,-6.33497265625,4.69178515625,-0.5155703125,-8.22812109375,-8.39707421875,-3.7531015625,3.1896328125,-8.89073046875,-3.647359375,-5.79680078125,-5.51291796875
-3.90480078125,-1.42823828125,-1.3124296875,-4.94066796875,-8.37421484375,-7.77908984375,-3.90219140625,3.33140234375,-6.50627734375,-12.249921875,-6.21755859375,-5.94201171875,-4.9732890625,-10.592015625,-13.3347734375,-6.889953125,6.82072265625,-6.19646484375,-11.83350390625,-8.99497265625,3.08078515625,-1.9855703125,-11.62312109375,-11.15007421875,-6.0351015625,0.6666328125,-11.67573046875,-5.499359375,-8.33680078125,-8.64591796875
-5.47580078125,-2.41423828125,-1.8764296875,-5.60166796875,-9.97621484375,-9.77008984375,-7.64919140625,1.29140234375,-7.92827734375,-14.937921875,-8.46955859375,-7.20301171875,-5.7352890625,-13.575015625,-16.3407734375,-9.206953125,5.51472265625,-9.98946484375,-14.82450390625,-11.86097265625,1.22678515625,-4.5085703125,-15.42312109375,-14.25807421875,-8.3941015625,-1.7623671875,-14.73273046875,-7.923359375,-10.75480078125,-10.85791796875
-6.39480078125,-3.34923828125,-2.2744296875,-6.24866796875,-10.72621484375,-11.09308984375,-10.70519140625,-0.854597656250001,-8.77827734375,-16.826921875,-10.34455859375,-8.34401171875,-6.5872890625,-16.105015625,-18.7327734375,-11.014953125,4.00472265625,-13.88846484375,-17.59550390625,-14.33397265625,-0.41421484375,-7.8115703125,-19.09212109375,-17.10507421875,-10.4311015625,-3.7463671875,-17.51473046875,-10.521359375,-12.56980078125,-11.81791796875
-6.30480078125,-3.93223828125,-2.6274296875,-6.61466796875,-10.38721484375,-11.39508984375,-12.47719140625,-2.53959765625,-8.96527734375,-17.396921875,-11.31455859375,-9.19201171875,-7.2232890625,-17.543015625,-19.7587734375,-11.897953125,2.54172265625,-17.13946484375,-19.37450390625,-15.72897265625,-1.44121484375,-11.1295703125,-21.82512109375,-18.92007421875,-11.6531015625,-4.9813671875,-19.27673046875,-12.560359375,-13.21180078125,-11.31591796875
-5.11580078125,-3.92423828125,-3.1094296875,-6.32566796875,-8.91321484375,-10.57108984375,-12.79519140625,-3.37059765625,-8.36727734375,-16.397921875,-11.06155859375,-9.60201171875,-7.2002890625,-17.348015625,-18.9737734375,-11.623953125,1.35572265625,-18.90646484375,-19.48950390625,-15.55297265625,-1.67621484375,-13.5255703125,-22.84612109375,-19.09207421875,-11.6771015625,-5.3523671875,-19.39473046875,-13.342359375,-12.30480078125,-9.37491796875
-3.06480078125,-3.22823828125,-3.8664296875,-5.08566796875,-6.50921484375,-8.79908984375,-11.90819140625,-3.35959765625,-6.89227734375,-13.965921875,-9.60255859375,-9.50101171875,-6.1922890625,-15.337015625,-16.4557734375,-10.237953125,0.57072265625,-18.60846484375,-17.68850390625,-13.75097265625,-1.23621484375,-14.2865703125,-21.74212109375,-17.46707421875,-10.4351015625,-5.0133671875,-17.67073046875,-12.525359375,-9.90080078125,-6.37691796875
-0.58280078125,-1.93223828125,-4.9124296875,-2.85666796875,-3.59221484375,-6.45108984375,-10.26719140625,-2.91259765625,-4.56427734375,-10.586921875,-7.27855859375,-8.89101171875,-4.1592890625,-11.815015625,-12.8077734375,-8.065953125,0.18472265625,-16.16046484375,-14.27550390625,-10.78497265625,-0.48721484375,-13.1725703125,-18.65412109375,-14.44607421875,-8.2551015625,-4.3633671875,-14.46073046875,-10.234359375,-6.51180078125,-3.04491796875
1.90219921875,-0.30423828125,-6.0464296875,0.0703320312500004,-0.66321484375,-3.94008984375,-8.29619140625,-2.56859765625,-1.57827734375,-6.916921875,-4.61555859375,-7.85101171875,-1.3232890625,-7.495015625,-8.9367734375,-5.627953125,0.0977226562500002,-12.01446484375,-10.01450390625,-7.48697265625,0.10178515625,-10.4495703125,-14.23312109375,-10.85107421875,-5.7671015625,-3.8913671875,-10.55173046875,-6.947359375,-2.93480078125,-0.27091796875
4.05719921875,1.24776171875,-6.8584296875,3.15333203125,1.86678515625,-1.62308984375,-6.32319140625,-2.67459765625,1.72072265625,-3.555921875,-2.15855859375,-6.56301171875,1.9767109375,-3.246015625,-5.7197734375,-3.503953125,0.170722656250001,-6.99646484375,-5.84550390625,-4.75197265625,0.13278515625,-6.7475703125,-9.42312109375,-7.60207421875,-3.6951015625,-3.9803671875,-6.87473046875,-3.325359375,0.0391992187500003,1.17108203125
5.63019921875,2.28676171875,-6.8674296875,5.79133203125,3.78878515625,0.24991015625,-4.63019140625,-3.22159765625,4.92172265625,-0.878921875,-0.315558593750001,-5.30201171875,5.4087109375,0.199984375,-3.7057734375,-2.168953125,0.279722656250001,-2.05346484375,-2.57350390625,-3.20497265625,-0.57821484375,-2.8685703125,-5.16612109375,-5.39307421875,-2.6231015625,-4.7403671875,-4.19973046875,-0.0693593749999999,1.86819921875,0.90308203125
6.45519921875,2.51376171875,-5.7574296875,7.55233203125,5.11278515625,1.55091015625,-3.48319140625,-3.90459765625,7.65672265625,1.020078125,0.75044140625,-4.35801171875,8.6817109375,2.458984375,-2.9687734375,-1.841953125,0.348722656250001,1.99653515625,-0.64950390625,-2.99697265625,-1.93721484375,0.4004296875,-2.17912109375,-4.48507421875,-2.8291015625,-5.9903671875,-2.92873046875,2.148640625,2.35419921875,-0.93391796875
6.51519921875,1.91976171875,-3.5764296875,8.32633203125,6.00778515625,2.30291015625,-3.02619140625,-4.33259765625,9.68672265625,2.270078125,1.16344140625,-3.88101171875,11.4887109375,3.549984375,-3.1557734375,-2.386953125,0.37172265625,4.61353515625,-0.11450390625,-3.80697265625,-3.61221484375,2.4274296875,-0.81712109375,-4.70207421875,-4.2211015625,-7.3693671875,-3.04973046875,2.777640625,1.58419921875,-3.77691796875
5.98119921875,0.83876171875,-0.8014296875,8.33433203125,6.70178515625,2.68391015625,-3.18219140625,-4.22959765625,10.94572265625,3.121078125,1.27244140625,-3.76801171875,13.5107109375,3.804984375,-3.6717734375,-3.347953125,0.39272265625,5.60953515625,-0.67850390625,-5.01397265625,-5.15021484375,2.8864296875,-1.04712109375,-5.57407421875,-6.3861015625,-8.5303671875,-4.21673046875,1.545640625,-0.18180078125,-6.85691796875
5.14719921875,-0.17623828125,1.8335703125,7.98933203125,7.39778515625,2.96991015625,-3.64619140625,-3.53259765625,11.50072265625,3.835078125,1.50744140625,-3.69101171875,14.5007109375,3.679984375,-3.9177734375,-4.103953125,0.48572265625,5.13253515625,-1.87350390625,-5.94597265625,-6.12921484375,1.8594296875,-2.49012109375,-6.53007421875,-8.7101015625,-9.2633671875,-5.88973046875,-1.345359375,-2.56680078125,-9.42891796875
4.32819921875,-0.60623828125,3.6825703125,7.68733203125,8.20278515625,3.43091015625,-3.98919140625,-2.36159765625,11.47672265625,4.601078125,2.18844140625,-3.26201171875,14.4067109375,3.549984375,-3.4947734375,-4.108953125,0.71172265625,3.58553515625,-3.21150390625,-6.10797265625,-6.28221484375,-0.1945703125,-4.54712109375,-7.08907421875,-10.5551015625,-9.5303671875,-7.49573046875,-5.166359375,-5.09580078125,-10.95591796875
3.78319921875,-0.21723828125,4.5095703125,7.63033203125,9.09478515625,4.22291015625,-3.81519140625,-0.895597656250001,10.98572265625,5.473078125,3.40044140625,-2.25801171875,13.4277109375,3.560984375,-2.3177734375,-3.098953125,1.08372265625,1.47153515625,-4.30350390625,-5.30897265625,-5.56321484375,-2.6215703125,-6.59012109375,-6.98407421875,-11.4231015625,-9.4003671875,-8.59273046875,-8.867359375,-7.26180078125,-11.24491796875
3.65319921875,0.84676171875,4.5665703125,7.77133203125,9.91978515625,5.31391015625,-2.93419140625,0.702402343749999,10.11772265625,6.370078125,4.98544140625,-0.74501171875,11.9427109375,3.632984375,-0.6147734375,-1.179953125,1.54672265625,-0.75646484375,-4.92450390625,-3.67297265625,-4.14421484375,-4.8575703125,-8.16112109375,-6.22307421875,-11.0901015625,-8.9723671875,-8.99673046875,-11.496359375,-8.67080078125,-10.49491796875
3.89519921875,2.16976171875,4.3645703125,7.88333203125,10.46178515625,6.48291015625,-1.50019140625,2.27740234375,8.99072265625,7.134078125,6.62544140625,0.92798828125,10.3587109375,3.570984375,1.1872265625,1.237046875,1.96972265625,-2.79346484375,-5.02850390625,-1.56397265625,-2.35321484375,-6.6255703125,-9.08812109375,-5.05207421875,-9.6411015625,-8.3233671875,-8.81173046875,-12.616359375,-9.21680078125,-9.21991796875
4.30619921875,3.26476171875,4.3365703125,7.72233203125,10.53078515625,7.39991015625,-0.0131914062500003,3.61740234375,7.79272265625,7.598078125,7.95944140625,2.27598828125,8.9537109375,3.232984375,2.6242265625,3.587046875,2.17772265625,-4.49546484375,-4.73450390625,0.55002734375,-0.57121484375,-7.9455703125,-9.48112109375,-3.86107421875,-7.4271015625,-7.5173671875,-8.36073046875,-12.447359375,-9.13580078125,-8.04291796875
4.64419921875,3.76676171875,4.6195703125,7.16433203125,10.03978515625,7.75391015625,0.89580859375,4.45940234375,6.75372265625,7.645078125,8.69544140625,2.88698828125,7.8147109375,2.628984375,3.3362265625,5.343046875,2.02972265625,-5.84146484375,-4.28050390625,2.22302734375,0.87878515625,-8.9735703125,-9.61912109375,-3.04207421875,-4.9381015625,-6.6333671875,-8.00773046875,-11.658359375,-8.84280078125,-7.43391796875
4.78019921875,3.55076171875,5.0685703125,6.22933203125,9.03278515625,7.35591015625,0.77380859375,4.58240234375,6.03572265625,7.217078125,8.68244140625,2.59198828125,6.8637109375,1.898984375,3.1542265625,6.177046875,1.50972265625,-6.88446484375,-3.95550390625,3.14202734375,1.82678515625,-9.8225703125,-9.79312109375,-2.86507421875,-2.6481015625,-5.7523671875,-7.98173046875,-10.939359375,-8.64780078125,-7.47991796875
4.71219921875,2.74376171875,5.4015703125,5.00633203125,7.65278515625,6.18991015625,-0.43519140625,3.94740234375,5.62672265625,6.303078125,7.94244140625,1.53798828125,5.9287109375,1.200984375,2.1202265625,6.041046875,0.76972265625,-7.73746484375,-4.03350390625,3.18602734375,2.29478515625,-10.5105703125,-10.20112109375,-3.39007421875,-0.892101562500001,-4.9033671875,-8.27773046875,-10.638359375,-8.55480078125,-7.84291796875
4.49619921875,1.64976171875,5.3785703125,3.57233203125,6.08778515625,4.39891015625,-2.37819140625,2.77640234375,5.32872265625,4.934078125,6.64944140625,0.12698828125,4.8237109375,0.603984375,0.4642265625,5.152046875,0.0747226562500005,-8.57646484375,-4.68750390625,2.43302734375,2.44678515625,-11.0435703125,-10.92212109375,-4.48307421875,0.168898437499999,-4.0443671875,-8.70973046875,-10.690359375,-8.31880078125,-7.97191796875
4.18519921875,0.60576171875,4.9315703125,1.98133203125,4.51978515625,2.24791015625,-4.46519140625,1.50540234375,4.87672265625,3.192078125,5.06844140625,-1.15701171875,3.4027109375,0.0569843749999999,-1.4557734375,3.873046875,-0.31427734375,-9.61046484375,-5.93750390625,1.10402734375,2.47678515625,-11.5225703125,-11.94712109375,-5.91407421875,0.4948984375,-3.1573671875,-9.08173046875,-10.836359375,-7.74580078125,-7.50691796875
3.81519921875,-0.18023828125,4.1905703125,0.28733203125,3.07678515625,0.0599101562500002,-6.13119140625,0.593402343749999,4.08672265625,1.232078125,3.47944140625,-1.95901171875,1.6347109375,-0.546015625,-3.2607734375,2.560046875,-0.27627734375,-10.97646484375,-7.62550390625,-0.52497265625,2.47578515625,-12.1395703125,-13.20912109375,-7.47207421875,0.0868984374999995,-2.3833671875,-9.34173046875,-10.907359375,-6.96280078125,-6.59291796875
3.39419921875,-0.70323828125,3.4025703125,-1.41966796875,1.83478515625,-1.86808984375,-7.09419140625,0.29940234375,2.94572265625,-0.723921875,2.08944140625,-2.18401171875,-0.3442890625,-1.264015625,-4.6477734375,1.432046875,0.11572265625,-12.61146484375,-9.43150390625,-2.21097265625,2.37578515625,-13.0375703125,-14.56212109375,-9.01007421875,-1.0301015625,-2.0323671875,-9.59273046875,-10.919359375,-6.39780078125,-5.83591796875
2.90119921875,-1.10823828125,2.7875703125,-3.01766796875,0.84178515625,-3.33908984375,-7.42719140625,0.54940234375,1.59872265625,-2.411921875,1.00944140625,-1.97501171875,-2.2432890625,-2.016015625,-5.4587734375,0.558046874999999,0.65372265625,-14.17846484375,-10.93450390625,-3.76097265625,2.02678515625,-14.1455703125,-15.73012109375,-10.39607421875,-2.7171015625,-2.3893671875,-9.93273046875,-10.937359375,-6.43580078125,-5.88191796875
2.35219921875,-1.52823828125,2.4325703125,-4.36266796875,0.16178515625,-4.25708984375,-7.37819140625,1.03140234375,0.28872265625,-3.579921875,0.29844140625,-1.53201171875,-3.7232890625,-2.560015625,-5.6657734375,-0.0569531250000015,1.14172265625,-15.14546484375,-11.69550390625,-4.98697265625,1.37278515625,-15.1325703125,-16.29712109375,-11.40607421875,-4.6301015625,-3.4323671875,-10.25773046875,-10.849359375,-7.02780078125,-6.90291796875
1.89019921875,-1.96823828125,2.2775703125,-5.31366796875,-0.11521484375,-4.57908984375,-7.11119140625,1.42640234375,-0.72327734375,-4.045921875,0.0254414062499997,-0.93001171875,-4.5662890625,-2.556015625,-5.3207734375,-0.365953125000001,1.50972265625,-14.99646484375,-11.36750390625,-5.66797265625,0.58078515625,-15.5225703125,-15.80212109375,-11.69607421875,-6.2271015625,-4.7293671875,-10.20473046875,-10.307359375,-7.59380078125,-8.39891796875
1.75219921875,-2.29923828125,2.1715703125,-5.78866796875,0.0727851562500001,-4.28608984375,-6.60319140625,1.60640234375,-1.22927734375,-3.738921875,0.27644140625,-0.0810117187500001,-4.7992890625,-1.721015625,-4.5227734375,-0.269953125000001,1.80372265625,-13.48346484375,-9.82950390625,-5.59697265625,-0.000214843750000249,-14.9215703125,-13.92812109375,-10.92807421875,-6.9651015625,-5.6433671875,-9.32373046875,-8.911359375,-7.34680078125,-9.50291796875
2.09819921875,-2.38223828125,1.9335703125,-5.80866796875,0.69378515625,-3.42008984375,-5.79319140625,1.65440234375,-1.14827734375,-2.730921875,1.08944140625,1.11998828125,-4.6912890625,0.00698437500000004,-3.4087734375,0.305046874999999,2.06572265625,-10.77146484375,-7.28450390625,-4.70797265625,-0.02621484375,-13.2205703125,-10.70512109375,-8.98507421875,-6.5711015625,-5.7043671875,-7.37073046875,-6.521359375,-5.81480078125,-9.53691796875
2.86219921875,-2.19623828125,1.4295703125,-5.48866796875,1.59878515625,-2.12908984375,-4.76019140625,1.78740234375,-0.55727734375,-1.223921875,2.38744140625,2.61498828125,-4.6032890625,2.385984375,-2.1457734375,1.307046875,2.23072265625,-7.40446484375,-4.24950390625,-3.17697265625,0.63778515625,-10.6735703125,-6.57812109375,-6.12807421875,-5.1931015625,-4.8633671875,-4.50673046875,-3.446359375,-3.16380078125,-8.40791796875
3.76619921875,-1.86723828125,0.6565703125,-4.97466796875,2.56878515625,-0.65108984375,-3.72819140625,2.25840234375,0.32172265625,0.506078125,3.98744140625,4.13098828125,-4.7972890625,4.923984375,-0.8977734375,2.545046875,2.15972265625,-4.10046484375,-1.38250390625,-1.39497265625,1.83778515625,-7.7985703125,-2.29812109375,-2.94907421875,-3.3101015625,-3.4623671875,-1.25773046875,-0.353359375,-0.0978007812499992,-6.58091796875
4.45119921875,-1.58023828125,-0.2304296875,-4.40466796875,3.38978515625,0.75491015625,-2.90919140625,3.25740234375,1.16072265625,2.183078125,5.68244140625,5.29998828125,-5.3302890625,7.040984375,0.2332265625,3.778046875,1.76372265625,-1.49546484375,0.75249609375,0.19902734375,3.21478515625,-5.1895703125,1.33287890625,-0.13607421875,-1.4731015625,-1.9913671875,1.71726953125,2.022640625,2.54519921875,-4.74191796875
4.61519921875,-1.43323828125,-0.9784296875,-3.93666796875,3.92078515625,1.89191015625,-2.34319140625,4.79240234375,1.60572265625,3.602078125,7.33744140625,5.86998828125,-6.0942890625,8.263984375,1.2502265625,4.850046875,1.12772265625,0.0425351562499996,1.89049609375,1.32102734375,4.38678515625,-3.3195703125,3.73787890625,1.82292578125,-0.0391015625000009,-0.832367187500001,3.89726953125,3.183640625,4.20919921875,-3.42291796875
4.12619921875,-1.35123828125,-1.3554296875,-3.79466796875,4.11778515625,2.69691015625,-1.85319140625,6.61740234375,1.38072265625,4.677078125,8.94144140625,5.87098828125,-6.9462890625,8.380984375,2.2542265625,5.775046875,0.52372265625,0.46553515625,2.13749609375,1.98602734375,5.13778515625,-2.4365703125,4.72587890625,2.83892578125,0.9498984375,-0.1153671875,5.09126953125,3.026640625,4.80719921875,-2.80991796875
3.11319921875,-1.12423828125,-1.2394296875,-4.24466796875,4.02378515625,3.24891015625,-1.10519140625,8.29640234375,0.38572265625,5.431078125,10.57344140625,5.63698828125,-7.7982890625,7.505984375,3.3932265625,6.725046875,0.28672265625,-0.00146484375000044,1.89049609375,2.49302734375,5.51978515625,-2.5325703125,4.51087890625,3.21592578125,1.7378984375,0.280632812499999,5.47126953125,1.813640625,4.64119921875,-2.74391796875
1.92519921875,-0.56323828125,-0.6314296875,-5.47166796875,3.72578515625,3.70891015625,0.19380859375,9.38540234375,-1.24927734375,5.959078125,12.30744140625,5.63998828125,-8.6022890625,6.032984375,4.7772265625,7.895046875,0.62872265625,-0.95446484375,1.63949609375,3.25702734375,5.80178515625,-3.3605703125,3.59187890625,3.46292578125,2.6818984375,0.604632812499999,5.46726953125,0.0486406250000004,4.18019921875,-2.86891796875
0.94619921875,0.32676171875,0.3955703125,-7.44566796875,3.31278515625,4.18291015625,2.05280859375,9.64540234375,-3.20527734375,6.357078125,14.08944140625,6.20998828125,-9.2692890625,4.493984375,6.3962265625,9.346046875,1.50572265625,-1.93146484375,1.75149609375,4.57202734375,6.29978515625,-4.4795703125,2.55587890625,4.01892578125,4.0318984375,1.0706328125,5.55626953125,-1.676359375,3.83019921875,-2.82291796875
0.37719921875,1.29576171875,1.7395703125,-9.83566796875,2.85678515625,4.63291015625,4.07880859375,9.16840234375,-5.04327734375,6.678078125,15.70644140625,7.31098828125,-9.6102890625,3.388984375,8.0962265625,10.934046875,2.61472265625,-2.51346484375,2.32249609375,6.42702734375,7.17578515625,-5.3495703125,1.86687890625,5.02892578125,5.7728984375,1.7276328125,6.03826953125,-2.854359375,3.76919921875,-2.39191796875
0.19219921875,1.96776171875,3.3035703125,-12.04466796875,2.45778515625,4.91691015625,5.65580859375,8.35240234375,-6.30527734375,6.931078125,16.88344140625,8.54898828125,-9.3742890625,3.043984375,9.6202265625,12.368046875,3.53572265625,-2.44546484375,3.16949609375,8.48002734375,8.34678515625,-5.5115703125,1.70787890625,6.27292578125,7.6048984375,2.4496328125,6.89326953125,-3.246359375,3.88819921875,-1.59991796875
0.29419921875,2.07676171875,4.9665703125,-13.36466796875,2.27278515625,4.92291015625,6.31180859375,7.68940234375,-6.61327734375,7.113078125,17.45544140625,9.41098828125,-8.3452890625,3.540984375,10.6972265625,13.365046875,3.93372265625,-1.69646484375,3.95349609375,10.19702734375,9.53378515625,-4.7835703125,1.94687890625,7.28692578125,9.0878984375,3.0376328125,7.80426953125,-2.966359375,3.86519921875,-0.69091796875
0.65519921875,1.65676171875,6.5305703125,-13.22666796875,2.49478515625,4.66591015625,5.99980859375,7.45940234375,-5.79027734375,7.241078125,17.48244140625,9.56598828125,-6.4562890625,4.735984375,11.1472265625,13.765046875,3.68472265625,-0.45946484375,4.35249609375,11.07902734375,10.39078515625,-3.3335703125,2.23687890625,7.60392578125,9.8238984375,3.3316328125,8.31726953125,-2.400359375,3.35819921875,-0.0369179687500001
1.30519921875,1.04876171875,7.7005703125,-11.44766796875,3.25678515625,4.28491015625,5.09780859375,7.54540234375,-3.95227734375,7.368078125,17.21244140625,9.02098828125,-3.8412890625,6.324984375,10.9332265625,13.563046875,2.87772265625,0.94753515625,4.20349609375,10.86402734375,10.63578515625,-1.5855703125,2.22787890625,6.98892578125,9.6148984375,3.2526328125,8.07426953125,-1.970359375,2.22019921875,0.0120820312499998
2.24919921875,0.70676171875,8.1685703125,-8.33466796875,4.53378515625,3.94791015625,4.17780859375,7.56340234375,-1.49427734375,7.562078125,16.92544140625,8.05698828125,-0.8142890625,7.948984375,10.1772265625,12.858046875,1.72372265625,2.20553515625,3.54749609375,9.61202734375,10.13078515625,-0.00857031250000007,1.74787890625,5.55392578125,8.5068984375,2.7826328125,6.99126953125,-1.901359375,0.617199218750001,-0.72091796875
3.42319921875,0.91876171875,7.7895703125,-4.57566796875,6.10378515625,3.75791015625,3.69380859375,7.19940234375,1.04372265625,7.858078125,16.74744140625,7.02198828125,2.2107109375,9.292984375,9.1082265625,11.791046875,0.43272265625,3.09853515625,2.59849609375,7.66402734375,8.90478515625,1.0704296875,0.88687890625,3.70892578125,6.7598984375,1.9466328125,5.31526953125,-2.128359375,-1.03680078125,-2.14191796875
4.67319921875,1.63376171875,6.6665703125,-1.00466796875,7.60878515625,3.68391015625,3.73880859375,6.44940234375,3.16872265625,8.214078125,16.56744140625,6.13898828125,4.8267109375,10.151984375,7.9802265625,10.501046875,-0.85327734375,3.55653515625,1.62949609375,5.49302734375,7.12878515625,1.5614296875,-0.0691210937500002,1.98492578125,4.7428984375,0.8156328125,3.53426953125,-2.391359375,-2.29880078125,-3.90891796875
5.74319921875,2.50076171875,5.0885703125,1.65433203125,8.67878515625,3.56691015625,3.96580859375,5.57240234375,4.57672265625,8.494078125,16.09444140625,5.43598828125,6.7177109375,10.456984375,6.9702265625,9.102046875,-2.08927734375,3.63353515625,0.866496093749999,3.54402734375,5.04778515625,1.5824296875,-0.78912109375,0.80292578125,2.8058984375,-0.491367187500001,2.18226953125,-2.418359375,-2.90980078125,-5.58091796875
6.34419921875,3.08976171875,3.3565703125,2.98233203125,9.06578515625,3.20191015625,3.78380859375,4.87240234375,5.20072265625,8.503078125,15.04444140625,4.79798828125,7.7157109375,10.261984375,6.1222265625,7.677046875,-3.28227734375,3.44653515625,0.41749609375,2.10802734375,2.90978515625,1.3644296875,-1.05712109375,0.30592578125,1.1748984375,-1.8093671875,1.62026953125,-2.082359375,-2.89080078125,-6.80291796875
6.31319921875,3.15176171875,1.6605703125,2.98233203125,8.73078515625,2.48391015625,2.75780859375,4.51540234375,5.17272265625,8.061078125,13.35844140625,4.08498828125,7.8357109375,9.699984375,5.3622265625,6.305046875,-4.41627734375,3.12253515625,0.27249609375,1.28202734375,0.91778515625,1.1324296875,-0.86212109375,0.33592578125,-0.0561015625000003,-2.9533671875,1.91426953125,-1.452359375,-2.46780078125,-7.41191796875
5.74419921875,2.75976171875,0.0585703125000001,2.05633203125,7.83878515625,1.49591015625,0.93980859375,4.49640234375,4.72272265625,7.101078125,11.29344140625,3.21898828125,7.2647109375,8.930984375,4.5712265625,5.085046875,-5.38727734375,2.76453515625,0.35149609375,1.00902734375,-0.75821484375,1.0254296875,-0.368121093750001,0.56792578125,-0.869101562500001,-3.7263671875,2.84926953125,-0.736359375,-1.88980078125,-7.40591796875
4.94319921875,2.24776171875,-1.4504296875,0.83233203125,6.67778515625,0.47391015625,-1.13919140625,4.65440234375,4.08872265625,5.706078125,9.32144140625,2.21298828125,6.2987109375,8.096984375,3.6782265625,4.138046875,-6.01527734375,2.45153515625,0.55549609375,1.13002734375,-1.97321484375,1.0614296875,0.18687890625,0.711925781250001,-1.2521015625,-3.9313671875,4.06926953125,-0.159359375,-1.26380078125,-6.83791796875
4.25219921875,1.98976171875,-2.8554296875,-0.10266796875,5.52978515625,-0.35608984375,-2.81019140625,4.67740234375,3.44872265625,4.074078125,7.86144140625,1.14598828125,5.2247109375,7.284984375,2.6792265625,3.545046875,-6.14227734375,2.23453515625,0.77949609375,1.42702734375,-2.62021484375,1.1654296875,0.59887890625,0.64192578125,-1.2021015625,-3.4103671875,5.23426953125,0.144640625000001,-0.535800781249999,-5.74591796875
3.86919921875,2.15776171875,-4.0994296875,-0.42966796875,4.54678515625,-0.95808984375,-3.70919140625,4.15240234375,2.88772265625,2.398078125,7.03144140625,0.10198828125,4.2137109375,6.509984375,1.5882265625,3.261046875,-5.76327734375,2.12653515625,0.91449609375,1.63002734375,-2.69821484375,1.2354296875,0.75987890625,0.38692578125,-0.805101562500001,-2.1363671875,6.09426953125,0.173640625,0.380199218750001,-4.23191796875
3.75819921875,2.59376171875,-5.0814296875,-0.19966796875,3.68478515625,-1.54008984375,-3.99919140625,2.74040234375,2.39272265625,0.756078125,6.55744140625,-0.86501171875,3.2827109375,5.713984375,0.3762265625,3.077046875,-5.08827734375,2.09553515625,0.83349609375,1.45102734375,-2.36721484375,1.2214296875,0.65087890625,0.0149257812500005,-0.3111015625,-0.3173671875,6.48126953125,0.00764062500000051,1.40519921875,-2.60791796875
3.67419921875,2.89276171875,-5.6874296875,0.23133203125,2.74678515625,-2.45308984375,-4.24819140625,0.43240234375,1.85772265625,-0.890921875,5.94344140625,-1.73301171875,2.3737109375,4.808984375,-1.0117734375,2.706046875,-4.46927734375,2.07953515625,0.43649609375,0.685027343750001,-1.91221484375,1.1354296875,0.300878906249999,-0.45507421875,-0.0841015625000008,1.5906328125,6.27926953125,-0.280359375,2.21219921875,-1.42191796875
3.31119921875,2.65776171875,-5.8264296875,0.38933203125,1.52778515625,-3.95008984375,-5.02419140625,-2.26859765625,1.14472265625,-2.597921875,4.79844140625,-2.45201171875,1.4277109375,3.760984375,-2.5547734375,1.988046875,-4.18927734375,2.02053515625,-0.28150390625,-0.64997265625,-1.57721484375,0.9934296875,-0.23212109375,-1.03707421875,-0.4021015625,3.0456328125,5.44426953125,-0.683359375,2.36319921875,-1.24091796875
2.54519921875,1.74876171875,-5.4334296875,-0.0476679687499999,-0.00721484374999992,-5.94508984375,-6.43819140625,-4.42459765625,0.19072265625,-4.278921875,3.14244140625,-2.87101171875,0.4357109375,2.673984375,-4.0397734375,1.063046875,-4.25027734375,1.89653515625,-1.14550390625,-2.21897265625,-1.37621484375,0.7444296875,-0.860121093750001,-1.67907421875,-1.2311015625,3.7016328125,4.09026953125,-1.227359375,1.61019921875,-2.27091796875
1.56219921875,0.39776171875,-4.4654296875,-1.07166796875,-1.63621484375,-7.95708984375,-7.99119140625,-5.05559765625,-0.88927734375,-5.653921875,1.45844140625,-2.73701171875,-0.5792890625,1.802984375,-5.0587734375,0.397046874999999,-4.32127734375,1.74053515625,-1.80250390625,-3.42197265625,-1.02221484375,0.2854296875,-1.43812109375,-2.18807421875,-2.1411015625,3.6056328125,2.53526953125,-1.884359375,0.131199218750001,-4.11891796875
0.74019921875,-0.89423828125,-2.9584296875,-2.35066796875,-2.95321484375,-9.31108984375,-8.87419140625,-3.65759765625,-1.81427734375,-6.336921875,0.45344140625,-1.80801171875,-1.5572890625,1.461984375,-5.1617734375,0.576046874999999,-3.91427734375,1.63353515625,-1.84150390625,-3.62097265625,-0.0882148437500003,-0.4625703125,-1.78312109375,-2.26607421875,-2.4951015625,3.1686328125,1.21726953125,-2.531359375,-1.51680078125,-5.94891796875
0.35919921875,-1.59023828125,-1.1164296875,-3.42266796875,-3.56921484375,-9.47308984375,-8.50419140625,-0.519597656250001,-2.26527734375,-6.035921875,0.65444140625,-0.0100117187500002,-2.3922890625,1.870984375,-4.0877734375,1.984046875,-2.67827734375,1.66653515625,-0.97650390625,-2.43697265625,1.70478515625,-1.4605703125,-1.72412109375,-1.66607421875,-1.7991015625,2.9066328125,0.51926953125,-3.016359375,-2.71080078125,-6.94491796875
0.44119921875,-1.37023828125,0.6685703125,-3.92866796875,-3.30721484375,-8.30808984375,-6.87419140625,3.38640234375,-2.06327734375,-4.739921875,2.11344140625,2.46798828125,-2.9352890625,3.030984375,-1.9217734375,4.554046875,-0.63027734375,1.90253515625,0.80649609375,0.0620273437500005,4.27278515625,-2.5195703125,-1.16912109375,-0.33507421875,0.0238984374999998,3.1466328125,0.60526953125,-3.256359375,-3.09380078125,-6.74591796875
0.82719921875,-0.26023828125,1.9535703125,-3.75866796875,-2.29421484375,-6.11608984375,-4.47719140625,6.88240234375,-1.26427734375,-2.771921875,4.37844140625,5.22098828125,-3.0602890625,4.712984375,0.8992265625,7.756046875,1.83372265625,2.34453515625,3.22649609375,3.37102734375,7.18078515625,-3.3375703125,-0.13112109375,1.54892578125,2.6098984375,3.8886328125,1.39326953125,-3.244359375,-2.67080078125,-5.53191796875
1.33319921875,1.39476171875,2.4385703125,-3.07766796875,-0.91621484375,-3.48308984375,-1.97119140625,9.10640234375,-0.13827734375,-0.686921874999999,6.71244140625,7.76398828125,-2.7722890625,6.547984375,3.7402265625,10.806046875,4.12072265625,2.94053515625,5.80449609375,6.74702734375,9.84778515625,-3.5985703125,1.28487890625,3.65892578125,5.3508984375,4.8706328125,2.65626953125,-2.977359375,-1.66280078125,-3.77291796875
1.81719921875,3.08376171875,2.0945703125,-2.26066796875,0.33778515625,-1.06108984375,0.10480859375,9.77940234375,0.94572265625,0.930078125000001,8.40044140625,9.65898828125,-2.2612890625,8.162984375,5.9792265625,12.969046875,5.69572265625,3.60053515625,8.00749609375,9.46802734375,11.80278515625,-3.1065703125,2.91287890625,5.65192578125,7.6648984375,5.7636328125,4.15526953125,-2.395359375,-0.297800781249999,-1.88891796875
2.14619921875,4.31976171875,1.1305703125,-1.76766796875,1.05778515625,0.61591015625,1.42180859375,9.15240234375,1.65872265625,1.683078125,8.98744140625,10.59898828125,-1.8432890625,9.284984375,7.1802265625,13.806046875,6.27972265625,4.22653515625,9.40349609375,11.04602734375,12.84078515625,-1.8885703125,4.55887890625,7.26292578125,9.1808984375,6.3426328125,5.70926953125,-1.393359375,1.30319921875,-0.0449179687500001
2.19419921875,4.78876171875,-0.1164296875,-1.96266796875,1.05878515625,1.26391015625,1.83280859375,7.75740234375,1.82072265625,1.494078125,8.39244140625,10.45498828125,-1.8022890625,9.804984375,7.1972265625,13.279046875,5.90472265625,4.73953515625,9.77649609375,11.32302734375,13.02078515625,-0.2155703125,6.01187890625,8.33192578125,9.7878984375,6.5426328125,7.20026953125,0.0836406250000001,3.10019921875,1.82008203125
1.89219921875,4.42176171875,-1.3194296875,-2.95266796875,0.45078515625,0.91291015625,1.33480859375,6.14440234375,1.46472265625,0.619078125,6.90044140625,9.31898828125,-2.2302890625,9.780984375,6.1952265625,11.717046875,4.85072265625,5.10153515625,9.19649609375,10.46002734375,12.57978515625,1.4814296875,7.07987890625,8.79692578125,9.5938984375,6.3946328125,8.53826953125,1.957640625,5.03319921875,3.80808203125
1.28419921875,3.40576171875,-2.2574296875,-4.50566796875,-0.41321484375,-0.12008984375,0.0798085937499999,4.70940234375,0.82072265625,-0.454921875,5.05844140625,7.51398828125,-2.9772890625,9.409984375,4.6112265625,9.693046875,3.50772265625,5.33353515625,8.01049609375,8.87302734375,11.80478515625,2.7974296875,7.65887890625,8.70692578125,8.8378984375,5.9316328125,9.64526953125,3.994640625,6.94319921875,5.87408203125
0.55819921875,2.11276171875,-2.8534296875,-6.08166796875,-1.06921484375,-1.33208984375,-1.60519140625,3.66140234375,0.24472265625,-1.194921875,3.50244140625,5.53498828125,-3.7242890625,8.982984375,3.0432265625,7.846046875,2.24172265625,5.53853515625,6.75649609375,7.11402734375,10.95478515625,3.5494296875,7.80787890625,8.25392578125,7.8128984375,5.1456328125,10.47726953125,5.879640625,8.58419921875,7.76508203125
0.0481992187500002,0.96076171875,-3.1204296875,-6.97766796875,-1.12421484375,-2.20008984375,-3.23219140625,3.09040234375,0.09372265625,-1.209921875,2.76844140625,3.90998828125,-4.1382890625,8.818984375,2.0832265625,6.701046875,1.29572265625,5.89153515625,5.99749609375,5.73902734375,10.21978515625,3.8634296875,7.76387890625,7.75792578125,6.8098984375,4.0246328125,11.06626953125,7.342640625,9.72019921875,9.11008203125
0.14619921875,0.27176171875,-3.0834296875,-6.57866796875,-0.41221484375,-2.34708984375,-4.27519140625,3.04740234375,0.59272265625,-0.396921875,3.12544140625,3.03798828125,-4.0072890625,9.172984375,2.1222265625,6.539046875,0.75272265625,6.56753515625,6.12749609375,5.16202734375,9.70678515625,4.0844296875,7.86387890625,7.58992578125,6.0738984375,2.6406328125,11.50426953125,8.260640625,10.24319921875,9.62708203125
1.10519921875,0.17176171875,-2.7634296875,-4.66866796875,0.93778515625,-1.66008984375,-4.36619140625,3.53640234375,1.72172265625,1.033078125,4.49144140625,3.07298828125,-3.3192890625,10.125984375,3.2172265625,7.330046875,0.55772265625,7.64753515625,7.22149609375,5.54602734375,9.44778515625,4.5344296875,8.37687890625,8.01692578125,5.7568984375,1.1886328125,11.89626953125,8.670640625,10.23419921875,9.29008203125
2.84119921875,0.60876171875,-2.2214296875,-1.62366796875,2.55978515625,-0.31008984375,-3.45119140625,4.46940234375,3.19972265625,2.652078125,6.47944140625,3.89698828125,-2.2552890625,11.524984375,5.0772265625,8.780046875,0.58372265625,9.03653515625,9.00249609375,6.75902734375,9.40678515625,5.2884296875,9.35587890625,9.06392578125,5.8668984375,-0.0433671875000003,12.28626953125,8.686640625,9.91719921875,8.36608203125
4.92419921875,1.42176171875,-1.6184296875,1.68833203125,4.00378515625,1.34691015625,-1.77319140625,5.65540234375,4.58072265625,3.993078125,8.54344140625,5.20598828125,-1.1222890625,12.997984375,7.1632265625,10.434046875,0.70972265625,10.45553515625,10.93549609375,8.41602734375,9.49578515625,6.0824296875,10.56887890625,10.46292578125,6.2498984375,-0.784367187500001,12.60626953125,8.381640625,9.54019921875,7.27808203125
6.79119921875,2.42176171875,-1.2124296875,4.27133203125,4.92278515625,2.91591015625,0.27480859375,6.86740234375,5.44172265625,4.733078125,10.16044140625,6.62998828125,-0.2502890625,14.085984375,8.8672265625,11.826046875,0.856722656250001,11.54553515625,12.42449609375,9.98602734375,9.60678515625,6.4414296875,11.58787890625,11.71892578125,6.6278984375,-0.892367187500001,12.68526953125,7.724640625,9.25519921875,6.38808203125
8.00519921875,3.42976171875,-1.2824296875,5.42533203125,5.19678515625,4.10191015625,2.28080859375,7.91040234375,5.57672265625,4.788078125,10.97444140625,7.84298828125,0.1147109375,14.411984375,9.7122265625,12.597046875,0.97472265625,12.02853515625,13.01249609375,10.94102734375,9.61578515625,5.9794296875,11.98887890625,12.30492578125,6.6848984375,-0.4263671875,12.31726953125,6.663640625,9.08819921875,5.83408203125
8.39719921875,4.27676171875,-2.0214296875,4.99533203125,4.94278515625,4.74691015625,3.85380859375,8.60640234375,5.08172265625,4.308078125,10.83844140625,8.61798828125,-0.1062890625,13.830984375,9.4872265625,12.571046875,0.989722656250001,11.84053515625,12.52449609375,10.92002734375,9.39578515625,4.6664296875,11.55787890625,11.87192578125,6.1638984375,0.349632812499999,11.34926953125,5.241640625,8.96719921875,5.48008203125
8.06419921875,4.78976171875,-3.4254296875,3.35033203125,4.39978515625,4.81891015625,4.63980859375,8.75140234375,4.27672265625,3.552078125,9.79344140625,8.82598828125,-0.8322890625,12.457984375,8.2902265625,11.748046875,0.78172265625,11.12453515625,11.08349609375,9.82302734375,8.82478515625,2.8774296875,10.36887890625,10.36992578125,4.9278984375,1.0286328125,9.72726953125,3.604640625,8.74419921875,4.97208203125
7.26019921875,4.79276171875,-5.2234296875,1.15833203125,3.77778515625,4.35991015625,4.38980859375,8.11540234375,3.51872265625,2.737078125,8.01444140625,8.42798828125,-1.9012890625,10.581984375,6.4402265625,10.256046875,0.22172265625,10.09753515625,9.02649609375,7.82502734375,7.81278515625,1.1604296875,8.67787890625,8.02992578125,2.9838984375,1.1816328125,7.48826953125,1.871640625,8.19919921875,3.87408203125
6.21219921875,4.14876171875,-6.9234296875,-0.93566796875,3.15278515625,3.43891015625,3.04080859375,6.54940234375,3.00772265625,1.954078125,5.75744140625,7.45998828125,-3.1582890625,8.536984375,4.3402265625,8.283046875,-0.74827734375,8.90553515625,6.75849609375,5.28802734375,6.36078515625,-0.0735703125,6.76987890625,5.23792578125,0.474898437499999,0.513632812499999,4.73026953125,0.0246406250000004,7.07519921875,1.86808203125
4.99619921875,2.83976171875,-8.0174296875,-2.54766796875,2.49078515625,2.16491015625,0.75080859375,4.14340234375,2.72072265625,1.199078125,3.32544140625,6.03198828125,-4.4612890625,6.615984375,2.3552265625,6.049046875,-2.03527734375,7.61553515625,4.64049609375,2.66102734375,4.61278515625,-0.6975703125,4.86787890625,2.43092578125,-2.3061015625,-0.9663671875,1.64726953125,-2.020359375,5.24319921875,-1.01991796875
3.60119921875,1.06576171875,-8.2334296875,-3.60266796875,1.77578515625,0.72991015625,-2.08719140625,1.35940234375,2.51872265625,0.494078125,1.05744140625,4.31998828125,-5.6152890625,5.068984375,0.7712265625,3.824046875,-3.36727734375,6.32453515625,2.95749609375,0.38302734375,2.88078515625,-0.7855703125,3.16787890625,0.0309257812500006,-4.9141015625,-2.8523671875,-1.40173046875,-4.187359375,2.90419921875,-4.27991796875
2.15619921875,-0.75123828125,-7.6904296875,-4.17866796875,1.13478515625,-0.54908984375,-4.86919140625,-1.00759765625,2.32772265625,-0.0309218749999998,-0.70855859375,2.54798828125,-6.3322890625,4.125984375,-0.2147734375,1.936046875,-4.36827734375,5.27453515625,1.92749609375,-1.17897265625,1.58278515625,-0.4355703125,1.89687890625,-1.59107421875,-6.8021015625,-4.4133671875,-3.87973046875,-6.091359375,0.654199218750001,-6.99891796875
1.03619921875,-2.08723828125,-6.8454296875,-4.34366796875,0.81578515625,-1.30408984375,-6.90319140625,-2.12959765625,2.24172265625,-0.168921875,-1.70955859375,0.93898828125,-6.3122890625,3.970984375,-0.5157734375,0.712046874999999,-4.72327734375,4.81653515625,1.68149609375,-1.81397265625,1.08978515625,0.3324296875,1.30487890625,-2.18707421875,-7.4811015625,-4.8853671875,-5.22373046875,-7.167359375,-0.73980078125,-8.25191796875
0.66419921875,-2.53623828125,-6.2584296875,-4.12966796875,1.02678515625,-1.29708984375,-7.67919140625,-1.62859765625,2.42972265625,0.207078125,-1.88455859375,-0.35901171875,-5.4202890625,4.636984375,-0.1867734375,0.340046874999999,-4.36527734375,5.22953515625,2.21149609375,-1.52897265625,1.54378515625,1.5254296875,1.54787890625,-1.72207421875,-6.7451015625,-3.8623671875,-5.10273046875,-6.996359375,-0.751800781249999,-7.58591796875
1.16419921875,-2.02323828125,-6.2884296875,-3.63666796875,1.73378515625,-0.58908984375,-7.12919140625,0.10240234375,2.94372265625,1.020078125,-1.43855859375,-1.31301171875,-3.8242890625,5.920984375,0.5652265625,0.756046874999999,-3.52227734375,6.51453515625,3.33649609375,-0.55597265625,2.76378515625,3.0594296875,2.58887890625,-0.39307421875,-4.7971015625,-1.5413671875,-3.60873046875,-5.586359375,0.60319921875,-5.27691796875
2.20819921875,-0.85823828125,-6.8784296875,-3.09866796875,2.62378515625,0.44191015625,-5.66819140625,2.00540234375,3.61772265625,1.986078125,-0.77155859375,-1.96501171875,-1.9642890625,7.414984375,1.4632265625,1.651046875,-2.59427734375,8.34453515625,4.75849609375,0.75302734375,4.32978515625,4.7274296875,4.19287890625,1.44692578125,-2.1701015625,1.3626328125,-1.20573046875,-3.367359375,2.80719921875,-2.15591796875
3.20519921875,0.41176171875,-7.5694296875,-2.81266796875,3.25378515625,1.29091015625,-3.96419140625,2.88440234375,4.14872265625,2.756078125,-0.28855859375,-2.34901171875,-0.3552890625,8.671984375,2.2882265625,2.625046875,-1.92927734375,10.20953515625,6.18949609375,2.07802734375,5.79478515625,6.2854296875,6.03687890625,3.46192578125,0.513898437499999,3.9906328125,1.51826953125,-0.919359375,5.16919921875,0.86208203125
3.65719921875,1.26476171875,-7.7864296875,-2.98566796875,3.29578515625,1.56191015625,-2.65319140625,2.00740234375,4.28872265625,3.090078125,-0.22755859375,-2.45801171875,0.6647109375,9.393984375,2.9582265625,3.373046875,-1.66727734375,11.65353515625,7.45449609375,3.25302734375,6.86378515625,7.5804296875,7.85187890625,5.44792578125,2.7858984375,5.7416328125,4.12626953125,1.343640625,7.18719921875,3.21508203125
3.42219921875,1.43876171875,-7.2114296875,-3.61266796875,2.70478515625,1.13091015625,-2.13919140625,-0.55759765625,3.97872265625,2.933078125,-0.60655859375,-2.27901171875,1.0787109375,9.529984375,3.5192265625,3.778046875,-1.74427734375,12.45353515625,8.49449609375,4.25202734375,7.44878515625,8.5954296875,9.47887890625,7.33292578125,4.4258984375,6.4686328125,6.43326953125,3.294640625,8.70119921875,4.82108203125
2.75919921875,0.99476171875,-5.9754296875,-4.47066796875,1.70878515625,0.15491015625,-2.50219140625,-4.01459765625,3.34772265625,2.382078125,-1.27555859375,-1.86101171875,1.1657109375,9.233984375,4.0412265625,3.888046875,-2.01227734375,12.63153515625,9.29649609375,5.08802734375,7.60178515625,9.3594296875,10.84187890625,9.06792578125,5.4198984375,6.4026328125,8.43126953125,4.978640625,9.79719921875,5.88408203125
2.14819921875,0.21076171875,-4.5244296875,-5.23366796875,0.66878515625,-1.03108984375,-3.49619140625,-7.19859765625,2.59672265625,1.591078125,-2.01255859375,-1.32201171875,1.3287109375,8.732984375,4.5262265625,3.818046875,-2.36327734375,12.35453515625,9.81749609375,5.72202734375,7.40978515625,9.8354296875,11.87487890625,10.53692578125,5.8538984375,5.9216328125,10.14226953125,6.409640625,10.60919921875,6.60708203125
1.99319921875,-0.59923828125,-3.3094296875,-5.63666796875,-0.10521484375,-2.08408984375,-4.68519140625,-9.07659765625,1.88672265625,0.699078125,-2.63055859375,-0.80601171875,1.8927109375,8.215984375,4.8882265625,3.663046875,-2.78427734375,11.82353515625,9.97549609375,6.04002734375,6.92478515625,9.9094296875,12.50687890625,11.55792578125,5.8228984375,5.3136328125,11.54226953125,7.479640625,11.17919921875,7.02408203125
2.38719921875,-1.23823828125,-2.5464296875,-5.61566796875,-0.47021484375,-2.79908984375,-5.66519140625,-9.15559765625,1.29272265625,-0.185921875,-3.03855859375,-0.43801171875,2.9747109375,7.783984375,5.0042265625,3.468046875,-3.31227734375,11.20253515625,9.71349609375,5.93102734375,6.16678515625,9.4954296875,12.68687890625,11.97992578125,5.4058984375,4.6646328125,12.56526953125,8.022640625,11.43919921875,7.01908203125
3.12419921875,-1.66623828125,-2.1614296875,-5.29166796875,-0.45221484375,-3.15308984375,-6.23819140625,-7.63359765625,0.86172265625,-0.976921875,-3.24855859375,-0.29101171875,4.4637109375,7.468984375,4.7972265625,3.257046875,-3.95027734375,10.62453515625,9.08449609375,5.38902734375,5.17278515625,8.6864296875,12.45187890625,11.77692578125,4.6988984375,3.9036328125,13.18326953125,7.988640625,11.30119921875,6.48808203125
3.96619921875,-1.94523828125,-1.8814296875,-4.81366796875,-0.17621484375,-3.23908984375,-6.39519140625,-5.20159765625,0.68072265625,-1.588921875,-3.29555859375,-0.35501171875,6.1017109375,7.287984375,4.2872265625,3.095046875,-4.59527734375,10.21053515625,8.30049609375,4.58302734375,4.07178515625,7.8224296875,11.95287890625,11.09792578125,3.8848984375,2.9826328125,13.47426953125,7.576640625,10.78019921875,5.50408203125
4.88319921875,-2.16123828125,-1.3664296875,-4.21566796875,0.230785156250001,-3.16308984375,-6.19019140625,-2.66359765625,0.89772265625,-1.941921875,-3.16855859375,-0.52701171875,7.6007109375,7.273984375,3.5852265625,3.127046875,-5.04627734375,10.08853515625,7.69449609375,3.82602734375,3.09778515625,7.4194296875,11.43787890625,10.22992578125,3.2508984375,2.0286328125,13.64926953125,7.230640625,10.06219921875,4.37408203125
6.04119921875,-2.37123828125,-0.3624296875,-3.41366796875,0.68978515625,-2.98608984375,-5.66219140625,-0.591597656250001,1.63772265625,-1.984921875,-2.81155859375,-0.66101171875,8.7607109375,7.465984375,2.8382265625,3.516046875,-5.10227734375,10.35853515625,7.57749609375,3.43202734375,2.49278515625,7.9424296875,11.15487890625,9.47592578125,3.0958984375,1.2986328125,13.96526953125,7.436640625,9.43619921875,3.50008203125
7.57319921875,-2.59723828125,1.1885703125,-2.33866796875,1.16778515625,-2.73708984375,-4.86219140625,0.843402343749999,2.89472265625,-1.738921875,-2.19555859375,-0.65001171875,9.5397109375,7.864984375,2.1502265625,4.321046875,-4.70127734375,11.02153515625,8.05749609375,3.53602734375,2.35278515625,9.5274296875,11.21787890625,8.99992578125,3.5358984375,0.975632812499999,14.57226953125,8.425640625,9.09719921875,3.11708203125
9.38419921875,-2.84523828125,3.1135703125,-1.06666796875,1.65178515625,-2.45408984375,-3.91819140625,1.84440234375,4.47272265625,-1.317921875,-1.40455859375,-0.51101171875,10.0677109375,8.391984375,1.5322265625,5.406046875,-3.99127734375,11.92553515625,8.94249609375,3.99202734375,2.53178515625,11.8214296875,11.52587890625,8.74692578125,4.3788984375,0.965632812499999,15.40226953125,9.976640625,8.99919921875,3.11408203125
9.38419921875,-2.84523828125,3.1135703125,-1.06666796875,1.65178515625,-2.45408984375,-3.91819140625,1.84440234375,4.47272265625,-1.317921875,-1.40455859375,-0.51101171875,10.0677109375,8.391984375,1.5322265625,5.406046875,-3.99127734375,11.92553515625,8.94249609375,3.99202734375,2.53178515625,11.8214296875,11.52587890625,8.74692578125,4.3788984375,0.965632812499999,15.40226953125,9.976640625,8.99919921875,3.11408203125
