"Fp1","Fpz","Fp2","F7","F3","Fz","F4","F8","FC5","FC1","FC2","FC6","T7","C3","Cz","C4","T8","CP5","CP1","CP2","CP6","P7","P3","Pz","P4","P8","POz","O1","Oz","O2"
13.31671484375,14.758234375,14.56125,10.5306875,2.05267578125,9.20106640625,9.7208125,8.5396640625,-6.59964453125,10.4101015625,2.988921875,4.6623125,9.2970703125,5.80365234375,15.250734375,8.74465234375,1.04992578125,1.89006640625,4.56594140625,6.4526640625,9.544984375,12.216875,6.09340234375,1.2818359375,-0.85994140625,10.57619921875,9.93288671875,13.15247265625,9.00383984375,10.08265234375
-7.86828515625,-4.938765625,-2.62575,-6.9313125,-12.29632421875,-5.44193359375,-4.3351875,-7.8103359375,-19.99964453125,-4.4098984375,-10.202078125,-9.8916875,-11.1409296875,-9.30934765625,2.036734375,-7.10434765625,-15.98407421875,-15.32993359375,-8.72005859375,-9.2633359375,-7.262015625,-5.986125,-11.04259765625,-14.4861640625,-15.68094140625,-6.28580078125,-5.32711328125,-5.67252734375,-8.91616015625,-5.03134765625
-20.06728515625,-16.261765625,-12.45175,-16.6073125,-19.97932421875,-13.82093359375,-12.7271875,-17.2183359375,-26.91764453125,-12.8318984375,-17.720078125,-17.8516875,-22.7849296875,-17.55634765625,-5.548265625,-16.29034765625,-24.61507421875,-24.40793359375,-15.99505859375,-17.8743359375,-16.706015625,-15.857125,-19.98159765625,-22.9211640625,-23.26594140625,-15.21980078125,-13.03711328125,-15.85252734375,-18.11316015625,-12.17334765625
-23.56028515625,-19.661765625,-15.50475,-18.7703125,-21.50932421875,-16.40393359375,-16.1701875,-20.3873359375,-27.95164453125,-15.3668984375,-20.111078125,-19.9606875,-25.9059296875,-19.49634765625,-8.064265625,-19.52634765625,-25.47507421875,-25.80393359375,-17.66605859375,-19.9263359375,-19.489015625,-17.765125,-21.21059765625,-24.4611640625,-24.27094140625,-16.76680078125,-13.72411328125,-17.67452734375,-19.01816015625,-12.05734765625
-21.05628515625,-17.831765625,-14.34275,-15.8233125,-19.21132421875,-15.32693359375,-16.7731875,-19.8933359375,-25.42664453125,-14.1658984375,-19.366078125,-18.7356875,-23.1649296875,-17.45834765625,-7.483265625,-19.22734765625,-21.66207421875,-22.15593359375,-15.67205859375,-17.8223359375,-18.273015625,-14.315125,-17.43559765625,-21.4871640625,-21.30794140625,-13.68680078125,-9.99611328125,-13.85352734375,-14.51516015625,-7.66834765625
-15.90928515625,-13.892765625,-11.75075,-10.7223125,-15.66832421875,-12.93493359375,-16.4861875,-18.3953359375,-21.81964453125,-11.5058984375,-17.528078125,-16.7556875,-17.8249296875,-13.91634765625,-5.785265625,-17.79934765625,-16.80007421875,-16.52093359375,-12.12205859375,-14.1653359375,-15.847015625,-8.640125,-11.79959765625,-16.7151640625,-17.21594140625,-9.24380078125,-4.86311328125,-7.85352734375,-8.14216015625,-2.41134765625
-10.85928515625,-10.223765625,-9.69275,-5.8703125,-12.74732421875,-10.90793359375,-16.3631875,-17.5473359375,-18.82264453125,-8.9838984375,-15.971078125,-15.6746875,-12.5519296875,-10.57734765625,-4.276265625,-16.73334765625,-13.56207421875,-11.28493359375,-8.55005859375,-10.8133359375,-14.055015625,-3.306125,-6.74059765625,-12.2291640625,-14.04194140625,-6.07280078125,-0.64911328125,-2.65652734375,-2.79116015625,1.15965234375
-7.37628515625,-7.956765625,-8.93175,-2.5553125,-11.18632421875,-9.93593359375,-16.5091875,-17.6873359375,-17.01864453125,-7.2778984375,-15.202078125,-15.8986875,-8.8799296875,-8.12234765625,-3.459265625,-16.41934765625,-12.90407421875,-7.70893359375,-5.70805859375,-8.5853359375,-13.491015625,0.200875,-3.49159765625,-9.0751640625,-12.68694140625,-5.56880078125,1.52588671875,0.0214726562500001,0.00583984375000002,1.95465234375
-5.47428515625,-6.907765625,-9.03575,-0.7833125,-10.57132421875,-9.69993359375,-16.2811875,-18.0483359375,-15.93964453125,-6.1638984375,-14.876078125,-16.6606875,-7.1019296875,-6.28034765625,-3.070265625,-16.28234765625,-14.01607421875,-5.83393359375,-3.59005859375,-7.2993359375,-13.622015625,1.660875,-1.97259765625,-7.1761640625,-12.88094140625,-7.58180078125,1.89488671875,0.13647265625,0.35283984375,0.49165234375
-4.21728515625,-6.106765625,-8.90675,0.3136875,-9.83932421875,-9.30893359375,-14.8331875,-17.4473359375,-14.61064453125,-4.9378984375,-14.184078125,-16.6376875,-6.6519296875,-4.33534765625,-2.433265625,-15.34634765625,-15.12507421875,-4.89193359375,-1.77805859375,-6.2203359375,-13.389015625,1.782875,-1.25259765625,-5.7361640625,-13.62494140625,-10.68780078125,1.61288671875,-1.02452734375,-0.44616015625,-1.62234765625
-2.78728515625,-4.799765625,-7.72975,1.5786875,-8.22232421875,-8.11793359375,-11.8871875,-15.2543359375,-12.44264453125,-3.1848984375,-12.607078125,-14.9766875,-6.8109296875,-1.95934765625,-1.128265625,-13.10834765625,-14.84707421875,-4.16893359375,-0.0750585937500001,-4.8473359375,-12.124015625,1.374875,-0.50259765625,-4.1061640625,-14.02394140625,-13.13680078125,1.77488671875,-1.94052734375,-0.98716015625,-2.83134765625
-1.19228515625,-3.060765625,-5.55575,3.1686875,-5.84632421875,-6.21893359375,-8.0781875,-11.8743359375,-9.76664453125,-1.1978984375,-10.350078125,-11.8846875,-7.1089296875,0.37965234375,0.632734375,-9.99334765625,-13.04407421875,-3.55893359375,1.20094140625,-3.3643359375,-10.027015625,0.747875,0.37340234375,-2.3671640625,-13.84794140625,-13.78980078125,2.66188671875,-1.86552734375,-0.69816015625,-2.55334765625
0.0157148437499997,-1.475765625,-3.01075,4.7046875,-3.44932421875,-4.16793359375,-4.4381875,-8.3253359375,-7.47364453125,0.4051015625,-8.022078125,-8.2626875,-7.1039296875,1.88265234375,2.333734375,-6.90634765625,-10.51907421875,-3.31793359375,1.60294140625,-2.3093359375,-7.763015625,-0.120125,0.98040234375,-1.0661640625,-13.31194140625,-12.37780078125,3.83388671875,-0.95252734375,0.14583984375,-1.21634765625
0.47571484375,-0.453765625,-0.66275,5.8196875,-1.69232421875,-2.38893359375,-1.6491875,-5.4583359375,-6.23664453125,1.3401015625,-6.032078125,-4.9306875,-6.1689296875,2.17665234375,3.689734375,-4.50634765625,-8.11107421875,-3.50293359375,1.11194140625,-1.9753359375,-5.784015625,-1.117125,1.06240234375,-0.6061640625,-12.56694140625,-9.29280078125,4.70988671875,0.23247265625,0.96383984375,0.33765234375
0.30371484375,-0.005765625,1.18525,6.4266875,-0.82432421875,-0.998933593749999,0.1208125,-3.6703359375,-6.13064453125,1.7621015625,-4.464078125,-2.3436875,-3.8419296875,1.51865234375,4.705734375,-3.01534765625,-6.18607421875,-3.87293359375,0.16294140625,-2.2693359375,-4.193015625,-1.938125,0.70840234375,-1.0151640625,-11.59894140625,-5.41280078125,4.89988671875,1.11347265625,1.27483984375,1.35365234375
-0.12028515625,0.040234375,2.34225,6.6466875,-0.75932421875,0.0100664062500004,0.922812500000001,-3.0773359375,-6.73064453125,1.9761015625,-3.300078125,-0.7756875,-0.3559296875,0.49465234375,5.433734375,-2.45734765625,-4.74107421875,-4.14293359375,-0.71505859375,-2.9413359375,-3.007015625,-2.346125,0.17540234375,-2.0801640625,-10.41394140625,-1.87280078125,4.26188671875,1.30947265625,0.84183984375,1.44065234375
-0.31628515625,-0.015765625,2.78025,6.7736875,-1.10632421875,0.730066406250001,0.925812500000001,-3.5593359375,-7.28264453125,2.3131015625,-2.455078125,-0.338687500000001,3.4450703125,-0.19034765625,5.997734375,-2.68534765625,-3.58007421875,-4.04293359375,-1.09405859375,-3.6293359375,-2.233015625,-2.211125,-0.16059765625,-3.3701640625,-9.00694140625,0.46819921875,3.03388671875,0.88547265625,-0.16116015625,0.82765234375
0.22171484375,0.301234375,2.80625,7.2376875,-1.19732421875,1.43906640625,0.538812500000001,-4.6693359375,-6.91164453125,3.1881015625,-1.647078125,-0.8186875,6.6740703125,0.16465234375,6.754734375,-3.23434765625,-2.44407421875,-3.23993359375,-0.63905859375,-3.8003359375,-1.729015625,-1.360125,0.22140234375,-4.2161640625,-7.20894140625,1.49119921875,1.90688671875,0.45047265625,-1.09616015625,0.34865234375
1.71171484375,1.370234375,2.85225,8.2596875,-0.48332421875,2.42206640625,0.2428125,-5.8203359375,-5.10364453125,4.8381015625,-0.568078125,-1.7816875,8.7280703125,1.86065234375,8.085734375,-3.52034765625,-1.26107421875,-1.59493359375,0.69794140625,-3.0343359375,-1.339015625,0.301875,1.65340234375,-4.0771640625,-4.89794140625,1.61919921875,1.61588671875,0.72447265625,-1.29116015625,0.84465234375
3.70871484375,3.011234375,3.01625,9.4406875,0.92467578125,3.56906640625,0.1688125,-6.7153359375,-2.20164453125,6.8911015625,0.697921875,-2.9466875,9.2010703125,4.32265234375,9.883734375,-3.33034765625,-0.378074218749999,0.411066406250001,2.38294140625,-1.4923359375,-1.196015625,2.475875,3.78240234375,-3.0741640625,-2.42394140625,1.19319921875,2.31488671875,1.88147265625,-0.64216015625,2.39465234375
5.28571484375,4.505234375,2.99525,9.9036875,2.23167578125,4.35306640625,0.0308125000000006,-7.4423359375,0.68935546875,8.4361015625,1.639921875,-4.2556875,7.8700703125,6.28665234375,11.456734375,-2.92834765625,-0.320074218749999,1.79206640625,3.45594140625,0.0826640625000001,-1.638015625,4.545875,5.63740234375,-1.9611640625,-0.556941406249999,0.27119921875,3.47988671875,3.45447265625,0.33183984375,4.25965234375
5.67671484375,5.152234375,2.52025,8.9366875,2.55367578125,4.26406640625,-0.462187499999999,-8.1363359375,2.39635546875,8.6661015625,1.759921875,-5.5696875,4.9370703125,6.63765234375,12.018734375,-2.66734765625,-1.23607421875,1.76706640625,3.17594140625,0.9286640625,-2.732015625,6.056875,6.32740234375,-1.4941640625,0.0980585937500003,-1.00680078125,4.43788671875,4.84147265625,1.03783984375,5.56065234375
4.67571484375,4.661234375,1.62025,6.4406875,1.45167578125,3.16106640625,-1.3321875,-8.7493359375,2.26435546875,7.3631015625,0.902921875000001,-6.5646875,1.0600703125,5.06865234375,11.148734375,-2.71234765625,-2.71907421875,0.27106640625,1.46894140625,0.7086640625,-4.089015625,6.983875,5.58140234375,-1.9361640625,-0.50794140625,-2.18780078125,4.82488671875,5.71047265625,1.20983984375,5.86765234375
2.47171484375,3.052234375,0.43325,2.8576875,-1.01032421875,1.20106640625,-2.4861875,-9.2163359375,0.25235546875,4.8311015625,-0.824078124999999,-7.0426875,-2.9919296875,2.03165234375,8.840734375,-3.16834765625,-4.20407421875,-2.19893359375,-1.19705859375,-0.5433359375,-5.241015625,7.498875,3.68540234375,-3.1321640625,-2.03994140625,-2.78380078125,4.55788671875,5.92547265625,0.82983984375,5.19865234375
-0.53728515625,0.560234375,-0.92675,-1.0443125,-4.35132421875,-1.26593359375,-3.8431875,-9.5793359375,-3.11864453125,1.6841015625,-3.149078125,-7.1186875,-6.5889296875,-1.58434765625,5.462734375,-4.12734765625,-5.33807421875,-4.90793359375,-4.09305859375,-2.5393359375,-5.956015625,7.741875,1.23240234375,-4.7191640625,-4.02294140625,-2.55780078125,3.73488671875,5.46847265625,0.0108398437500001,3.86065234375
-3.62428515625,-2.185765625,-2.15975,-4.2333125,-7.64332421875,-3.61793359375,-5.1241875,-9.7753359375,-6.74764453125,-1.1538984375,-5.477078125,-6.9396875,-9.1289296875,-4.64434765625,1.875734375,-5.37034765625,-5.91407421875,-6.98893359375,-6.34305859375,-4.6383359375,-6.103015625,7.926875,-0.92359765625,-6.0881640625,-5.78994140625,-1.43780078125,2.77188671875,4.64947265625,-0.83516015625,2.48865234375
-5.77328515625,-4.180765625,-2.67975,-5.6643125,-9.70532421875,-5.00693359375,-5.7441875,-9.5133359375,-9.22264453125,-2.5998984375,-6.903078125,-6.4146875,-9.9669296875,-6.04934765625,-0.697265625,-6.22234765625,-5.74207421875,-7.60793359375,-7.10605859375,-5.9023359375,-5.460015625,8.397875,-1.84859765625,-6.4671640625,-6.50694140625,0.560199218749999,2.39588671875,4.15747265625,-0.99816015625,1.92365234375
-6.21728515625,-4.593765625,-2.01375,-4.8643125,-9.72832421875,-4.84393359375,-5.1981875,-8.5623359375,-9.56464453125,-1.9968984375,-6.720078125,-5.3856875,-8.7259296875,-5.31734765625,-1.306265625,-5.99034765625,-4.84607421875,-6.45493359375,-6.04505859375,-5.6283359375,-3.928015625,9.300875,-1.07359765625,-5.3931640625,-5.62694140625,3.08019921875,3.17488671875,4.59647265625,0.02583984375,2.65665234375
-4.92728515625,-3.307765625,-0.21175,-2.3233125,-7.78232421875,-3.22693359375,-3.4881875,-7.0733359375,-7.81664453125,0.4121015625,-4.918078125,-3.8996875,-5.6059296875,-2.94034765625,0.134734375,-4.48334765625,-3.60807421875,-4.07793359375,-3.61605859375,-3.8393359375,-1.783015625,10.318875,1.01640234375,-3.1261640625,-3.31794140625,5.28819921875,5.04888671875,5.99347265625,2.06783984375,4.40165234375
-2.46928515625,-0.816765625,2.25925,0.8536875,-4.65432421875,-0.817933593749999,-1.0441875,-5.4333359375,-4.86764453125,3.6941015625,-2.100078125,-2.1086875,-1.2749296875,-0.00434765624999978,2.929734375,-2.01034765625,-2.43607421875,-1.51093359375,-0.74605859375,-1.1653359375,0.490984375,10.960875,3.49440234375,-0.4251640625,-0.303941406250001,6.32819921875,7.43988671875,7.89847265625,4.44983984375,6.38865234375
0.48571484375,2.215234375,4.90525,3.6226875,-1.30132421875,1.63706640625,1.6528125,-3.8933359375,-1.80064453125,6.8251015625,0.969921875000001,-0.0386875000000009,3.4070703125,2.52765234375,6.115734375,0.95065234375,-1.35107421875,0.42606640625,1.78394140625,1.6426640625,2.539984375,11.057875,5.54940234375,1.9948359375,2.62305859375,5.94919921875,9.69188671875,9.82447265625,6.50883984375,7.99465234375
3.32571484375,5.114234375,7.26725,5.3376875,1.45067578125,3.56306640625,4.1628125,-2.4953359375,0.540355468749999,9.0301015625,3.598921875,2.2743125,7.4280703125,4.13065234375,8.799734375,3.85465234375,-0.10507421875,1.40606640625,3.59094140625,3.9606640625,4.125984375,10.810875,6.77340234375,3.7068359375,4.82805859375,4.58419921875,11.29188671875,11.43347265625,7.84183984375,8.99665234375
5.40271484375,7.146234375,8.81025,5.6916875,2.96367578125,4.56106640625,5.9718125,-1.2673359375,1.63635546875,9.8221015625,5.193921875,4.4933125,9.6550703125,4.62865234375,10.281734375,6.04365234375,1.33292578125,1.46306640625,4.58094140625,5.3036640625,4.942984375,10.475875,7.06840234375,4.5188359375,5.84305859375,2.94919921875,11.86588671875,12.47547265625,8.24183984375,9.41065234375
6.20471484375,7.733234375,9.09525,4.7126875,2.97367578125,4.50606640625,6.6188125,-0.273335937499999,1.40735546875,9.1651015625,5.430921875,6.0463125,9.3170703125,4.18865234375,10.283734375,6.98365234375,2.62692578125,0.93906640625,4.92094140625,5.4926640625,4.747984375,10.254875,6.65840234375,4.5478359375,5.55405859375,1.74519921875,11.35988671875,12.90547265625,7.77083984375,9.42565234375
5.69671484375,6.839234375,8.12925,2.8376875,1.79567578125,3.64706640625,6.0008125,0.456664062500002,0.26535546875,7.6171015625,4.480921875,6.5163125,6.6190703125,3.35365234375,9.159734375,6.62365234375,3.38092578125,0.48106640625,5.07294140625,4.8466640625,3.695984375,10.390875,6.14140234375,4.3218359375,4.41905859375,1.57519921875,10.25288671875,13.04347265625,6.86583984375,9.41365234375
4.28971484375,4.908234375,6.30225,0.6826875,0.0746757812499999,2.39506640625,4.3608125,0.809664062500001,-1.20364453125,5.9981015625,2.829921875,5.7603125,2.7380703125,2.70165234375,7.627734375,5.31065234375,3.33792578125,0.674066406250001,5.51094140625,3.9496640625,2.265984375,11.027875,6.14840234375,4.4548359375,3.20605859375,2.68219921875,9.28288671875,13.30647265625,6.04783984375,9.65965234375
2.42271484375,2.427234375,3.97825,-1.3913125,-1.76432421875,0.915066406250001,1.9768125,0.411664062500002,-2.76164453125,4.7481015625,0.821921875000001,3.7483125,-0.8499296875,2.30365234375,6.180734375,3.34565234375,2.29992578125,1.46806640625,6.26994140625,3.1136640625,0.821984375,11.863875,6.76140234375,5.0738359375,2.37805859375,4.63219921875,8.84988671875,13.67847265625,5.41983984375,9.96365234375
0.33271484375,-0.281765625,1.36225,-3.3753125,-3.69432421875,-0.88693359375,-0.895187499999999,-1.1443359375,-4.57464453125,3.7341015625,-1.449078125,0.6083125,-3.0419296875,1.69465234375,4.876734375,0.86265234375,0.179925781250001,2.14506640625,6.89094140625,2.2346640625,-0.559015625,12.224875,7.43440234375,5.7078359375,1.86005859375,6.48919921875,8.79188671875,13.64147265625,4.62383984375,9.73665234375
-1.77628515625,-2.859765625,-1.22875,-5.2793125,-5.72532421875,-2.95093359375,-3.7541875,-3.7423359375,-6.72164453125,2.6831015625,-3.786078125,-3.0506875,-3.3479296875,0.47165234375,3.673734375,-1.84134765625,-2.70807421875,1.97606640625,6.89694140625,1.1886640625,-1.799015625,11.625875,7.55940234375,5.8038359375,1.39705859375,7.48119921875,8.74888671875,12.72847265625,3.35283984375,8.59865234375
-3.66428515625,-4.867765625,-3.28075,-6.9083125,-7.60632421875,-4.85393359375,-5.8461875,-6.5973359375,-8.83464453125,1.5621015625,-5.726078125,-6.1746875,-1.9589296875,-1.24634765625,2.665734375,-4.17434765625,-5.64207421875,0.80406640625,6.17294140625,0.1036640625,-2.673015625,10.160875,6.94540234375,5.1578359375,0.87705859375,7.42819921875,8.51988671875,10.97447265625,1.71883984375,6.74765234375
-5.29928515625,-6.109765625,-4.46775,-8.0533125,-8.98632421875,-6.11793359375,-6.6661875,-8.7653359375,-10.32264453125,0.4681015625,-6.877078125,-7.8566875,0.2170703125,-2.99234765625,1.903734375,-5.65934765625,-7.96707421875,-1.00293359375,4.85194140625,-0.8623359375,-3.098015625,8.290875,5.74040234375,3.8358359375,0.212058593749999,6.54719921875,7.98988671875,8.80047265625,0.0508398437499999,4.70665234375
-6.91728515625,-6.801765625,-4.92775,-8.6843125,-9.66932421875,-6.57493359375,-6.3261875,-9.7053359375,-10.77064453125,-0.5668984375,-7.253078125,-7.8636875,1.8780703125,-4.34334765625,1.199734375,-6.29534765625,-9.48207421875,-2.89393359375,3.09994140625,-1.7653359375,-3.350015625,6.490875,4.17240234375,1.9628359375,-0.78994140625,5.12319921875,7.02388671875,6.70847265625,-1.40816015625,2.93865234375
-8.60728515625,-7.211765625,-5.01775,-8.8353125,-9.59432421875,-6.33693359375,-5.3651875,-9.3583359375,-10.08164453125,-1.4838984375,-7.153078125,-6.5706875,2.0290703125,-5.01834765625,0.332734375,-6.40134765625,-10.30607421875,-4.28993359375,1.15394140625,-2.7333359375,-3.787015625,5.174875,2.55940234375,-0.2011640625,-2.21194140625,3.51619921875,5.63888671875,5.20647265625,-2.47316015625,1.80565234375
-9.99428515625,-7.318765625,-4.95075,-8.4413125,-8.78832421875,-5.61693359375,-4.3401875,-7.9953359375,-8.44164453125,-2.1018984375,-6.874078125,-4.6296875,0.4890703125,-4.85434765625,-0.708265625,-6.26834765625,-10.54107421875,-4.70693359375,-0.62705859375,-3.7313359375,-4.477015625,4.654875,1.30140234375,-2.2131640625,-3.82494140625,2.18419921875,4.13088671875,4.71747265625,-2.94416015625,1.56065234375
-10.51528515625,-6.998765625,-4.83075,-7.4853125,-7.52832421875,-4.75893359375,-3.7231875,-6.2013359375,-6.37464453125,-2.3508984375,-6.689078125,-2.8236875,-2.2159296875,-3.98134765625,-1.837265625,-6.13934765625,-10.23307421875,-4.08493359375,-1.97405859375,-4.6723359375,-5.264015625,4.872875,0.58140234375,-3.7251640625,-5.30794140625,1.36119921875,2.79188671875,5.23047265625,-2.86616015625,2.04465234375
-9.95828515625,-6.389765625,-4.82175,-6.1833125,-6.39432421875,-4.23693359375,-3.8811875,-4.7883359375,-4.63564453125,-2.4448984375,-6.873078125,-1.9126875,-5.2209296875,-2.89534765625,-3.036265625,-6.27734765625,-9.45507421875,-2.94293359375,-2.89205859375,-5.5783359375,-5.996015625,5.270875,0.14640234375,-4.7501640625,-6.54794140625,0.781199218749999,1.60088671875,6.10447265625,-2.73316015625,2.51065234375
-8.56428515625,-5.822765625,-4.99875,-4.8663125,-5.86932421875,-4.33493359375,-4.8131875,-4.3353359375,-3.77464453125,-2.6018984375,-7.451078125,-2.1976875,-7.4959296875,-2.08434765625,-4.184265625,-6.73534765625,-8.20707421875,-1.95393359375,-3.44105859375,-6.4123359375,-6.486015625,5.204875,-0.35859765625,-5.4321640625,-7.53094140625,-0.0318007812500003,0.38788671875,6.50047265625,-3.15316015625,2.06665234375
-6.75728515625,-5.475765625,-5.11875,-3.7463125,-5.90732421875,-4.82293359375,-5.9361875,-4.7453359375,-3.75564453125,-2.6548984375,-7.980078125,-3.2056875,-8.0209296875,-1.59934765625,-4.826265625,-7.11234765625,-6.33507421875,-1.37993359375,-3.43005859375,-6.8343359375,-6.366015625,4.483875,-0.89859765625,-5.6611640625,-8.05294140625,-1.18380078125,-0.76811328125,6.03447265625,-4.28716015625,0.41165234375
-4.96828515625,-5.295765625,-4.80975,-2.9723125,-6.06332421875,-5.14893359375,-6.4301875,-5.3963359375,-4.16864453125,-2.2078984375,-7.852078125,-4.0436875,-6.3139296875,-1.17434765625,-4.418265625,-6.83434765625,-3.80507421875,-1.06193359375,-2.55805859375,-6.4093359375,-5.301015625,3.366875,-1.08559765625,-5.1391640625,-7.80194140625,-2.26780078125,-1.53211328125,4.92647265625,-5.72816015625,-1.93134765625
-3.60728515625,-5.191765625,-3.97975,-2.8153125,-6.01232421875,-4.95493359375,-5.8761875,-5.7023359375,-4.76164453125,-1.1378984375,-6.858078125,-4.1286875,-2.9459296875,-0.68334765625,-2.844265625,-5.70434765625,-1.02507421875,-0.83593359375,-0.82105859375,-5.0513359375,-3.358015625,2.150875,-0.63059765625,-3.7781640625,-6.68594140625,-2.65880078125,-1.63411328125,3.65647265625,-6.84716015625,-3.97034765625
-2.89228515625,-5.055765625,-2.85975,-3.5503125,-5.77832421875,-4.30093359375,-4.4601875,-5.4243359375,-5.59964453125,0.2461015625,-5.337078125,-3.4716875,0.6530703125,-0.28034765625,-0.563265625,-4.03134765625,1.34592578125,-0.69993359375,1.37994140625,-3.1133359375,-0.981015625,1.016875,0.45740234375,-1.8051640625,-4.86294140625,-1.75980078125,-0.98411328125,2.72847265625,-7.04816015625,-4.64834765625
-2.68628515625,-4.671765625,-1.70375,-5.1353125,-5.56232421875,-3.48993359375,-2.6911875,-4.5633359375,-6.79564453125,1.4671015625,-3.858078125,-2.4136875,3.0280703125,-0.14034765625,1.696734375,-2.30234765625,2.91692578125,-0.631933593749999,3.51094140625,-1.0713359375,1.383984375,0.206875,2.03140234375,0.464835937499999,-2.50294140625,0.85919921875,0.45888671875,2.66547265625,-5.85416015625,-3.16634765625
-2.75328515625,-3.924765625,-0.70675,-7.2463125,-5.64632421875,-2.92593359375,-1.1721875,-3.3003359375,-8.33364453125,2.0491015625,-2.984078125,-1.3806875,3.3570703125,-0.36334765625,3.165734375,-0.98034765625,3.67492578125,-0.580933593749999,5.06094140625,0.6276640625,3.431984375,0.00287499999999996,3.83040234375,2.7058359375,0.206058593750001,5.10719921875,2.62188671875,3.81547265625,-3.16816015625,0.56165234375
-3.24128515625,-3.170765625,-0.22175,-9.6233125,-6.46032421875,-3.13793359375,-0.582187499999999,-2.0483359375,-10.18764453125,1.4741015625,-3.263078125,-0.8586875,1.5320703125,-1.16334765625,3.074734375,-0.57034765625,3.62792578125,-0.70693359375,5.48394140625,1.4596640625,4.807984375,0.409875,5.32440234375,4.4138359375,2.79105859375,10.01419921875,5.05888671875,5.98547265625,0.38883984375,5.51565234375
-4.62428515625,-3.126765625,-0.70675,-12.1813125,-8.38532421875,-4.56693359375,-1.4601875,-1.2903359375,-12.30564453125,-0.6318984375,-5.053078125,-1.2256875,-1.9759296875,-2.82234765625,0.918734375,-1.49834765625,2.63092578125,-1.35093359375,4.34394140625,0.9316640625,5.114984375,1.102875,5.85540234375,4.9888359375,4.53705859375,14.02319921875,7.02988671875,8.46147265625,3.62983984375,9.90965234375
-7.07428515625,-4.214765625,-2.29475,-14.7043125,-11.27432421875,-7.12493359375,-3.7331875,-1.1713359375,-14.37364453125,-4.0358984375,-8.128078125,-2.3976875,-6.2069296875,-5.27634765625,-3.047265625,-3.70534765625,0.701925781250001,-2.58593359375,1.72394140625,-0.9943359375,4.264984375,1.821875,5.17740234375,4.1898359375,4.99605859375,15.93019921875,8.02288671875,10.52747265625,5.53483984375,12.23065234375
-10.05728515625,-6.174765625,-4.58275,-16.6733125,-14.31932421875,-10.09493359375,-6.6381875,-1.4313359375,-15.80164453125,-7.8148984375,-11.640078125,-3.8356875,-9.9899296875,-7.95334765625,-7.729265625,-6.54834765625,-1.70207421875,-3.98293359375,-1.64405859375,-3.7333359375,2.632984375,2.643875,3.71340234375,2.3558359375,4.29405859375,15.55819921875,8.07988671875,11.86647265625,5.81183984375,12.06665234375
-12.67028515625,-8.381765625,-6.97675,-17.5573125,-16.55632421875,-12.61193359375,-9.2681875,-1.8433359375,-16.14564453125,-10.9208984375,-14.640078125,-5.0386875,-12.4649296875,-10.15934765625,-11.807265625,-9.25434765625,-3.85807421875,-4.94693359375,-4.81105859375,-6.4703359375,0.723984375,3.748875,2.17440234375,0.0898359374999993,2.87705859375,13.56619921875,7.55088671875,12.42047265625,4.80583984375,10.04465234375
-14.20328515625,-10.317765625,-9.03875,-17.1473125,-17.44832421875,-14.16493359375,-11.1151875,-2.5223359375,-15.43364453125,-12.7698984375,-16.569078125,-5.8846875,-13.3059296875,-11.50134765625,-14.396265625,-11.34334765625,-5.09807421875,-5.14293359375,-7.11005859375,-8.6103359375,-1.133015625,5.111875,1.06640234375,-2.1011640625,1.13505859375,10.83119921875,6.73288671875,12.16347265625,3.11283984375,7.22865234375
-14.31228515625,-11.631765625,-10.43975,-15.5303125,-16.95032421875,-14.60293359375,-12.0391875,-3.6393359375,-13.97164453125,-13.2558984375,-17.241078125,-6.4106875,-12.4509296875,-11.85634765625,-15.192265625,-12.54634765625,-4.91307421875,-4.50493359375,-8.21805859375,-9.8033359375,-2.689015625,6.545875,0.63340234375,-3.7981640625,-0.61994140625,8.08619921875,5.85388671875,11.19147265625,1.38183984375,4.59565234375
-12.97128515625,-12.049765625,-10.85575,-12.9503125,-15.30132421875,-13.94693359375,-12.0261875,-5.0053359375,-12.01064453125,-12.5178984375,-16.635078125,-6.5006875,-9.8989296875,-11.20434765625,-14.310265625,-12.62634765625,-3.08207421875,-3.11993359375,-8.06905859375,-9.8583359375,-3.636015625,7.853875,0.95240234375,-4.6041640625,-2.08094140625,5.74719921875,5.16588671875,9.83047265625,0.15983984375,2.67765234375
-10.61328515625,-11.550765625,-10.22875,-9.8983125,-12.99132421875,-12.42993359375,-11.2321875,-6.1543359375,-9.77864453125,-10.9348984375,-14.977078125,-6.0456875,-6.0399296875,-9.76034765625,-12.288265625,-11.58134765625,0.0149257812499997,-1.34793359375,-6.94205859375,-8.9083359375,-3.851015625,8.709875,1.79540234375,-4.4021640625,-3.15494140625,3.72719921875,4.73888671875,8.38247265625,-0.44816015625,1.29965234375
-8.15928515625,-10.555765625,-9.00075,-7.1503125,-10.75032421875,-10.58893359375,-10.1031875,-6.7393359375,-7.67764453125,-9.1618984375,-12.854078125,-5.2476875,-1.9749296875,-8.10734765625,-10.020265625,-9.88934765625,3.32792578125,0.0930664062500002,-5.51105859375,-7.5443359375,-3.671015625,8.573875,2.52840234375,-3.5831640625,-4.11594140625,1.48319921875,4.28488671875,6.83847265625,-0.92316015625,-0.27834765625
-6.55928515625,-9.620765625,-7.80675,-5.3723125,-9.17032421875,-8.97893359375,-9.0711875,-6.6173359375,-6.14964453125,-7.7608984375,-10.896078125,-4.4606875,0.8830703125,-6.86934765625,-8.284265625,-8.25034765625,5.72592578125,0.53806640625,-4.46605859375,-6.4453359375,-3.650015625,7.038875,2.50940234375,-2.7411640625,-5.29994140625,-1.44180078125,3.42088671875,5.06847265625,-1.90116015625,-2.66034765625
-6.17528515625,-8.949765625,-6.91675,-4.6313125,-8.27432421875,-7.75393359375,-8.1141875,-5.6573359375,-5.35864453125,-6.7598984375,-9.292078125,-3.7586875,1.6540703125,-6.21534765625,-7.217265625,-7.04334765625,6.72292578125,-0.0969335937499993,-4.02205859375,-5.8483359375,-4.064015625,4.258875,1.61140234375,-2.1551640625,-6.66694140625,-4.87980078125,2.11388671875,3.18747265625,-3.56716015625,-5.67234765625
-6.72528515625,-8.388765625,-6.19475,-4.4623125,-7.62532421875,-6.68893359375,-6.8211875,-3.7703359375,-5.19664453125,-5.7658984375,-7.803078125,-2.9036875,0.3440703125,-5.86934765625,-6.401265625,-6.24134765625,6.53892578125,-1.37193359375,-3.92505859375,-5.5323359375,-4.830015625,0.815875,0.20040234375,-1.7321640625,-7.85794140625,-8.20280078125,0.65888671875,1.48047265625,-5.59816015625,-8.50034765625
-7.74128515625,-7.849765625,-5.50775,-4.3993125,-6.84532421875,-5.59393359375,-4.9471875,-1.1913359375,-5.54664453125,-4.5058984375,-6.204078125,-1.7496875,-2.4479296875,-5.56834765625,-5.433265625,-5.74834765625,5.56292578125,-2.83493359375,-3.87405859375,-5.2523359375,-5.816015625,-2.785125,-1.34259765625,-1.3651640625,-8.63794140625,-10.94480078125,-0.70811328125,0.00447265625000004,-7.58616015625,-10.40334765625
-8.84828515625,-7.449765625,-4.92475,-4.2713125,-5.88532421875,-4.51693359375,-2.7091875,1.4726640625,-6.29864453125,-3.0648984375,-4.541078125,-0.4496875,-5.8359296875,-5.26534765625,-4.229265625,-5.54534765625,3.97892578125,-4.27093359375,-3.73405859375,-4.9563359375,-6.946015625,-6.266125,-2.82359765625,-1.0661640625,-9.03394140625,-13.03980078125,-1.93311328125,-1.45152734375,-9.27116015625,-11.10434765625
-9.66328515625,-7.245765625,-4.50675,-4.0373125,-4.83032421875,-3.56693359375,-0.6001875,3.5346640625,-7.09764453125,-1.6368984375,-2.972078125,0.709312499999999,-8.7249296875,-4.93934765625,-2.873265625,-5.51034765625,1.87692578125,-5.50093359375,-3.39205859375,-4.5993359375,-7.985015625,-9.299125,-4.02559765625,-0.7571640625,-9.05794140625,-14.50780078125,-2.90411328125,-2.96952734375,-10.41016015625,-10.64134765625
-9.81428515625,-7.108765625,-4.21275,-3.6493125,-3.75832421875,-2.79893359375,0.868812500000001,4.4696640625,-7.37164453125,-0.3628984375,-1.669078125,1.4603125,-10.0749296875,-4.51534765625,-1.494265625,-5.42234765625,-0.604074218749999,-6.31393359375,-2.71205859375,-4.0873359375,-8.560015625,-11.417125,-4.64759765625,-0.2511640625,-8.61394140625,-15.24780078125,-3.38511328125,-4.30252734375,-10.78716015625,-9.22834765625
-9.26228515625,-6.977765625,-4.10175,-3.1863125,-2.87332421875,-2.35893359375,1.2178125,3.9266640625,-6.78264453125,0.5321015625,-0.927078125,1.4803125,-9.4609296875,-4.06834765625,-0.385265625,-5.26434765625,-3.30607421875,-6.69393359375,-1.77105859375,-3.4863359375,-8.531015625,-12.337125,-4.59659765625,0.4478359375,-7.75994140625,-15.23580078125,-3.31111328125,-5.12152734375,-10.47916015625,-7.36634765625
-8.40128515625,-6.975765625,-4.37175,-2.9163125,-2.51232421875,-2.49293359375,0.179812500000001,1.8406640625,-5.53564453125,0.7241015625,-1.089078125,0.5033125,-7.3029296875,-3.85334765625,0.056734375,-5.30534765625,-5.97407421875,-6.88093359375,-0.90105859375,-3.0523359375,-8.140015625,-12.136125,-4.09659765625,1.0678359375,-6.80294140625,-14.67280078125,-2.90211328125,-5.22952734375,-9.88116015625,-5.78634765625
-7.68128515625,-7.144765625,-5.01775,-3.0403125,-2.83232421875,-3.24893359375,-1.9561875,-1.2883359375,-4.18664453125,0.1221015625,-2.152078125,-1.3216875,-4.4549296875,-3.97334765625,-0.264265625,-5.71834765625,-8.05807421875,-7.01993359375,-0.38105859375,-2.8843359375,-7.689015625,-10.996125,-3.37359765625,1.4278359375,-5.97794140625,-13.75480078125,-2.36711328125,-4.46652734375,-9.31716015625,-5.00934765625
-7.24728515625,-7.263765625,-5.67375,-3.4933125,-3.63232421875,-4.30693359375,-4.3381875,-4.4423359375,-3.30564453125,-0.9578984375,-3.617078125,-3.3486875,-1.6919296875,-4.20034765625,-0.958265625,-6.32234765625,-8.86907421875,-6.96293359375,-0.20805859375,-2.7453359375,-7.255015625,-9.002125,-2.41859765625,1.6818359375,-5.20694140625,-12.46880078125,-1.67111328125,-2.69252734375,-8.75916015625,-5.01034765625
-7.02428515625,-7.108765625,-5.94675,-4.1223125,-4.58332421875,-5.25393359375,-6.1281875,-6.6643359375,-3.35264453125,-2.0888984375,-4.867078125,-4.9056875,0.401070312499999,-4.25834765625,-1.504265625,-6.82534765625,-8.19407421875,-6.54493359375,-0.28005859375,-2.3603359375,-6.833015625,-6.352125,-1.21159765625,2.0788359375,-4.30094140625,-10.74480078125,-0.73711328125,-0.10852734375,-8.03216015625,-5.38834765625
-6.92828515625,-6.720765625,-5.76175,-4.8913125,-5.48732421875,-5.90393359375,-7.0131875,-7.5913359375,-4.57064453125,-3.0458984375,-5.575078125,-5.7566875,1.3710703125,-4.10434765625,-1.668265625,-7.13534765625,-6.61807421875,-5.87493359375,-0.59905859375,-1.7233359375,-6.515015625,-3.574125,0.03140234375,2.6548359375,-3.21294140625,-8.62880078125,0.30388671875,2.59547265625,-7.09616015625,-5.68934765625
-6.80828515625,-6.234765625,-5.23275,-5.7883125,-6.15132421875,-6.20993359375,-7.1021875,-7.4133359375,-6.71764453125,-3.6788984375,-5.646078125,-6.0096875,1.0890703125,-3.76434765625,-1.447265625,-7.21934765625,-5.03207421875,-5.15893359375,-1.11705859375,-0.9473359375,-6.287015625,-1.286125,1.05440234375,3.3448359375,-1.90194140625,-6.14380078125,1.26888671875,4.64047265625,-5.96816015625,-5.46434765625
-6.35528515625,-5.591765625,-4.36975,-6.6553125,-6.20832421875,-6.05293359375,-6.5181875,-6.5423359375,-8.98664453125,-3.6918984375,-4.982078125,-5.7696875,-0.1129296875,-3.07834765625,-0.824265625,-6.86934765625,-3.92607421875,-4.41793359375,-1.52805859375,0.0326640625000003,-5.818015625,0.173875,1.85340234375,4.2268359375,-0.16394140625,-3.17880078125,2.17188671875,5.66547265625,-4.57116015625,-4.31734765625
-5.37528515625,-4.676765625,-3.18775,-7.3243125,-5.33832421875,-5.32693359375,-5.3321875,-5.4843359375,-10.46264453125,-2.8438984375,-3.575078125,-5.1026875,-1.7669296875,-1.87434765625,0.184734375,-5.87534765625,-3.27807421875,-3.60793359375,-1.44905859375,1.3596640625,-4.730015625,0.723875,2.55340234375,5.3988359375,2.13805859375,0.18919921875,3.09588671875,5.73147265625,-2.93916015625,-2.23934765625
-4.08228515625,-3.614765625,-1.96975,-7.7973125,-3.60332421875,-4.16693359375,-3.7351875,-4.8243359375,-10.70164453125,-1.2778984375,-1.736078125,-4.1996875,-3.6909296875,-0.29834765625,1.350734375,-4.37234765625,-2.93907421875,-2.87893359375,-0.75505859375,2.9576640625,-3.038015625,0.333875,3.11740234375,6.7178359375,4.72905859375,3.35719921875,3.91888671875,5.00547265625,-1.45616015625,0.12465234375
-2.88928515625,-2.666765625,-1.11275,-8.0603125,-1.37132421875,-2.82993359375,-1.9621875,-4.9163359375,-9.76864453125,0.5881015625,0.0519218750000006,-3.2786875,-5.8939296875,1.30865234375,2.392734375,-2.74534765625,-2.82407421875,-2.43593359375,0.44094140625,4.5876640625,-1.111015625,-0.882125,3.45040234375,7.9088359375,7.04805859375,5.43419921875,4.39888671875,3.71947265625,-0.62016015625,1.82865234375
-1.95028515625,-1.901765625,-0.74275,-7.8043125,1.04067578125,-1.41393359375,-0.082187499999999,-5.5293359375,-7.89564453125,2.4681015625,1.500921875,-2.3636875,-8.1269296875,2.81265234375,3.310734375,-1.26234765625,-2.81207421875,-2.15093359375,2.05994140625,6.1216640625,0.709984374999999,-2.428125,3.71440234375,8.8968359375,8.68405859375,5.85219921875,4.49288671875,2.33647265625,-0.55216015625,2.31065234375
-1.16628515625,-1.243765625,-0.72575,-6.6233125,3.42167578125,0.10306640625,1.8638125,-6.0203359375,-5.34964453125,4.2611015625,2.541921875,-1.4116875,-9.8229296875,4.32565234375,4.296734375,-0.0293476562500006,-2.81707421875,-1.58993359375,4.04094140625,7.5146640625,2.222984375,-3.615125,4.25740234375,9.7788359375,9.49605859375,4.62519921875,4.36188671875,1.38547265625,-0.93716015625,1.64365234375
-0.61828515625,-0.845765625,-1.02275,-4.5383125,5.43667578125,1.53806640625,3.5238125,-5.9383359375,-2.59664453125,5.7521015625,3.039921875,-0.654687500000001,-10.5209296875,5.84665234375,5.343734375,0.72665234375,-3.01607421875,-0.46593359375,6.09394140625,8.5176640625,3.147984375,-4.083125,5.18340234375,10.4828359375,9.39205859375,2.15719921875,4.05988671875,1.05747265625,-1.41016015625,0.24265234375
-0.67928515625,-1.096765625,-1.76775,-2.1383125,6.64567578125,2.47206640625,4.3028125,-5.3423359375,-0.27564453125,6.5771015625,2.771921875,-0.5446875,-10.1479296875,7.10165234375,6.159734375,0.67465234375,-3.73507421875,1.12006640625,7.71494140625,8.7046640625,3.146984375,-3.967125,6.22740234375,10.7268359375,8.31105859375,-0.90980078125,3.49888671875,1.14947265625,-1.75016015625,-1.39234765625
-1.59628515625,-2.142765625,-2.92075,-0.1223125,6.86567578125,2.64606640625,3.9048125,-4.5573359375,1.14935546875,6.5821015625,1.770921875,-1.2716875,-8.8559296875,7.78665234375,6.532734375,-0.23634765625,-4.97907421875,2.87106640625,8.55694140625,7.8956640625,2.169984375,-3.549125,7.08240234375,10.3668359375,6.48805859375,-3.68980078125,2.73188671875,1.44047265625,-1.72816015625,-2.71734765625
-3.15228515625,-3.620765625,-4.10975,1.1196875,6.32067578125,2.20106640625,2.6088125,-3.8543359375,1.57835546875,5.9821015625,0.464921875000001,-2.5506875,-6.8549296875,7.75065234375,6.528734375,-1.61434765625,-6.25007421875,4.45606640625,8.62094140625,6.3676640625,0.589984374999999,-2.994125,7.60340234375,9.5538359375,4.47305859375,-5.33880078125,2.02588671875,1.88447265625,-1.10816015625,-3.30234765625
-4.83228515625,-4.934765625,-4.92775,1.4846875,5.34367578125,1.48606640625,0.9798125,-3.4143359375,1.10135546875,5.0901015625,-0.642078124999999,-3.9326875,-4.5079296875,6.90565234375,6.285734375,-2.95934765625,-6.91307421875,5.44306640625,8.04594140625,4.5876640625,-1.097015625,-2.493125,7.64240234375,8.4898359375,2.73305859375,-5.60480078125,1.53388671875,2.35347265625,0.0328398437500002,-3.18134765625
-6.12328515625,-5.630765625,-5.20375,1.0176875,4.12367578125,0.80006640625,-0.476187499999999,-3.3003359375,-0.133644531250001,4.0691015625,-1.255078125,-5.0886875,-2.3529296875,5.23965234375,5.829734375,-3.95834765625,-6.63007421875,5.38106640625,6.92894140625,2.9426640625,-2.520015625,-2.346125,6.98040234375,7.2478359375,1.41005859375,-4.96580078125,1.11488671875,2.48447265625,1.19783984375,-2.84234765625
-6.58428515625,-5.419765625,-4.87875,0.000687500000000174,2.82867578125,0.407066406250001,-1.3041875,-3.2923359375,-1.78164453125,3.0481015625,-1.220078125,-5.6936875,-0.7799296875,3.07165234375,5.222734375,-4.38834765625,-5.40207421875,4.21106640625,5.44494140625,1.7676640625,-3.350015625,-2.704125,5.62440234375,5.9578359375,0.526058593749999,-4.08480078125,0.58688671875,1.96747265625,1.85383984375,-2.71134765625
-5.91928515625,-4.166765625,-3.88475,-1.0053125,1.74567578125,0.548066406250001,-1.0971875,-2.9363359375,-3.25564453125,2.2311015625,-0.440078124999999,-5.3416875,0.1790703125,1.07665234375,4.672734375,-4.04834765625,-3.46907421875,2.43106640625,3.92094140625,1.3566640625,-3.265015625,-3.359125,3.96740234375,4.9208359375,0.19105859375,-3.24980078125,-0.0251132812500003,0.86947265625,1.80083984375,-2.77434765625
-4.29728515625,-2.127765625,-2.36975,-1.4663125,1.09067578125,1.20806640625,0.171812500000001,-1.9923359375,-4.07564453125,1.6651015625,0.900921875000001,-3.8736875,0.6060703125,-0.18134765625,4.262734375,-3.03234765625,-1.37707421875,0.68606640625,2.58394140625,1.6596640625,-2.281015625,-3.979125,2.45740234375,4.3128359375,0.395058593750001,-2.43880078125,-0.66511328125,-0.51152734375,1.08783984375,-2.80334765625
-2.47728515625,-0.0447656249999999,-0.86375,-1.2393125,0.79467578125,1.96806640625,1.9158125,-0.740335937499999,-4.20164453125,1.0661015625,2.199921875,-1.6996875,0.3890703125,-0.67734765625,3.736734375,-1.90534765625,0.0849257812499999,-0.705933593749999,1.34494140625,2.1206640625,-0.935015625,-4.419125,1.21640234375,3.8998359375,0.78405859375,-1.67980078125,-1.48411328125,-1.92752734375,-0.20816015625,-2.76034765625
-1.35328515625,1.276234375,0.03925,-0.5293125,0.67167578125,2.30506640625,3.2658125,0.308664062500002,-3.90364453125,0.1201015625,2.788921875,0.415312499999999,-0.6129296875,-0.75734765625,2.761734375,-1.32834765625,0.32892578125,-1.71793359375,0.0199414062500001,2.0716640625,0.0939843749999998,-4.655125,0.14240234375,3.2678359375,0.89405859375,-1.10780078125,-2.67211328125,-3.18552734375,-1.90216015625,-2.77434765625
-1.34228515625,1.490234375,0.12325,0.3536875,0.68367578125,2.00206640625,3.6418125,0.900664062500001,-3.42764453125,-1.1288984375,2.416921875,1.8303125,-2.2449296875,-0.69934765625,1.334734375,-1.54434765625,-0.57907421875,-2.32493359375,-1.32305859375,1.2676640625,0.520984374999999,-4.606125,-0.76959765625,2.2368359375,0.53405859375,-0.78580078125,-4.15211328125,-4.06052734375,-3.57316015625,-2.88834765625
-2.30328515625,0.699234375,-0.47175,1.0186875,0.83867578125,1.16306640625,2.9268125,1.0616640625,-2.96764453125,-2.3658984375,1.282921875,2.1823125,-4.1309296875,-0.64634765625,-0.241265625,-2.36234765625,-2.04107421875,-2.55193359375,-2.41605859375,-0.0693359375,0.471984375,-4.275125,-1.47259765625,0.8818359375,-0.21894140625,-0.73380078125,-5.66111328125,-4.48252734375,-4.82916015625,-3.10234765625
-3.84528515625,-0.855765625,-1.56075,0.9696875,0.93467578125,-0.0219335937499996,1.3048125,0.815664062500002,-2.81164453125,-3.3528984375,-0.246078124999999,1.3323125,-5.9919296875,-0.76634765625,-1.666265625,-3.48434765625,-3.41307421875,-2.65993359375,-3.07505859375,-1.5693359375,0.145984374999999,-3.977125,-2.08659765625,-0.6951640625,-1.28094140625,-1.06380078125,-7.02511328125,-4.76152734375,-5.67816015625,-3.57934765625
-5.42228515625,-2.790765625,-2.88475,-0.0593124999999999,0.71567578125,-1.24893359375,-0.697187499999999,0.207664062500001,-3.16264453125,-3.9118984375,-1.681078125,-0.4546875,-7.6039296875,-1.12634765625,-2.669265625,-4.55134765625,-4.20207421875,-2.93293359375,-3.19805859375,-2.8333359375,-0.263015625,-4.098125,-2.75559765625,-2.3071640625,-2.50494140625,-1.82780078125,-8.13011328125,-5.31552734375,-6.41316015625,-4.52834765625
-6.26328515625,-4.356765625,-3.87475,-1.6443125,0.29667578125,-1.92093359375,-2.1071875,-0.415335937499998,-3.76364453125,-3.6608984375,-2.295078125,-2.2826875,-8.4699296875,-1.36734765625,-2.817265625,-4.97834765625,-3.97507421875,-3.22993359375,-2.54705859375,-3.3433359375,-0.401015625,-4.584125,-3.28159765625,-3.4541640625,-3.45694140625,-2.75880078125,-8.67611328125,-6.16052734375,-7.15116015625,-5.87434765625
-5.65328515625,-4.669765625,-3.82775,-2.8003125,0.172675781250001,-1.34693359375,-1.8881875,-0.481335937499999,-3.94864453125,-2.1258984375,-1.374078125,-2.9986875,-7.8609296875,-0.84234765625,-1.655265625,-4.16134765625,-2.46907421875,-2.99693359375,-0.82605859375,-2.6493359375,0.102984375,-4.901125,-3.18159765625,-3.5001640625,-3.58494140625,-3.42580078125,-8.27611328125,-6.82952734375,-7.70316015625,-7.27534765625
-3.54228515625,-3.373765625,-2.48675,-2.7283125,0.73667578125,0.706066406250001,0.292812500000001,0.3276640625,-3.19164453125,0.7281015625,1.217921875,-2.0036875,-5.3619296875,0.78465234375,0.822734375,-2.02834765625,0.0479257812500009,-1.82293359375,1.90994140625,-0.7953359375,1.218984375,-4.540125,-2.18959765625,-2.2201640625,-2.72894140625,-3.69380078125,-6.89211328125,-6.82452734375,-7.88016015625,-8.47734765625
-0.70628515625,-0.926765625,-0.27075,-1.3813125,1.95167578125,3.76506640625,3.7728125,1.8256640625,-1.50864453125,4.2891015625,4.849921875,0.3743125,-1.2909296875,3.20365234375,4.031734375,0.82265234375,2.79892578125,0.18006640625,5.11794140625,1.6406640625,2.463984375,-3.431125,-0.53159765625,-0.0271640625000007,-1.28794140625,-3.84280078125,-4.98111328125,-5.96552734375,-7.68716015625,-9.44934765625
1.77671484375,1.806234375,2.10325,0.6566875,3.53867578125,7.01506640625,7.3918125,3.5716640625,0.68635546875,7.6931015625,8.554921875,3.3033125,3.3910703125,5.71865234375,7.192734375,3.58965234375,5.01292578125,2.53106640625,8.08894140625,3.9966640625,3.351984375,-1.907125,1.31240234375,2.3618359375,0.16205859375,-4.22980078125,-3.16211328125,-4.38152734375,-7.19816015625,-10.15634765625
3.13371484375,4.070234375,4.02625,2.5966875,5.22367578125,9.74406640625,10.1608125,5.1656640625,2.87035546875,10.2731015625,11.500921875,6.0033125,7.3360703125,7.65265234375,9.691734375,5.70765234375,6.32992578125,4.62906640625,10.24794140625,5.8626640625,3.705984375,-0.586125,2.83940234375,4.2768359375,1.21205859375,-5.04480078125,-1.94111328125,-2.50052734375,-6.53416015625,-10.49934765625
3.07071484375,5.348234375,5.04325,3.7536875,6.70467578125,11.46506640625,11.4948125,6.2396640625,4.51935546875,11.6211015625,13.108921875,7.9073125,9.0740703125,8.46165234375,11.075734375,6.83665234375,6.65692578125,5.79706640625,11.15194140625,6.9506640625,3.507984375,-0.338125,3.48040234375,5.1378359375,1.56305859375,-6.41380078125,-1.74511328125,-1.13752734375,-6.05116015625,-10.53834765625
1.76171484375,5.411234375,4.88725,3.7816875,7.63467578125,11.93706640625,11.2388125,6.4786640625,5.20135546875,11.5731015625,13.097921875,8.6873125,7.5870703125,7.81665234375,11.039734375,6.79665234375,5.92492578125,5.43506640625,10.51194140625,6.9916640625,2.740984375,-1.960125,2.69740234375,4.5318359375,1.00405859375,-8.38580078125,-2.87911328125,-1.22052734375,-6.25116015625,-10.52334765625
-0.10328515625,4.518234375,3.76325,2.9396875,7.86767578125,11.32106640625,9.7568125,5.8746640625,4.83535546875,10.3821015625,11.705921875,8.4203125,3.1430703125,5.84965234375,9.681734375,5.76965234375,4.19392578125,3.45406640625,8.45094140625,5.9656640625,1.579984375,-5.492125,0.43040234375,2.5558359375,-0.319941406250001,-10.61780078125,-5.16911328125,-3.05952734375,-7.25416015625,-10.53134765625
-1.51928515625,3.363234375,2.40025,1.9956875,7.59367578125,10.15906640625,7.8188125,4.8516640625,3.76335546875,8.7041015625,9.695921875,7.5923125,-2.4869296875,3.19265234375,7.620734375,4.37265234375,1.84892578125,0.49006640625,5.62494140625,4.2786640625,0.503984375,-9.883125,-2.65459765625,-0.0781640625,-1.80294140625,-12.28980078125,-7.82111328125,-5.91052734375,-8.49016015625,-10.26834765625
-1.81528515625,2.537234375,1.52425,1.6206875,7.05367578125,8.96706640625,6.0898125,3.9296640625,2.39635546875,7.1411015625,7.867921875,6.6683125,-6.9399296875,0.53565234375,5.593734375,3.21265234375,-0.53107421875,-2.52493359375,2.83394140625,2.4456640625,-0.0690156250000005,-13.564125,-5.58359765625,-2.5221640625,-2.83394140625,-12.63980078125,-9.89511328125,-8.44352734375,-9.12116015625,-9.45734765625
-1.14828515625,2.039234375,1.28325,1.8296875,6.22467578125,7.85706640625,4.6978125,3.3066640625,0.87435546875,5.8231015625,6.528921875,5.7003125,-8.6329296875,-1.80634765625,3.972734375,2.39365234375,-2.42807421875,-4.93993359375,0.56094140625,0.7026640625,-0.180015625,-15.379125,-7.69959765625,-4.3501640625,-3.29494140625,-11.57180078125,-10.91411328125,-9.64052734375,-8.71816015625,-8.28834765625
-0.25928515625,1.472234375,1.30225,2.0806875,4.97367578125,6.67006640625,3.4138125,2.8766640625,-0.802644531250001,4.5831015625,5.537921875,4.4683125,-7.4069296875,-3.77534765625,2.780734375,1.61965234375,-3.41107421875,-6.47393359375,-1.03805859375,-0.9403359375,-0.186015625,-15.022125,-8.78759765625,-5.5431640625,-3.48294140625,-9.62880078125,-10.93711328125,-9.22052734375,-7.43016015625,-7.27434765625
0.15871484375,0.575234375,1.15125,1.8006875,3.39767578125,5.34506640625,2.0968125,2.4966640625,-2.47564453125,3.4091015625,4.684921875,2.8713125,-4.2269296875,-5.20234765625,1.994734375,0.637652343749999,-3.15807421875,-6.97093359375,-1.86205859375,-2.3743359375,-0.313015625,-12.874125,-8.81459765625,-6.1091640625,-3.65394140625,-7.50980078125,-10.21811328125,-7.51152734375,-5.68016015625,-6.75634765625
-0.23728515625,-0.628765625,0.56525,0.6896875,1.79967578125,3.95606640625,0.7668125,1.9946640625,-3.88364453125,2.4661015625,3.798921875,0.978312499999999,-0.5589296875,-5.84334765625,1.567734375,-0.61934765625,-1.79807421875,-6.41393359375,-1.87105859375,-3.4043359375,-0.566015625,-9.761125,-7.87659765625,-5.9921640625,-3.85994140625,-5.81380078125,-9.04611328125,-5.25052734375,-3.97116015625,-6.73934765625
-1.51628515625,-2.035765625,-0.62775,-1.2953125,0.36467578125,2.47606640625,-0.631187499999999,1.0626640625,-4.97264453125,1.7921015625,2.634921875,-1.1846875,2.1320703125,-5.69634765625,1.249734375,-2.17734765625,-0.164074218749999,-5.12893359375,-1.27905859375,-3.9883359375,-0.943015625,-6.730125,-6.31959765625,-5.2691640625,-4.10794140625,-5.03180078125,-7.79711328125,-3.36252734375,-2.81916015625,-7.08934765625
-3.44828515625,-3.490765625,-2.41275,-3.9183125,-0.883324218749999,0.79706640625,-2.1951875,-0.539335937499999,-5.87564453125,1.2511015625,0.990921875000001,-3.5466875,2.8440703125,-5.03734765625,0.690734375,-3.96534765625,0.64492578125,-3.65193359375,-0.48805859375,-4.2233359375,-1.442015625,-4.598125,-4.58859765625,-4.1361640625,-4.34094140625,-5.37580078125,-6.78711328125,-2.45352734375,-2.48616015625,-7.57434765625
-5.41128515625,-4.615765625,-4.36575,-6.6163125,-1.84632421875,-1.01193359375,-3.7681875,-2.5853359375,-6.59364453125,0.8021015625,-0.977078124999999,-5.6916875,1.3990703125,-4.13334765625,-0.201265625,-5.58234765625,0.0849257812499999,-2.33393359375,0.22194140625,-4.0753359375,-1.847015625,-3.485125,-2.88659765625,-2.6821640625,-4.28194140625,-6.47780078125,-5.98311328125,-2.32952734375,-2.66116015625,-7.73834765625
-6.70328515625,-5.002765625,-5.84675,-8.7493125,-2.36532421875,-2.69093359375,-4.9521875,-4.4253359375,-6.94764453125,0.5171015625,-2.808078125,-6.9426875,-1.6719296875,-3.20234765625,-1.249265625,-6.46934765625,-1.55407421875,-1.27493359375,0.74394140625,-3.4343359375,-1.833015625,-2.958125,-1.23159765625,-0.9621640625,-3.62294140625,-7.54880078125,-5.14011328125,-2.22452734375,-2.70116015625,-7.12734765625
-7.12928515625,-4.685765625,-6.54075,-10.0373125,-2.53732421875,-4.11393359375,-5.5051875,-5.5103359375,-6.90664453125,0.2701015625,-4.177078125,-6.8906875,-5.5949296875,-2.65634765625,-2.367265625,-6.42834765625,-3.62207421875,-0.663933593749999,0.86194140625,-2.4783359375,-1.392015625,-2.667125,0.11340234375,0.650835937499999,-2.48994140625,-7.99380078125,-4.29811328125,-1.64352734375,-2.33516015625,-5.82734765625
-7.14628515625,-4.210765625,-6.63075,-10.6243125,-2.76132421875,-5.38193359375,-5.4971875,-5.7463359375,-6.72164453125,-0.2968984375,-5.077078125,-5.6876875,-9.6179296875,-3.04234765625,-3.663265625,-5.78734765625,-5.62207421875,-0.86093359375,0.21894140625,-1.7303359375,-0.929015625,-2.689125,0.55740234375,1.4788359375,-1.51494140625,-7.76080078125,-3.91811328125,-0.87052734375,-1.96816015625,-4.56834765625
-7.32328515625,-4.098765625,-6.39775,-10.6843125,-3.31332421875,-6.50793359375,-5.0101875,-5.3253359375,-6.63364453125,-1.3418984375,-5.523078125,-3.7706875,-12.9059296875,-4.51834765625,-5.087265625,-4.94634765625,-7.24207421875,-1.98093359375,-1.27905859375,-1.5873359375,-0.820015625,-3.211125,-0.28659765625,1.0988359375,-1.27894140625,-7.08680078125,-4.41311328125,-0.59852734375,-2.21916015625,-4.12934765625
-7.84128515625,-4.391765625,-5.86775,-10.1603125,-4.02232421875,-7.18893359375,-3.9471875,-4.4743359375,-6.60964453125,-2.5318984375,-5.320078125,-1.5636875,-14.6079296875,-6.54934765625,-6.194265625,-3.99634765625,-8.24207421875,-3.60893359375,-3.19805859375,-1.9583359375,-1.050015625,-4.169125,-2.17059765625,-0.261164062500001,-1.83694140625,-6.19180078125,-5.70511328125,-1.30152734375,-3.31816015625,-4.73234765625
-8.53928515625,-4.806765625,-4.97675,-8.9863125,-4.48032421875,-7.06293359375,-2.2891875,-3.4993359375,-6.49164453125,-3.3218984375,-4.293078125,0.476312499999999,-14.2959296875,-8.26434765625,-6.445265625,-2.88734765625,-8.53507421875,-5.11493359375,-4.84305859375,-2.4623359375,-1.397015625,-5.348125,-4.41359765625,-1.9591640625,-2.84094140625,-5.33680078125,-7.35611328125,-3.00252734375,-5.02516015625,-6.05734765625
-9.12928515625,-5.057765625,-3.82775,-7.3253125,-4.39332421875,-6.04193359375,-0.357187499999999,-2.8173359375,-6.20164453125,-3.3598984375,-2.564078125,1.8013125,-12.2399296875,-9.01734765625,-5.606265625,-1.71634765625,-8.22207421875,-6.10193359375,-5.68805859375,-2.7863359375,-1.729015625,-6.626125,-6.35459765625,-3.4041640625,-3.88694140625,-4.89980078125,-8.92411328125,-5.35852734375,-6.85216015625,-7.57334765625
-9.15728515625,-4.856765625,-2.55975,-5.4213125,-3.60432421875,-4.29193359375,1.4058125,-2.6613359375,-5.64964453125,-2.5188984375,-0.436078124999999,2.0903125,-9.1009296875,-8.52534765625,-3.745265625,-0.63134765625,-7.34507421875,-6.43493359375,-5.50105859375,-2.7093359375,-1.950015625,-7.909125,-7.50359765625,-4.1811640625,-4.59294140625,-5.10080078125,-10.05011328125,-7.68852734375,-8.17516015625,-8.68534765625
-8.04328515625,-3.884765625,-1.15375,-3.3803125,-2.01732421875,-2.05993359375,2.7968125,-2.8233359375,-4.62364453125,-0.7818984375,1.848921875,1.5363125,-5.5219296875,-6.78234765625,-1.074265625,0.37665234375,-5.75807421875,-6.06993359375,-4.29405859375,-2.0383359375,-1.866015625,-8.973125,-7.55759765625,-4.0331640625,-4.58894140625,-5.73080078125,-10.41211328125,-9.14052734375,-8.38016015625,-8.82734765625
-5.54328515625,-2.088765625,0.37225,-1.3253125,0.22067578125,0.26906640625,3.8188125,-2.8693359375,-3.02664453125,1.6001015625,4.048921875,0.614312499999999,-2.1179296875,-4.15234765625,1.960734375,1.32165234375,-3.43407421875,-5.11893359375,-2.44305859375,-0.8023359375,-1.391015625,-9.604125,-6.61059765625,-3.0491640625,-3.78294140625,-6.32480078125,-9.92411328125,-9.17852734375,-7.25516015625,-7.78334765625
-2.19028515625,0.0352343750000002,1.68725,0.3226875,2.52467578125,2.09806640625,4.4638125,-2.5343359375,-1.17664453125,3.9411015625,5.756921875,-0.3406875,0.4270703125,-1.43434765625,4.584734375,1.96665234375,-0.788074218749999,-3.96293359375,-0.73305859375,0.5296640625,-0.792015625,-9.818125,-5.27559765625,-1.7971640625,-2.57694140625,-6.53180078125,-8.92011328125,-7.96852734375,-5.26416015625,-5.94034765625
0.97271484375,1.741234375,2.33525,0.9946875,4.12667578125,2.90106640625,4.7538125,-1.7693359375,0.34835546875,5.4441015625,6.602921875,-1.1626875,1.6290703125,0.50065234375,6.028734375,1.98865234375,1.52392578125,-3.01993359375,0.0379414062499999,1.3186640625,-0.487015625000001,-9.710125,-4.30659765625,-0.9851640625,-1.59494140625,-6.15480078125,-7.91711328125,-6.14552734375,-3.23916015625,-4.02034765625
3.11171484375,2.627234375,2.20025,0.4566875,4.59567578125,2.63206640625,4.9348125,-0.540335937499998,1.14635546875,5.7471015625,6.602921875,-1.5746875,1.5850703125,1.25065234375,6.042734375,1.37765234375,3.08092578125,-2.38193359375,-0.41605859375,1.2476640625,-0.591015625,-9.178125,-4.02859765625,-0.9281640625,-1.16494140625,-5.03780078125,-7.19511328125,-4.25752734375,-1.78716015625,-2.54334765625
3.93971484375,2.782234375,1.56925,-0.9803125,4.01667578125,1.72606640625,5.3078125,1.1126640625,1.15035546875,5.0301015625,6.116921875,-1.2316875,0.829070312499999,0.95265234375,4.956734375,0.44565234375,3.77292578125,-1.90193359375,-1.80705859375,0.4216640625,-0.890015625,-8.049125,-4.29259765625,-1.4751640625,-1.22994140625,-3.25580078125,-6.77911328125,-2.61052734375,-1.10616015625,-1.69634765625
3.51471484375,2.426234375,0.78125,-2.6913125,2.74767578125,0.69706640625,5.8598125,2.8236640625,0.443355468749999,3.6751015625,5.463921875,-0.0706875000000009,-0.2189296875,-0.0853476562499997,3.288734375,-0.52334765625,3.54192578125,-1.60793359375,-3.66905859375,-0.9353359375,-1.190015625,-6.479125,-4.89959765625,-2.3871640625,-1.67394140625,-1.39980078125,-6.75811328125,-1.53052734375,-1.25516015625,-1.59334765625
2.07871484375,1.712234375,0.0622499999999999,-4.0083125,1.25467578125,-0.0859335937499996,6.2878125,3.9756640625,-0.81064453125,2.0701015625,4.794921875,1.6003125,-1.4839296875,-1.59634765625,1.513734375,-1.38534765625,2.39892578125,-1.78093359375,-5.59905859375,-2.6153359375,-1.461015625,-4.970125,-5.80959765625,-3.5101640625,-2.43894140625,-0.33080078125,-7.33611328125,-1.41652734375,-2.27416015625,-2.37334765625
0.17271484375,0.902234375,-0.30675,-4.3263125,0.14967578125,-0.29193359375,6.4418125,4.1736640625,-2.20964453125,0.7041015625,4.317921875,3.3983125,-2.9339296875,-3.20734765625,0.141734375,-1.89234765625,0.77692578125,-2.58393359375,-7.17505859375,-4.2513359375,-1.600015625,-3.924125,-6.92359765625,-4.5831640625,-3.30894140625,-0.49580078125,-8.49111328125,-2.39852734375,-3.97916015625,-3.94134765625
-1.42028515625,0.435234375,0.02125,-3.3063125,0.02467578125,0.35706640625,6.5138125,3.5196640625,-3.17064453125,0.1041015625,4.352921875,5.0353125,-4.2969296875,-4.42634765625,-0.341265625,-1.67534765625,-0.43207421875,-3.83893359375,-7.96905859375,-5.3343359375,-1.354015625,-3.380125,-7.97059765625,-5.1981640625,-3.85794140625,-1.57680078125,-9.81511328125,-4.13052734375,-5.89016015625,-5.84534765625
-2.04628515625,0.639234375,1.14125,-1.1853125,1.04167578125,1.83606640625,6.7248125,2.3956640625,-3.30064453125,0.4601015625,5.043921875,6.1753125,-5.1659296875,-4.91534765625,0.200734375,-0.606347656250001,-0.41707421875,-5.19593359375,-7.79505859375,-5.5483359375,-0.595015625,-3.203125,-8.70559765625,-5.0831640625,-3.77794140625,-2.83780078125,-10.77911328125,-5.99652734375,-7.48416015625,-7.51334765625
-1.43628515625,1.556234375,2.74925,1.2506875,2.80967578125,3.73506640625,7.0748125,1.2206640625,-2.61364453125,1.5151015625,6.195921875,6.4323125,-5.1769296875,-4.59434765625,1.459734375,1.01465234375,1.01192578125,-6.27893359375,-6.79705859375,-4.9423359375,0.522984375,-3.263125,-9.00459765625,-4.2361640625,-3.05694140625,-3.58080078125,-10.98811328125,-7.32752734375,-8.36216015625,-8.45234765625
0.42071484375,3.130234375,4.45325,3.1706875,4.78067578125,5.60006640625,7.5238125,0.4656640625,-1.30664453125,2.9221015625,7.554921875,5.7423125,-4.0149296875,-3.38834765625,3.055734375,2.78265234375,3.37792578125,-6.55893359375,-5.15205859375,-3.6473359375,1.835984375,-3.328125,-8.62959765625,-2.6751640625,-1.74994140625,-3.26880078125,-10.11211328125,-7.43852734375,-8.15816015625,-8.19434765625
3.37171484375,5.346234375,6.05725,4.1676875,6.65867578125,7.24706640625,8.1858125,0.621664062500001,0.507355468749999,4.5651015625,9.042921875,4.6003125,-1.5059296875,-1.08434765625,4.858734375,4.53565234375,5.83292578125,-5.40793359375,-2.84805859375,-1.6613359375,3.389984375,-3.056125,-7.16559765625,-0.2751640625,0.203058593750001,-1.61180078125,-7.89311328125,-5.82252734375,-6.58016015625,-6.38834765625
6.86771484375,7.995234375,7.45025,4.2566875,8.34667578125,8.65806640625,9.1718125,1.8706640625,2.74035546875,6.3941015625,10.613921875,3.7583125,2.0360703125,2.36065234375,6.831734375,6.23865234375,7.47492578125,-2.58193359375,0.11394140625,0.9496640625,5.238984375,-2.347125,-4.42959765625,2.9398359375,2.74705859375,1.16819921875,-4.47511328125,-2.65552734375,-3.82016015625,-3.23434765625
9.90871484375,10.516234375,8.44525,3.6596875,9.73967578125,9.77906640625,10.3818125,3.8736640625,5.16535546875,8.1811015625,12.059921875,3.7753125,5.6930703125,6.50565234375,8.768734375,7.78365234375,7.76092578125,1.40206640625,3.44294140625,3.8176640625,7.199984375,-1.580125,-0.84459765625,6.5168359375,5.46505859375,4.27819921875,-0.59911328125,1.00147265625,-0.74416015625,0.30865234375
11.55671484375,12.310234375,8.97025,2.7566875,10.75567578125,10.58606640625,11.6648125,6.0556640625,7.49335546875,9.6511015625,13.179921875,4.9193125,8.3990703125,10.59865234375,10.398734375,9.10165234375,6.95592578125,5.52306640625,6.65094140625,6.4556640625,8.998984375,-1.277125,2.77740234375,9.7748359375,7.78705859375,6.85319921875,2.75488671875,3.77347265625,1.57583984375,2.99865234375
11.51571484375,13.134234375,9.26325,2.0396875,11.42167578125,11.20406640625,13.0108125,8.0406640625,9.48935546875,10.7071015625,14.015921875,7.2143125,9.5050703125,13.93265234375,11.600734375,10.33065234375,6.10192578125,8.82206640625,9.30194140625,8.5746640625,10.510984375,-1.600125,5.69940234375,12.1968359375,9.35305859375,8.48719921875,4.90888671875,4.79747265625,2.52583984375,4.04965234375
10.13471484375,13.041234375,9.61325,1.7976875,11.69367578125,11.71406640625,14.3498125,9.6566640625,10.83335546875,11.3051015625,14.691921875,10.2673125,8.8430703125,15.90065234375,12.301734375,11.60165234375,6.20992578125,10.62406640625,11.01094140625,10.0496640625,11.651984375,-2.349125,7.39040234375,13.4788359375,10.03805859375,9.19719921875,5.60988671875,3.99347265625,2.11483984375,3.38465234375
7.99771484375,12.113234375,10.00725,1.8686875,11.28467578125,11.91606640625,15.2808125,10.7076640625,11.03735546875,11.2191015625,15.128921875,13.1633125,6.5020703125,15.93665234375,12.308734375,12.73665234375,7.40392578125,10.50706640625,11.36794140625,10.7116640625,12.163984375,-3.310125,7.45340234375,13.3868359375,9.78405859375,9.06719921875,4.85488671875,1.82947265625,0.70183984375,1.45065234375
5.74071484375,10.562234375,10.26325,1.8806875,9.97167578125,11.52906640625,15.3238125,11.0426640625,9.81435546875,10.2471015625,15.161921875,14.9473125,2.8710703125,13.81265234375,11.513734375,13.43965234375,8.93692578125,8.46206640625,10.16994140625,10.4936640625,11.836984375,-4.350125,5.80540234375,11.9138359375,8.73505859375,8.22519921875,2.92188671875,-0.89352734375,-1.14316015625,-0.94234765625
4.09971484375,9.003234375,10.44925,1.7416875,8.06967578125,10.62906640625,14.4658125,10.8286640625,7.56735546875,8.6271015625,14.907921875,15.3143125,-1.1579296875,10.03365234375,10.255734375,13.74765234375,9.98992578125,5.11106640625,7.77194140625,9.7206640625,10.921984375,-5.279125,2.96840234375,9.5658359375,7.46705859375,7.07919921875,0.50488671875,-3.15252734375,-2.66416015625,-2.76334765625
3.68071484375,8.251234375,10.87825,1.6946875,6.34467578125,9.65306640625,13.2188125,10.4776640625,5.27835546875,6.9671015625,14.721921875,14.6953125,-4.4259296875,5.68665234375,9.177734375,14.00865234375,10.27592578125,1.46506640625,4.94394140625,8.9626640625,10.049984375,-5.911125,-0.14059765625,7.1688359375,6.74505859375,6.19819921875,-1.54111328125,-4.12452734375,-3.21916015625,-3.21134765625
4.52071484375,8.703234375,11.64125,1.8956875,5.36267578125,8.94806640625,12.0948125,10.2366640625,3.80835546875,5.6891015625,14.736921875,13.6603125,-6.1499296875,1.76465234375,8.612734375,14.36765234375,10.01992578125,-1.69293359375,2.32794140625,8.4896640625,9.664984375,-6.349125,-2.82659765625,5.2638359375,6.90505859375,5.84119921875,-2.75511328125,-3.71652734375,-2.74016015625,-2.24034765625
6.01971484375,10.041234375,12.37225,2.1336875,5.04667578125,8.44806640625,11.2068125,10.0256640625,3.36435546875,4.6871015625,14.637921875,12.4303125,-6.2569296875,-1.28134765625,8.261734375,14.49565234375,9.65492578125,-4.09893359375,0.0909414062499998,8.0286640625,9.695984375,-6.931125,-4.92759765625,3.8148359375,7.60805859375,5.78119921875,-3.26011328125,-2.58552734375,-1.71616015625,-0.52534765625
7.39071484375,11.539234375,12.53225,2.0096875,4.82967578125,7.80106640625,10.3528125,9.6966640625,3.56635546875,3.5431015625,13.921921875,10.9443125,-5.1589296875,-3.45034765625,7.457734375,13.87065234375,9.53892578125,-5.77793359375,-1.92805859375,7.0786640625,9.769984375,-7.792125,-6.56459765625,2.4718359375,8.19805859375,5.60419921875,-3.40511328125,-1.52752734375,-0.66016015625,1.16165234375
8.01871484375,12.407234375,11.69025,1.2026875,4.02067578125,6.58306640625,9.1998125,9.1786640625,3.75635546875,1.8211015625,12.189921875,9.0723125,-3.4509296875,-5.01134765625,5.550734375,12.08765234375,9.63292578125,-6.82693359375,-4.00905859375,5.2366640625,9.469984375,-8.662125,-7.88259765625,0.871835937499999,8.09705859375,4.97019921875,-3.44311328125,-0.96152734375,0.25283984375,2.40765234375
7.41271484375,11.860234375,9.49725,-0.4863125,2.01267578125,4.32706640625,7.2818125,8.2596640625,3.22435546875,-0.8818984375,9.136921875,6.6203125,-1.8449296875,-6.48534765625,2.044734375,8.87665234375,9.25992578125,-7.49393359375,-6.52305859375,2.2286640625,8.329984375,-9.171125,-9.09159765625,-1.3371640625,6.87405859375,3.57719921875,-3.59211328125,-0.94352734375,0.99583984375,3.05065234375
5.16671484375,9.260234375,5.72725,-3.1033125,-1.49832421875,0.673066406250001,4.1198125,6.4776640625,1.46635546875,-4.7938984375,4.605921875,3.3613125,-1.0239296875,-8.47534765625,-3.225265625,4.14165234375,7.43192578125,-8.14193359375,-9.78105859375,-2.0393359375,5.931984375,-9.150125,-10.44059765625,-4.4151640625,4.32505859375,1.22119921875,-4.09811328125,-1.35552734375,1.45283984375,2.98265234375
1.24271484375,4.549234375,0.59625,-6.3843125,-6.17632421875,-4.26193359375,-0.353187499999999,3.4626640625,-1.45564453125,-9.6268984375,-1.113078125,-0.6666875,-1.2239296875,-11.18034765625,-9.738265625,-1.72934765625,3.65792578125,-8.88893359375,-13.65805859375,-7.1873359375,2.305984375,-8.569125,-11.91059765625,-8.1921640625,0.74605859375,-1.85180078125,-5.01011328125,-1.91752734375,1.51183984375,2.25465234375
-3.80628515625,-1.510765625,-5.08075,-9.7253125,-11.02632421875,-9.70793359375,-5.5391875,-0.667335937499999,-4.85264453125,-14.4838984375,-7.147078125,-4.9776875,-2.0499296875,-14.14534765625,-16.241265625,-7.76634765625,-1.56107421875,-9.41793359375,-17.42905859375,-12.2623359375,-1.883015625,-7.442125,-13.07959765625,-11.9351640625,-3.00194140625,-4.82280078125,-6.03511328125,-2.26452734375,1.21883984375,1.18965234375
-9.06028515625,-7.688765625,-10.26075,-12.4993125,-14.95232421875,-14.63093359375,-10.4961875,-5.3283359375,-7.85264453125,-18.3748984375,-12.421078125,-8.8906875,-2.8769296875,-16.64134765625,-21.309265625,-12.85134765625,-7.08307421875,-9.33793359375,-20.18405859375,-16.1653359375,-5.723015625,-6.003125,-13.49859765625,-14.7541640625,-5.97394140625,-6.77980078125,-6.82111328125,-2.26952734375,0.62783984375,0.13565234375
-13.58128515625,-12.809765625,-14.13775,-14.3233125,-17.35932421875,-18.24593359375,-14.4351875,-9.7283359375,-9.87864453125,-20.7748984375,-16.143078125,-11.8596875,-3.3529296875,-18.19334765625,-24.019265625,-16.22834765625,-11.76207421875,-8.62593359375,-21.36005859375,-18.1853359375,-8.582015625,-4.810125,-13.11059765625,-16.0971640625,-7.65194140625,-7.31580078125,-7.25711328125,-2.20952734375,-0.34416015625,-0.79034765625
-16.46828515625,-15.922765625,-16.15875,-14.9413125,-18.20332421875,-20.12993359375,-16.8231875,-12.9733359375,-10.67464453125,-21.6198984375,-17.874078125,-13.4546875,-3.3929296875,-18.64634765625,-24.089265625,-17.52534765625,-14.68307421875,-7.56693359375,-20.83705859375,-18.0583359375,-10.167015625,-4.364125,-12.12959765625,-15.7661640625,-7.92994140625,-6.57580078125,-7.36111328125,-2.41552734375,-1.68116015625,-1.55934765625
-16.85628515625,-16.279765625,-15.86575,-14.0373125,-17.63732421875,-20.03793359375,-17.2491875,-14.1523359375,-10.09764453125,-20.9418984375,-17.355078125,-13.2436875,-2.9149296875,-17.93034765625,-21.640265625,-16.51634765625,-15.10007421875,-6.41193359375,-18.73505859375,-15.7783359375,-10.301015625,-4.678125,-10.70359765625,-13.7181640625,-6.82994140625,-4.94980078125,-7.00111328125,-2.85952734375,-2.98316015625,-1.95634765625
-14.27428515625,-13.601765625,-13.06475,-11.4093125,-15.83332421875,-17.90593359375,-15.5161875,-12.7043359375,-8.12964453125,-18.7748984375,-14.579078125,-11.0046875,-1.8629296875,-16.05334765625,-17.114265625,-13.20434765625,-12.61807421875,-5.32793359375,-15.36505859375,-11.6303359375,-8.957015625,-5.387125,-8.92559765625,-10.1441640625,-4.50694140625,-2.96380078125,-6.01711328125,-3.27252734375,-3.67916015625,-1.69834765625
-9.06028515625,-8.383765625,-8.15275,-7.3133125,-13.00632421875,-13.97893359375,-11.8581875,-8.7863359375,-5.03364453125,-15.2988984375,-9.976078125,-7.0526875,-0.4249296875,-13.23734765625,-11.303265625,-8.08534765625,-7.56907421875,-4.53793359375,-11.30705859375,-6.3423359375,-6.449015625,-6.199125,-7.09259765625,-5.6951640625,-1.44994140625,-1.29680078125,-4.53811328125,-3.56452734375,-3.50016015625,-0.78034765625
-2.21228515625,-1.680765625,-2.02175,-2.4063125,-9.28932421875,-8.72393359375,-6.8191875,-3.1653359375,-1.20864453125,-10.7848984375,-4.275078125,-2.1136875,1.0750703125,-9.76734765625,-5.094265625,-2.02834765625,-0.985074218749999,-4.18893359375,-7.20005859375,-0.8683359375,-3.303015625,-6.999125,-5.59259765625,-1.2861640625,1.66305859375,-0.47680078125,-2.94911328125,-3.84952734375,-2.56616015625,0.52565234375
5.16471484375,5.451234375,4.39525,2.6286875,-4.60532421875,-2.59293359375,-0.943187499999999,3.2106640625,3.08035546875,-5.4118984375,1.844921875,3.1103125,2.5030703125,-5.70834765625,0.918734375,4.14165234375,5.83292578125,-4.04793359375,-3.40905859375,4.0606640625,0.0849843749999994,-7.582125,-4.52659765625,2.3978359375,4.35805859375,-0.44180078125,-1.52411328125,-4.08552734375,-1.09916015625,1.96565234375
12.10771484375,12.140234375,10.29225,7.2256875,1.05567578125,3.89806640625,5.1828125,9.3966640625,7.60935546875,0.5431015625,7.765921875,8.0653125,3.8940703125,-1.05134765625,6.394734375,9.76265234375,11.64392578125,-3.62193359375,-0.0510585937500001,8.0396640625,3.455984375,-7.627125,-3.67759765625,5.0588359375,6.44005859375,-0.61480078125,-0.33311328125,-3.99352734375,0.66383984375,3.34165234375
17.61171484375,17.450234375,14.80925,10.7616875,7.13067578125,9.86406640625,10.6168125,14.3526640625,11.83335546875,6.2991015625,12.647921875,12.1113125,5.0690703125,3.82565234375,10.850734375,14.11865234375,15.33492578125,-2.65693359375,2.64794140625,10.7066640625,6.364984375,-7.037125,-2.88559765625,6.5258359375,7.70805859375,-0.50280078125,0.51388671875,-3.41352734375,2.27983984375,4.26265234375
20.66371484375,20.375234375,17.08525,12.5916875,12.47367578125,14.12506640625,14.1508125,17.0866640625,14.89835546875,10.6351015625,15.494921875,14.5163125,5.5390703125,8.07365234375,13.583734375,16.46865234375,16.13092578125,-1.33193359375,4.27894140625,11.6786640625,8.174984375,-6.087125,-2.22659765625,6.6578359375,7.89205859375,-0.0778007812500001,0.79788671875,-2.48952734375,3.16783984375,4.19765234375
20.71171484375,20.322234375,16.70325,12.4626875,15.98267578125,15.78106640625,14.9398125,17.1156640625,16.18835546875,12.5651015625,15.699921875,14.8593125,4.9360703125,10.87665234375,14.127734375,16.47165234375,13.99492578125,0.0610664062500001,4.61294140625,10.8886640625,8.475984375,-5.133125,-1.75659765625,5.5938359375,6.97105859375,0.39919921875,0.48088671875,-1.45552734375,3.04883984375,2.93865234375
18.00371484375,17.481234375,13.94225,10.7496875,17.15367578125,14.67806640625,12.9788125,14.6986640625,15.71735546875,11.8681015625,13.423921875,13.2643125,3.3540703125,11.87565234375,12.605734375,14.38765234375,9.71092578125,1.38306640625,3.84494140625,8.7426640625,7.325984375,-4.342125,-1.37559765625,3.8238359375,5.29105859375,0.63619921875,-0.18811328125,-0.46952734375,2.13883984375,0.82465234375
13.35871484375,12.643234375,9.49425,8.1866875,16.07167578125,11.33106640625,8.9798125,10.5716640625,13.95235546875,8.9891015625,9.414921875,10.1853125,1.2180703125,11.10965234375,9.563734375,10.75765234375,4.42292578125,2.51706640625,2.37694140625,5.8126640625,4.999984375,-3.775125,-1.06359765625,1.8258359375,3.23005859375,0.30919921875,-0.98611328125,0.23647265625,0.79583984375,-1.60834765625
7.78171484375,6.856234375,4.14925,5.4756875,13.16667578125,6.61606640625,4.0348125,5.6406640625,11.44735546875,4.7091015625,4.645921875,6.1893125,-0.9609296875,8.85265234375,5.672734375,6.09665234375,-0.82407421875,3.24506640625,0.55094140625,2.5286640625,1.739984375,-3.477125,-1.03559765625,-0.2251640625,0.93905859375,-0.83680078125,-1.93611328125,0.30347265625,-0.80516015625,-3.98934765625
2.33271484375,1.300234375,-1.17675,3.2066875,9.15967578125,1.62906640625,-0.549187499999999,0.964664062500001,8.73335546875,0.0371015625,0.184921875000001,2.0723125,-2.5699296875,5.68365234375,1.694734375,1.02265234375,-5.14407421875,3.47506640625,-1.30205859375,-0.7333359375,-2.077015625,-3.320125,-1.46059765625,-2.2611640625,-1.45194140625,-2.61080078125,-3.07111328125,-0.40652734375,-2.51016015625,-6.00134765625
-1.98128515625,-2.911765625,-5.46175,1.8156875,4.95467578125,-2.52093359375,-3.5131875,-2.3783359375,6.28535546875,-3.9638984375,-2.963078125,-1.1546875,-2.9359296875,2.41965234375,-1.591265625,-3.62534765625,-7.86007421875,3.37406640625,-2.81805859375,-3.5293359375,-5.797015625,-2.974125,-2.22059765625,-4.0771640625,-3.59694140625,-4.24480078125,-4.18711328125,-1.55552734375,-3.96116015625,-7.20434765625
-4.59128515625,-5.229765625,-8.01775,1.3466875,1.23067578125,-5.18693359375,-4.2661875,-3.8053359375,4.26735546875,-6.6558984375,-4.324078125,-2.7906875,-1.7619296875,-0.35334765625,-3.769265625,-7.13734765625,-8.82407421875,3.06106640625,-3.85105859375,-5.6073359375,-8.801015625,-2.302125,-3.14659765625,-5.5091640625,-5.16894140625,-4.90880078125,-5.04711328125,-2.64452734375,-4.82116015625,-7.27234765625
-5.60028515625,-5.946765625,-8.89275,1.3546875,-1.83232421875,-6.48493359375,-3.2791875,-3.6063359375,2.42435546875,-8.1598984375,-4.262078125,-2.9376875,0.4770703125,-2.64734765625,-5.055265625,-9.32434765625,-8.57407421875,2.29106640625,-4.68805859375,-7.1433359375,-10.885015625,-1.687125,-4.32859765625,-6.6941640625,-6.17794140625,-4.33880078125,-5.69111328125,-3.48252734375,-5.10916015625,-6.32734765625
-5.42028515625,-5.739765625,-8.59275,1.3316875,-4.24032421875,-6.96293359375,-1.6741875,-2.5933359375,0.50035546875,-8.9888984375,-3.611078125,-2.2956875,2.7630703125,-4.74034765625,-5.954265625,-10.35434765625,-7.84207421875,0.73306640625,-5.72605859375,-8.4513359375,-12.115015625,-1.750125,-5.91859765625,-7.8511640625,-6.80794140625,-2.84180078125,-6.28811328125,-4.17652734375,-5.07916015625,-4.80634765625
-4.23928515625,-4.952765625,-7.49675,1.2676875,-5.67432421875,-6.97993359375,-0.380187499999999,-1.3713359375,-1.23464453125,-9.3828984375,-2.989078125,-1.4946875,4.1800703125,-6.54034765625,-6.671265625,-10.27934765625,-6.91907421875,-1.48393359375,-6.97105859375,-9.4973359375,-12.429015625,-2.758125,-7.68559765625,-8.8761640625,-7.02394140625,-0.86780078125,-6.77011328125,-4.77752734375,-4.83916015625,-3.06834765625
-2.03628515625,-3.516765625,-5.72675,1.5966875,-5.54932421875,-6.53093359375,0.2298125,-0.0913359374999985,-2.08464453125,-9.1798984375,-2.559078125,-0.798687500000001,4.2810703125,-7.51934765625,-7.035265625,-9.00734765625,-5.66607421875,-3.74093359375,-8.00005859375,-9.9063359375,-11.664015625,-4.454125,-9.05359765625,-9.3851640625,-6.59794140625,1.15119921875,-6.85911328125,-5.21852734375,-4.32816015625,-1.35634765625
0.97671484375,-1.434765625,-3.49075,2.6386875,-3.59032421875,-5.55693359375,0.137812500000001,1.2306640625,-1.56264453125,-8.2198984375,-2.283078125,-0.288687500000001,3.0680703125,-7.21934765625,-6.897265625,-6.66334765625,-4.05907421875,-5.40493359375,-8.38005859375,-9.4273359375,-9.934015625,-6.350125,-9.56159765625,-9.1581640625,-5.50694140625,2.69419921875,-6.43011328125,-5.52452734375,-3.62116015625,-0.02034765625
4.24671484375,0.979234375,-1.18375,4.2866875,-0.13932421875,-4.12593359375,-0.4881875,2.4786640625,0.23335546875,-6.5798984375,-2.069078125,0.0393124999999994,0.9990703125,-5.59634765625,-6.320265625,-3.69534765625,-2.41507421875,-6.11593359375,-7.90905859375,-8.1493359375,-7.685015625,-7.899125,-9.07859765625,-8.2881640625,-4.02394140625,3.29019921875,-5.58811328125,-5.78452734375,-2.95216015625,0.56765234375
7.26371484375,3.355234375,0.89925,6.2086875,4.07367578125,-2.31193359375,-1.2341875,3.5626640625,2.81735546875,-4.4018984375,-1.651078125,0.3813125,-0.9619296875,-2.90134765625,-5.369265625,-0.561347656250001,-1.07407421875,-5.66593359375,-6.51605859375,-6.2793359375,-5.336015625,-8.418125,-7.60459765625,-6.9121640625,-2.40194140625,2.93219921875,-4.38711328125,-5.85452734375,-2.40616015625,0.42265234375
9.78571484375,5.455234375,2.70025,8.0916875,8.21967578125,-0.176933593749999,-1.6101875,4.4766640625,5.60835546875,-1.8278984375,-0.677078125,1.0063125,-1.6959296875,0.46765234375,-4.025265625,2.42865234375,-0.13007421875,-3.97193359375,-4.23305859375,-4.0053359375,-3.076015625,-7.273125,-5.19859765625,-5.0851640625,-0.71894140625,2.14319921875,-2.72811328125,-5.36252734375,-1.83116015625,0.0386523437499999
11.62571484375,7.008234375,4.14325,9.6156875,11.42667578125,1.97406640625,-1.4941875,5.1076640625,7.99135546875,0.7651015625,0.887921875000001,1.8503125,-0.6529296875,3.87765234375,-2.425265625,4.90365234375,0.47892578125,-1.30293359375,-1.39905859375,-1.6523359375,-1.069015625,-4.372125,-2.20759765625,-2.9971640625,0.90305859375,1.52619921875,-0.64311328125,-4.12552734375,-1.14116015625,-0.03034765625
12.50171484375,7.656234375,4.99225,10.4596875,12.91667578125,3.54106640625,-1.2751875,5.1816640625,9.39135546875,2.7111015625,2.590921875,2.4293125,1.7670703125,6.54865234375,-0.984265624999999,6.37365234375,0.826925781250001,1.70406640625,1.31494140625,0.2696640625,0.415984375,-0.355125,0.71040234375,-1.0581640625,2.18505859375,1.37619921875,1.55888671875,-2.39352734375,-0.46916015625,0.46865234375
12.25771484375,7.246234375,5.08725,10.5076875,12.38367578125,3.97606640625,-1.4431875,4.5386640625,9.52935546875,3.4301015625,3.817921875,2.2743125,4.5910703125,7.95265234375,-0.131265625,6.56265234375,1.04092578125,4.42106640625,3.27194140625,1.3696640625,1.220984375,3.794875,2.98140234375,0.3888359375,2.93105859375,1.70319921875,3.54388671875,-0.60452734375,0.0618398437500001,1.53265234375
11.05271484375,6.025234375,4.51225,9.9176875,10.16567578125,3.13006640625,-2.1691875,3.3266640625,8.53635546875,2.7571015625,4.164921875,1.3123125,6.8680703125,8.06465234375,-0.0772656249999994,5.64065234375,1.21692578125,6.50006640625,4.15794140625,1.5846640625,1.423984375,7.188875,4.39140234375,1.2758359375,3.18305859375,2.32019921875,5.13388671875,0.86247265625,0.49283984375,3.00165234375
9.18671484375,4.385234375,3.41225,8.8576875,6.95967578125,1.22306640625,-3.3261875,1.8316640625,6.74435546875,0.8701015625,3.473921875,-0.218687500000001,7.9400703125,7.13765234375,-0.898265625,4.00265234375,1.16392578125,7.69406640625,3.90494140625,1.0116640625,1.123984375,9.099875,4.90040234375,1.6238359375,3.00805859375,2.75419921875,6.13488671875,1.60747265625,0.80083984375,4.44065234375
6.92571484375,2.616234375,1.86725,7.3456875,3.48367578125,-1.26993359375,-4.6211875,0.3146640625,4.51635546875,-1.8438984375,1.823921875,-1.9436875,7.5250703125,5.45665234375,-2.578265625,2.03965234375,0.473925781250001,7.69306640625,2.58194140625,-0.2463359375,0.309984375,9.002875,4.44540234375,1.3638359375,2.35405859375,2.37219921875,6.22488671875,1.19347265625,0.73883984375,5.19865234375
4.66971484375,1.044234375,0.15025,5.5036875,0.48967578125,-3.56893359375,-5.5001875,-0.843335937499999,2.38035546875,-4.6768984375,-0.259078124999999,-3.2706875,5.8640703125,3.43965234375,-4.738265625,0.26965234375,-0.91907421875,6.40106640625,0.56494140625,-1.8663359375,-0.848015625,6.925875,3.14740234375,0.5698359375,1.32105859375,0.91219921875,5.26588671875,-0.44852734375,0.13683984375,4.89165234375
3.06771484375,0.178234375,-1.08075,3.8116875,-1.21632421875,-4.66493359375,-5.1811875,-1.0673359375,1.06935546875,-6.6058984375,-1.785078125,-3.3946875,3.6560703125,1.75565234375,-6.505265625,-0.553347656250001,-2.35507421875,4.23806640625,-1.36205859375,-3.1413359375,-1.757015625,3.671875,1.54540234375,-0.3131640625,0.40705859375,-1.14180078125,3.63088671875,-2.68552734375,-0.75216015625,3.77865234375
2.65371484375,0.387234375,-1.17275,2.8496875,-1.13732421875,-3.85193359375,-3.1841875,0.0286640625000008,1.10635546875,-6.8268984375,-1.855078125,-1.8016875,1.5670703125,0.99065234375,-6.967265625,0.172652343749999,-2.89007421875,1.93706640625,-2.37705859375,-3.3373359375,-1.739015625,0.421875,0.32040234375,-0.721164062500001,0.222058593750001,-2.91680078125,1.99188671875,-4.50252734375,-1.43516015625,2.49365234375
3.35671484375,1.470234375,-0.03975,2.7836875,0.48867578125,-1.27593359375,0.115812500000001,2.1596640625,2.32535546875,-5.3348984375,-0.334078125,1.1933125,-0.2139296875,1.20065234375,-5.831265625,2.38065234375,-2.08707421875,0.0620664062500005,-2.12705859375,-2.2313359375,-0.570015625,-1.944125,-0.19859765625,-0.4221640625,0.99005859375,-3.80780078125,0.82988671875,-5.17952734375,-1.63016015625,1.48865234375
4.58371484375,2.777234375,1.81625,3.2676875,2.81267578125,2.12806640625,3.6078125,4.4566640625,3.95835546875,-2.8718984375,2.117921875,4.5553125,-1.8279296875,1.96765234375,-3.528265625,5.38465234375,-0.24407421875,-1.13693359375,-0.81005859375,-0.1723359375,1.463984375,-3.104125,-0.10159765625,0.443835937499999,2.50405859375,-3.68980078125,0.27988671875,-4.60252734375,-1.38116015625,0.88165234375
5.72671484375,3.713234375,3.75825,3.8046875,4.93267578125,5.22406640625,6.1228125,6.0346640625,5.20335546875,-0.3678984375,4.561921875,7.1533125,-3.2779296875,2.83165234375,-0.817265625,8.36765234375,2.00892578125,-1.55893359375,1.11994140625,2.2686640625,3.915984375,-3.134125,0.37340234375,1.6398359375,4.42305859375,-2.68880078125,0.29888671875,-3.12652734375,-0.85816015625,0.68765234375
6.41271484375,3.970234375,5.26925,4.0436875,6.24567578125,7.13106640625,6.9198125,6.3856640625,5.62635546875,1.4421015625,6.203921875,8.1843125,-4.3249296875,3.49265234375,1.539734375,10.65665234375,4.08192578125,-1.25193359375,3.12694140625,4.5076640625,6.309984375,-2.415125,0.95840234375,2.9018359375,6.37505859375,-1.09680078125,0.68188671875,-1.44552734375,-0.31316015625,0.87165234375
6.38771484375,3.398234375,5.92125,3.8216875,6.45767578125,7.36006640625,5.7738125,5.4146640625,5.19235546875,2.0551015625,6.521921875,7.2793125,-4.7619296875,3.73165234375,2.886734375,11.70865234375,5.48692578125,-0.535933593749999,4.60294140625,5.9646640625,8.049984375,-1.611125,1.28140234375,3.8258359375,7.85305859375,0.56119921875,0.98788671875,-0.43652734375,-0.13916015625,1.20265234375
5.55371484375,2.046234375,5.51625,3.2166875,5.60967578125,5.95506640625,3.0478125,3.4696640625,4.21335546875,1.3201015625,5.446921875,4.6793125,-4.4939296875,3.46865234375,2.911734375,11.28665234375,5.93892578125,0.18806640625,5.09494140625,6.2846640625,8.600984375,-1.314125,1.08140234375,4.0558359375,8.40305859375,1.73719921875,0.78488671875,-0.68152734375,-0.63916015625,1.34965234375
4.21871484375,0.410234375,4.37825,2.6186875,4.18867578125,3.64106640625,-0.231187499999999,1.3776640625,3.30535546875,-0.3408984375,3.568921875,1.3943125,-3.3729296875,2.98165234375,1.954734375,9.78665234375,5.55592578125,0.84606640625,4.66394140625,5.7076640625,7.936984375,-1.515125,0.57740234375,3.6938359375,8.04505859375,2.28519921875,0.10188671875,-1.92352734375,-1.63016015625,1.20865234375
3.02671484375,-0.713765625,3.21325,2.4806875,2.90567578125,1.54306640625,-2.7551875,0.1066640625,3.06435546875,-2.1048984375,1.884921875,-1.1846875,-1.2839296875,2.76165234375,0.831734375,8.10665234375,4.73792578125,1.69506640625,3.84494140625,4.9746640625,6.606984375,-1.602125,0.37840234375,3.2948359375,7.28805859375,2.46819921875,-0.57911328125,-3.21952734375,-2.53916015625,0.91665234375
2.44471484375,-0.846765625,2.50425,2.8256875,2.18967578125,0.501066406250001,-3.7291875,0.1126640625,3.57335546875,-3.3398984375,1.103921875,-2.1746875,1.4610703125,3.01365234375,0.204734375,6.96365234375,3.72092578125,2.83406640625,3.14094140625,4.7086640625,5.248984375,-1.014125,0.86940234375,3.3288359375,6.62405859375,2.50019921875,-0.85711328125,-3.79252734375,-2.99316015625,0.50765234375
2.43071484375,-0.190765625,2.17025,3.1406875,1.97567578125,0.63506640625,-3.2841875,1.0746640625,4.31835546875,-3.9238984375,1.225921875,-1.6986875,4.0580703125,3.44365234375,0.176734375,6.45065234375,2.39892578125,3.92506640625,2.68794140625,5.0016640625,4.176984375,0.203875,1.85540234375,3.8218359375,6.18705859375,2.31219921875,-0.76111328125,-3.63152734375,-3.12816015625,-0.16234765625
2.67471484375,0.676234375,1.87425,2.8816875,2.05867578125,1.55406640625,-2.1071875,2.3116640625,4.68635546875,-3.9748984375,1.812921875,-0.5316875,5.7470703125,3.62365234375,0.528734375,6.24165234375,0.697925781250001,4.49506640625,2.40994140625,5.5946640625,3.464984375,1.511875,2.86240234375,4.5528359375,5.93905859375,1.85419921875,-0.51311328125,-3.26052734375,-3.24816015625,-1.04034765625
2.89871484375,1.245234375,1.41225,1.9356875,2.40367578125,2.76206640625,-0.854187499999999,3.3056640625,4.43535546875,-3.5448984375,2.419921875,0.530312499999999,6.2790703125,3.37165234375,1.065734375,5.98465234375,-1.10207421875,4.31506640625,2.26194140625,6.2156640625,3.104984375,2.254875,3.54440234375,5.3378359375,5.88705859375,1.32819921875,-0.23011328125,-3.20152734375,-3.44516015625,-1.74134765625
2.77871484375,1.111234375,0.65325,0.4976875,2.97967578125,3.75906640625,0.010812500000001,3.7786640625,3.63235546875,-2.7508984375,2.686921875,0.9193125,5.7590703125,2.65765234375,1.581734375,5.33865234375,-2.54807421875,3.34406640625,2.13294140625,6.5556640625,2.855984375,1.870875,3.67540234375,5.9358359375,5.90405859375,0.90919921875,-0.0371132812500004,-3.79652734375,-3.73816015625,-2.01734765625
1.83371484375,-0.0767656249999999,-0.62475,-1.2813125,3.48567578125,4.06106640625,0.172812500000001,3.5686640625,2.37835546875,-1.9858984375,2.300921875,0.312312499999999,4.2600703125,1.40865234375,1.737734375,3.94165234375,-3.37307421875,1.57906640625,1.72894140625,6.2066640625,2.171984375,0.0498749999999999,3.00940234375,5.9168359375,5.55305859375,0.42619921875,-0.26411328125,-5.22652734375,-4.31616015625,-2.18034765625
-0.24028515625,-2.365765625,-2.52475,-3.3103125,3.51667578125,3.46106640625,-0.389187499999999,2.7396640625,0.860355468749999,-1.6878984375,1.196921875,-1.1956875,1.8490703125,-0.30434765625,1.254734375,1.70265234375,-3.51107421875,-0.764933593749999,0.80394140625,4.9086640625,0.598984375,-2.929125,1.48340234375,4.9228359375,4.39605859375,-0.41580078125,-1.21411328125,-7.33152734375,-5.34116015625,-2.80334765625
-3.17528515625,-5.250765625,-4.74775,-5.3583125,2.95467578125,2.25306640625,-1.2991875,1.7076640625,-0.47864453125,-1.9668984375,-0.259078124999999,-3.0036875,-1.1279296875,-2.02034765625,0.176734375,-0.94134765625,-2.94807421875,-3.06593359375,-0.54305859375,2.8446640625,-1.764015625,-6.080125,-0.53559765625,3.0278359375,2.43205859375,-1.62880078125,-2.81111328125,-9.47752734375,-6.59716015625,-4.09034765625
-6.27128515625,-7.957765625,-6.76975,-7.0733125,1.98967578125,0.99906640625,-2.0901875,0.9746640625,-1.10264453125,-2.6528984375,-1.541078125,-4.3956875,-4.0489296875,-3.12234765625,-1.280265625,-3.31134765625,-1.82507421875,-4.58993359375,-1.98305859375,0.4666640625,-4.376015625,-8.223125,-2.47459765625,0.6358359375,0.0610585937499994,-2.96380078125,-4.65211328125,-10.87752734375,-7.56316015625,-5.72734765625
-8.86128515625,-9.952765625,-8.26075,-8.1873125,0.850675781250001,0.0560664062500007,-2.6471875,0.704664062500001,-0.78864453125,-3.6048984375,-2.407078125,-5.0876875,-6.2989296875,-3.33434765625,-3.042265625,-5.01934765625,-0.62207421875,-5.00293359375,-3.30405859375,-1.9023359375,-6.737015625,-8.711125,-3.98759765625,-1.8831640625,-2.29294140625,-4.23980078125,-6.34911328125,-11.08552734375,-7.81616015625,-7.21934765625
-10.50228515625,-11.042765625,-9.13975,-8.4953125,-0.26932421875,-0.55793359375,-3.1581875,0.710664062500001,0.27135546875,-4.7508984375,-2.952078125,-5.2836875,-7.3829296875,-2.82634765625,-5.134265625,-6.06834765625,0.0379257812500011,-4.44393359375,-4.47205859375,-4.1203359375,-8.589015625,-7.619125,-5.01459765625,-4.2551640625,-4.30394140625,-5.35780078125,-7.62511328125,-10.09052734375,-7.16316015625,-8.12534765625
-10.85928515625,-11.126765625,-9.34375,-7.7473125,-1.12132421875,-0.954933593749999,-3.7311875,0.781664062500001,1.68935546875,-5.8988984375,-3.317078125,-5.3006875,-6.9149296875,-1.93334765625,-7.362265625,-6.54034765625,-0.16507421875,-3.19493359375,-5.42805859375,-5.9713359375,-9.757015625,-5.433125,-5.50159765625,-6.1121640625,-5.61494140625,-6.06480078125,-8.18711328125,-8.09352734375,-5.54616015625,-8.06434765625
-9.79828515625,-10.192765625,-8.82875,-5.8513125,-1.52132421875,-1.28493359375,-4.3051875,0.835664062500001,3.02135546875,-6.8198984375,-3.604078125,-5.3556875,-4.7999296875,-1.01834765625,-9.317265625,-6.47934765625,-1.13907421875,-1.52993359375,-6.09405859375,-7.1603359375,-10.136015625,-2.814125,-5.39359765625,-7.0821640625,-5.94794140625,-6.02480078125,-7.86111328125,-5.51152734375,-3.13516015625,-6.89934765625
-7.64628515625,-8.567765625,-7.84275,-3.2563125,-1.63232421875,-1.84393359375,-4.8971875,0.790664062500001,3.75435546875,-7.5588984375,-4.046078125,-5.6556875,-1.5479296875,-0.57134765625,-10.718265625,-6.05034765625,-2.59307421875,0.15406640625,-6.57305859375,-7.5923359375,-9.837015625,-0.556125,-4.88359765625,-7.1341640625,-5.40694140625,-5.18280078125,-6.88511328125,-3.14752734375,-0.54016015625,-5.01034765625
-5.10028515625,-6.863765625,-6.86775,-0.8773125,-1.90232421875,-2.95193359375,-5.6531875,0.581664062500002,3.50235546875,-8.4178984375,-4.935078125,-6.3266875,1.8610703125,-1.06334765625,-11.539265625,-5.49934765625,-4.09507421875,1.43606640625,-7.08605859375,-7.4043359375,-9.095015625,0.700875,-4.36559765625,-6.5951640625,-4.43894140625,-3.82980078125,-5.82711328125,-1.91852734375,1.40883984375,-3.14334765625
-2.75128515625,-5.523765625,-6.16975,0.4776875,-2.62132421875,-4.60793359375,-6.5371875,0.380664062500001,2.35235546875,-9.5258984375,-6.250078125,-7.1276875,4.5550703125,-2.51634765625,-11.757265625,-4.83034765625,-4.89307421875,2.23206640625,-7.61505859375,-6.6613359375,-7.919015625,0.948875,-4.01559765625,-5.7541640625,-3.37694140625,-2.23880078125,-5.06711328125,-2.17952734375,2.30783984375,-1.79634765625
-0.83828515625,-4.589765625,-5.58275,0.5536875,-3.68932421875,-6.39493359375,-7.2251875,0.560664062500001,0.86535546875,-10.6398984375,-7.546078125,-7.4686875,6.1740703125,-4.39534765625,-11.249265625,-3.75734765625,-4.10707421875,2.85606640625,-7.79405859375,-5.2473359375,-6.059015625,0.837875,-3.62059765625,-4.6221640625,-2.19594140625,-0.45080078125,-4.51011328125,-3.42552734375,2.49583984375,-0.87234765625
0.54471484375,-3.942765625,-4.80475,-0.4233125,-4.82432421875,-7.80593359375,-7.3921875,1.3236640625,-0.35964453125,-11.4178984375,-8.294078125,-6.8556875,6.7670703125,-6.02034765625,-10.020265625,-2.08434765625,-1.38307421875,3.59706640625,-7.26105859375,-3.1523359375,-3.415015625,1.079875,-2.90359765625,-3.1521640625,-0.75394140625,1.50619921875,-3.83911328125,-4.72552734375,2.69183984375,0.0656523437499998
1.31271484375,-3.497765625,-3.68975,-1.9353125,-5.75332421875,-8.48493359375,-6.9151875,2.5116640625,-0.96564453125,-11.6318984375,-8.180078125,-5.2066875,6.5850703125,-6.91234765625,-8.302265625,0.0556523437499994,2.71392578125,4.44606640625,-5.93905859375,-0.6613359375,-0.288015625,1.933875,-1.80459765625,-1.4241640625,0.975058593750001,3.44319921875,-2.82611328125,-5.27752734375,3.50083984375,1.40565234375
1.63571484375,-3.037765625,-2.14675,-3.1823125,-6.05932421875,-8.10993359375,-5.6871875,3.8856640625,-0.63864453125,-11.0098984375,-6.990078125,-2.6756875,6.0870703125,-6.68734765625,-6.260265625,2.45065234375,7.07992578125,5.35406640625,-3.89405859375,1.9046640625,2.881984375,3.289875,-0.30759765625,0.507835937499999,3.01905859375,5.23219921875,-1.28811328125,-4.54952734375,5.29683984375,3.43465234375
2.07071484375,-2.123765625,-0.03975,-3.2353125,-5.13232421875,-6.32793359375,-3.4991875,5.3766640625,1.05135546875,-9.1468984375,-4.518078125,0.553312499999999,5.8800703125,-4.96834765625,-3.791265625,5.04965234375,10.74592578125,6.48206640625,-1.15505859375,4.4266640625,5.816984375,4.948875,1.70040234375,2.7138359375,5.49205859375,6.98919921875,0.93788671875,-2.29852734375,8.20383984375,6.31165234375
3.14671484375,-0.466765625,2.54125,-1.5823125,-2.59732421875,-3.08393359375,-0.365187499999999,6.9116640625,4.32635546875,-5.8838984375,-0.850078125,4.1023125,6.3440703125,-1.72134765625,-0.833265625,7.75065234375,13.14792578125,7.95706640625,2.10494140625,6.7996640625,8.272984375,6.611875,4.15140234375,5.0788359375,8.29005859375,8.84919921875,3.70588671875,1.12847265625,11.82683984375,9.78065234375
4.89671484375,1.723234375,5.07425,1.4156875,1.24167578125,1.06706640625,3.1478125,8.1856640625,8.79035546875,-1.7068984375,3.369921875,7.2463125,7.3830703125,2.39665234375,2.267734375,10.14865234375,14.06092578125,9.51506640625,5.35694140625,8.6886640625,9.865984375,7.815875,6.51240234375,7.0438359375,10.83905859375,10.65619921875,6.34588671875,4.63847265625,15.13383984375,12.97465234375
6.92471484375,3.939234375,6.91425,4.7396875,5.52067578125,5.17406640625,6.1758125,8.8686640625,13.49935546875,2.4421015625,7.203921875,9.2683125,8.6710703125,6.28865234375,4.887734375,11.76665234375,13.60492578125,10.64706640625,7.91494140625,9.7176640625,10.318984375,8.199875,8.04840234375,7.9158359375,12.41105859375,12.08119921875,8.00888671875,6.85347265625,16.89883984375,14.80265234375
8.81271484375,5.843234375,7.80425,7.3696875,9.29367578125,8.41806640625,8.1148125,8.9746640625,17.40835546875,5.6991015625,9.958921875,9.9893125,10.0120703125,9.00365234375,6.551734375,12.49965234375,12.24492578125,11.01806640625,9.33494140625,9.8446640625,9.834984375,7.830875,8.35540234375,7.4178359375,12.67905859375,12.91119921875,8.24988671875,6.87447265625,16.41383984375,14.59165234375
10.21871484375,7.315234375,7.90425,8.6886875,11.80567578125,10.34206640625,8.8248125,8.8106640625,19.67435546875,7.5031015625,11.370921875,9.8013125,11.2420703125,10.01365234375,7.066734375,12.60465234375,10.46792578125,10.57006640625,9.49194140625,9.3266640625,8.974984375,7.047875,7.47840234375,5.7888359375,11.81905859375,13.04219921875,7.17588671875,4.61747265625,13.75383984375,12.32465234375
10.72671484375,8.175234375,7.44225,8.5026875,12.50067578125,10.73906640625,8.4298125,8.6146640625,19.76135546875,7.5251015625,11.410921875,9.2473125,11.9520703125,9.15565234375,6.365734375,12.32865234375,8.42892578125,9.34706640625,8.40194140625,8.3916640625,8.191984375,6.057875,5.65840234375,3.4618359375,10.19905859375,12.29219921875,5.17988671875,0.67347265625,9.58883984375,8.49165234375
9.97071484375,8.159234375,6.56625,7.0516875,11.17167578125,9.63406640625,7.1988125,8.4226640625,17.64835546875,5.7471015625,10.198921875,8.7243125,11.6940703125,6.67465234375,4.512734375,11.74665234375,6.08192578125,7.51106640625,6.23494140625,7.1356640625,7.640984375,4.877875,3.25840234375,0.8948359375,8.19905859375,10.55119921875,2.78388671875,-3.85952734375,5.00983984375,3.97865234375
7.98771484375,7.175234375,5.47225,5.0156875,8.18067578125,7.38406640625,5.5588125,8.2216640625,14.02235546875,2.6641015625,8.059921875,8.4493125,10.4910703125,3.32565234375,1.858734375,10.89665234375,3.66592578125,5.53506640625,3.47394140625,5.7006640625,7.337984375,3.650875,0.87040234375,-1.3991640625,6.24705859375,8.10919921875,0.63288671875,-7.54952734375,1.35483984375,-0.0113476562500001
5.26771484375,5.340234375,4.32125,3.1996875,4.33967578125,4.53106640625,3.8858125,7.9396640625,10.02935546875,-0.8738984375,5.380921875,8.3313125,8.9180703125,0.12965234375,-1.088265625,9.77365234375,1.78892578125,4.06406640625,0.79794140625,4.2626640625,7.194984375,2.710875,-0.85559765625,-2.9931640625,4.67005859375,5.57419921875,-0.74111328125,-9.17852734375,-0.31716015625,-2.42234765625
2.40071484375,2.785234375,2.98025,2.0316875,0.46967578125,1.48106640625,2.1738125,7.2526640625,6.70335546875,-4.1418984375,2.342921875,7.8063125,7.5780703125,-2.16634765625,-4.019265625,8.16465234375,0.964925781250001,3.46106640625,-1.30905859375,2.8186640625,6.849984375,2.274875,-1.64059765625,-3.8531640625,3.40605859375,3.39019921875,-1.31111328125,-8.47452734375,0.10783984375,-2.99934765625
-0.12328515625,-0.308765625,1.12125,1.4376875,-2.79032421875,-1.52993359375,0.154812500000001,5.6976640625,4.65335546875,-6.7018984375,-0.978078124999999,6.1443125,6.6850703125,-3.28534765625,-6.838265625,5.81965234375,1.19992578125,3.65606640625,-2.69005859375,1.2546640625,5.815984375,2.280875,-1.66959765625,-4.2771640625,2.11005859375,1.59219921875,-1.53311328125,-6.25052734375,1.73083984375,-2.42534765625
-1.80228515625,-3.383765625,-1.27075,1.2386875,-4.80332421875,-4.09993359375,-2.1281875,3.1696640625,4.19235546875,-8.1328984375,-4.169078125,3.1553125,6.1290703125,-3.14134765625,-9.278265625,2.95565234375,2.05292578125,4.45906640625,-3.26805859375,-0.2563359375,3.980984375,2.619875,-1.19159765625,-4.4321640625,0.66605859375,0.0961992187499998,-1.81611328125,-3.73852734375,3.34383984375,-1.71334765625
-2.16328515625,-5.503765625,-3.65375,1.4646875,-4.93732421875,-5.52993359375,-4.0521875,0.182664062500001,5.42235546875,-7.9298984375,-6.375078125,-0.4786875,5.6760703125,-1.66534765625,-10.758265625,0.37065234375,2.88692578125,5.78006640625,-2.89705859375,-1.1473359375,1.825984375,3.306875,-0.23759765625,-4.1391640625,-0.56494140625,-1.02680078125,-2.13011328125,-1.84152734375,4.19183984375,-1.53034765625
-1.14328515625,-5.936765625,-5.30875,2.2146875,-2.98532421875,-5.24293359375,-4.8531875,-2.4463359375,8.01135546875,-5.8888984375,-6.831078125,-3.6556875,5.0320703125,0.95665234375,-10.788265625,-1.10734765625,3.04292578125,7.46906640625,-1.59805859375,-0.9033359375,0.0389843750000001,4.330875,1.19840234375,-3.1811640625,-1.08594140625,-1.62780078125,-2.16511328125,-0.84552734375,4.19983984375,-1.95134765625
0.70971484375,-4.671765625,-5.81575,3.3966875,0.49867578125,-3.23393359375,-4.2091875,-4.0543359375,11.09335546875,-2.4588984375,-5.424078125,-5.5096875,4.0400703125,4.09865234375,-9.416265625,-1.20134765625,2.06592578125,9.19306640625,0.27394140625,0.4856640625,-0.930015625,5.594875,2.96340234375,-1.6191640625,-0.658941406249999,-1.60780078125,-1.61511328125,-0.43852734375,3.88183984375,-2.50434765625
2.59271484375,-2.311765625,-5.11875,4.7646875,4.41567578125,-0.0829335937499995,-2.3581875,-4.2653359375,13.63835546875,1.4391015625,-2.706078125,-5.6576875,3.0980703125,6.97565234375,-7.170265625,-0.18234765625,0.0659257812499998,10.70006640625,2.24294140625,2.5826640625,-0.898015625,7.140875,4.88940234375,0.315835937499999,0.703058593750001,-0.80080078125,-0.22511328125,0.20947265625,4.17483984375,-2.30034765625
3.92671484375,0.330234375,-3.41075,6.0736875,7.62467578125,3.32606640625,0.107812500000001,-2.9923359375,14.94035546875,4.8231015625,0.425921875000001,-4.1526875,3.1890703125,9.01465234375,-4.781265625,1.41465234375,-2.24307421875,12.00806640625,3.97394140625,4.7756640625,0.160984375,9.227875,6.91840234375,2.4208359375,2.85305859375,1.00719921875,2.14288671875,2.02647265625,5.98583984375,-0.47034765625
4.41371484375,2.426234375,-1.22275,7.0636875,9.24967578125,6.00706640625,2.3508125,-0.633335937499998,14.77835546875,6.8291015625,2.932921875,-1.5436875,5.1680703125,9.85965234375,-3.060265625,2.88565234375,-3.99507421875,13.13306640625,5.20694140625,6.3506640625,1.954984375,11.886875,8.84840234375,4.3898359375,5.35105859375,3.67919921875,5.16988671875,5.24847265625,9.45583984375,3.07865234375
3.92671484375,3.276234375,0.60425,7.4586875,8.87667578125,7.09906640625,3.4538125,1.8896640625,13.36335546875,6.8501015625,3.867921875,1.1803125,8.9320703125,9.28765234375,-2.751265625,3.45765234375,-4.60807421875,13.78306640625,5.62894140625,6.5826640625,3.770984375,14.524875,10.13140234375,5.6928359375,7.37805859375,6.45919921875,7.93788671875,8.98447265625,13.62283984375,7.31665234375
2.65271484375,2.705234375,1.41025,7.2236875,6.85567578125,6.33206640625,2.9228125,3.6106640625,11.37935546875,4.9331015625,2.877921875,3.0813125,13.4010703125,7.44965234375,-4.087265625,2.73565234375,-3.71707421875,13.58406640625,5.10394140625,5.1726640625,4.879984375,16.220875,10.23440234375,5.9058359375,8.15905859375,8.38019921875,9.43188671875,11.78447265625,17.03883984375,10.70465234375
1.28371484375,1.346234375,1.24825,6.7686875,4.37067578125,4.34006640625,1.1178125,4.1576640625,9.89535546875,2.0461015625,0.566921875000001,3.8233125,17.2390703125,5.12465234375,-6.435265625,1.12965234375,-1.02407421875,12.57206640625,3.98894140625,2.6466640625,5.090984375,16.430875,9.18640234375,5.1598359375,7.55505859375,8.97019921875,9.27288671875,12.68047265625,18.75683984375,12.20965234375
0.75571484375,0.300234375,0.78325,6.6816875,2.84867578125,2.32206640625,-0.965187499999999,3.8566640625,9.82435546875,-0.3578984375,-1.814078125,3.6813125,19.5080703125,3.41265234375,-8.614265625,-0.36834765625,3.40292578125,11.23006640625,2.98494140625,0.1246640625,4.775984375,15.302875,7.58840234375,4.0628359375,6.10305859375,8.46419921875,7.87688671875,11.67347265625,18.74183984375,11.75365234375
1.69571484375,0.420234375,0.70925,7.2336875,3.09567578125,1.30206640625,-2.3571875,3.3246640625,11.28935546875,-1.1918984375,-3.132078125,3.1413125,19.8660703125,3.06365234375,-9.637265625,-0.86934765625,8.74092578125,10.09606640625,2.65194140625,-1.3603359375,4.436984375,13.425875,6.13340234375,3.2188359375,4.54905859375,7.46119921875,6.02188671875,9.44147265625,17.55283984375,9.95365234375
4.20371484375,2.010234375,1.41825,8.2666875,4.96967578125,1.70506640625,-2.5021875,3.1466640625,13.58935546875,-0.1698984375,-2.837078125,2.6873125,18.5690703125,4.16465234375,-9.132265625,0.0206523437499992,13.68592578125,9.51106640625,3.18694140625,-1.2843359375,4.450984375,11.541875,5.29440234375,2.9708359375,3.50705859375,6.62019921875,4.46288671875,6.88347265625,15.95183984375,7.74765234375
8.00071484375,4.969234375,3.04725,9.4716875,7.70467578125,3.40606640625,-1.2341875,3.7776640625,15.73735546875,2.3391015625,-0.944078124999999,2.8223125,16.3540703125,6.31565234375,-7.251265625,2.25765234375,17.25692578125,9.63706640625,4.53094140625,0.3746640625,5.115984375,10.365875,5.32640234375,3.4738359375,3.39505859375,6.52519921875,3.78588671875,4.80247265625,14.67983984375,6.11565234375
12.39471484375,8.776234375,5.37425,10.4806875,10.25567578125,5.79006640625,1.1308125,5.2806640625,16.89035546875,5.4781015625,1.974921875,3.8063125,13.9610703125,8.75965234375,-4.586265625,5.33965234375,19.13192578125,10.33106640625,6.35194140625,3.1026640625,6.481984375,10.207875,6.13540234375,4.5848359375,4.21405859375,7.35619921875,4.15388671875,3.53847265625,14.10883984375,5.61265234375
16.02671484375,12.188234375,7.49225,10.6566875,11.36367578125,7.68706640625,3.5368125,6.9156640625,16.37035546875,7.8791015625,4.679921875,5.1373125,11.4680703125,10.31465234375,-2.245265625,8.10965234375,19.20892578125,10.84106640625,7.83494140625,5.7206640625,7.954984375,10.503875,6.96040234375,5.5468359375,5.21005859375,8.44219921875,4.93988671875,2.59547265625,13.81783984375,5.83465234375
17.07471484375,13.390234375,7.92025,9.1286875,9.80067578125,7.65206640625,4.3968125,7.2566640625,13.71335546875,7.9801015625,5.556921875,5.5453125,8.1520703125,9.63665234375,-1.576265625,8.99465234375,17.15892578125,9.96906640625,7.81894140625,6.6676640625,8.314984375,9.920875,6.50340234375,5.0908359375,5.02905859375,8.37619921875,4.85688671875,0.81047265625,12.70483984375,5.48965234375
14.19071484375,10.915234375,5.46125,5.3746875,5.03867578125,4.77206640625,2.5058125,5.0576640625,9.01635546875,4.8591015625,3.501921875,3.7983125,3.2200703125,6.00365234375,-3.416265625,6.88865234375,12.64692578125,6.86906640625,5.49594140625,4.8726640625,6.483984375,7.223875,3.74040234375,2.2248359375,2.57305859375,5.91819921875,2.78288671875,-2.79052734375,9.81283984375,3.28365234375
7.54471484375,4.758234375,0.18125,-0.1223125,-2.12632421875,-0.560933593749999,-2.0221875,0.260664062500002,3.23735546875,-0.9838984375,-1.226078125,-0.271687500000001,-3.2199296875,0.0116523437500002,-7.409265625,2.03165234375,5.97492578125,1.82606640625,1.13594140625,0.5596640625,2.428984375,2.254875,-1.22559765625,-2.9201640625,-2.09994140625,0.99219921875,-1.35611328125,-8.12652734375,5.20183984375,-1.05534765625
-0.70328515625,-3.060765625,-6.13875,-5.6203125,-9.45732421875,-6.44093359375,-7.4231875,-5.5183359375,-1.84564453125,-7.4438984375,-6.763078125,-5.2656875,-9.5949296875,-6.29334765625,-11.898265625,-3.73034765625,-1.34607421875,-3.51193359375,-3.67605859375,-4.5673359375,-2.421015625,-3.604125,-6.82459765625,-8.7601640625,-7.44594140625,-4.84380078125,-6.18911328125,-13.71352734375,0.31083984375,-6.25534765625
-6.58728515625,-8.607765625,-10.09875,-8.2323125,-13.56532421875,-9.71693359375,-10.5131875,-9.0693359375,-3.81764453125,-11.0938984375,-9.904078125,-8.2496875,-12.8689296875,-9.68334765625,-14.166265625,-7.18434765625,-6.30207421875,-6.31593359375,-6.20405859375,-7.5733359375,-5.237015625,-7.445125,-10.10859765625,-12.3851640625,-10.56094140625,-8.45980078125,-8.96711328125,-16.75052734375,-2.11616015625,-9.46134765625
-5.17428515625,-6.853765625,-7.33675,-4.4273125,-10.54832421875,-6.65093359375,-7.3461875,-6.2313359375,0.11435546875,-7.8268984375,-6.758078125,-5.3226875,-9.1439296875,-6.30334765625,-10.892265625,-4.37234765625,-4.66907421875,-3.02193359375,-3.03805859375,-4.8423359375,-2.295015625,-5.340125,-7.24159765625,-10.0531640625,-7.70094140625,-5.71880078125,-6.04211328125,-13.58152734375,1.52283984375,-6.72134765625
7.60171484375,6.424234375,5.87025,8.7196875,2.67667578125,5.76506640625,5.3808125,6.5546640625,12.26035546875,5.7191015625,5.875921875,6.9343125,4.8290703125,7.03365234375,0.754734375,8.03965234375,7.43192578125,9.44906640625,8.70394140625,6.6856640625,9.685984375,6.219875,5.14840234375,1.4818359375,4.39505859375,6.99719921875,5.81088671875,-1.00552734375,14.39683984375,5.53165234375
32.43671484375,32.022234375,30.24325,31.6036875,26.41167578125,27.92606640625,28.2548125,29.9866640625,32.87135546875,30.0421015625,28.510921875,29.2623125,29.4950703125,30.79965234375,21.303734375,30.66765234375,30.93092578125,31.68706640625,29.52994140625,27.5986640625,31.428984375,28.052875,27.77740234375,22.8898359375,26.40305859375,30.46019921875,27.30388671875,21.61547265625,37.15083984375,28.15265234375
65.13871484375,65.696234375,61.95825,60.8156875,56.90867578125,56.40506640625,57.7858125,60.4326640625,58.95835546875,61.3741015625,57.671921875,58.2683125,61.1400703125,61.35365234375,47.703734375,60.00065234375,61.98992578125,60.36106640625,56.31194140625,54.6826640625,59.646984375,56.722875,57.17940234375,50.8178359375,54.96605859375,61.03619921875,55.19588671875,50.87747265625,66.44383984375,57.69065234375
65.13871484375,65.696234375,61.95825,60.8156875,56.90867578125,56.40506640625,57.7858125,60.4326640625,58.95835546875,61.3741015625,57.671921875,58.2683125,61.1400703125,61.35365234375,47.703734375,60.00065234375,61.98992578125,60.36106640625,56.31194140625,54.6826640625,59.646984375,56.722875,57.17940234375,50.8178359375,54.96605859375,61.03619921875,55.19588671875,50.87747265625,66.44383984375,57.69065234375
