"Fp1","Fpz","Fp2","F7","F3","Fz","F4","F8","FC5","FC1","FC2","FC6","T7","C3","Cz","C4","T8","CP5","CP1","CP2","CP6","P7","P3","Pz","P4","P8","POz","O1","Oz","O2"
1.322109375,-2.1931953125,-0.654664062500002,14.92977734375,-0.91209375,0.42440625,-0.861457031250001,2.22982421875,1.26895703125,-0.0833046875000002,-4.2125703125,5.6714765625,6.6186484375,-3.26539453125,-3.87470703125,-5.1752265625,-1.47791796875,-4.3236015625,-4.33991796875,-7.76982421875,-6.23106640625,-4.7638984375,-5.50133984375,-9.0363359375,-7.6116640625,-0.39419140625,-6.67397265625,-4.6143203125,-4.51087890625,-3.26119921875
-4.570890625,-6.9081953125,-6.5736640625,11.21277734375,-4.59909375,-2.84159375,-2.10945703125,-0.27717578125,-1.43704296875,-2.6413046875,-5.5695703125,3.8344765625,4.4356484375,-5.22739453125,-4.77370703125,-5.4182265625,0.96508203125,-4.8436015625,-4.43891796875,-8.25582421875,-5.14106640625,-3.8288984375,-5.93033984375,-8.6013359375,-6.9436640625,0.78980859375,-6.24597265625,-2.0873203125,-2.69787890625,-1.62519921875
-7.242890625,-8.8011953125,-9.1506640625,8.67177734375,-6.68209375,-4.65959375,-2.89245703125,-1.66917578125,-3.02304296875,-4.1353046875,-6.2995703125,2.5544765625,3.2696484375,-6.17439453125,-5.17870703125,-5.5482265625,2.66408203125,-4.7076015625,-4.15591796875,-8.24682421875,-4.04406640625,-2.6368984375,-5.82433984375,-7.9463359375,-6.1706640625,1.93880859375,-5.51597265625,-0.1243203125,-1.13787890625,-0.23919921875
-6.687890625,-7.8441953125,-8.4096640625,7.40877734375,-7.02709375,-4.94459375,-3.09045703125,-1.95017578125,-3.41104296875,-4.4593046875,-6.3085703125,1.9684765625,3.0306484375,-5.97139453125,-5.01470703125,-5.4492265625,3.59408203125,-3.8606015625,-3.42391796875,-7.66182421875,-2.95206640625,-1.1568984375,-5.08633984375,-7.0813359375,-5.3016640625,2.99380859375,-4.47597265625,1.3496796875,0.15412109375,0.86180078125
-3.821890625,-4.8661953125,-5.3476640625,7.25477734375,-5.94909375,-3.99659375,-2.68545703125,-1.42517578125,-2.79104296875,-3.7913046875,-5.6605703125,2.0974765625,3.2246484375,-4.77039453125,-4.34770703125,-5.0312265625,3.92208203125,-2.4416015625,-2.29691796875,-6.56682421875,-1.90606640625,0.536101562500001,-3.80633984375,-6.0903359375,-4.4066640625,3.84280859375,-3.24797265625,2.5316796875,1.17812109375,1.67180078125
0.124109375,-1.0271953125,-1.2726640625,7.94177734375,-4.01909375,-2.28959375,-1.75645703125,-0.49417578125,-1.45204296875,-2.4733046875,-4.5255703125,2.8764765625,3.2356484375,-2.91439453125,-3.34570703125,-4.2882265625,3.86408203125,-0.6946015625,-0.93091796875,-5.14082421875,-0.98406640625,2.3331015625,-2.22733984375,-5.0693359375,-3.5916640625,4.32980859375,-2.03497265625,3.5786796875,1.90612109375,2.16880078125
4.181109375,2.7388046875,2.8363359375,9.22277734375,-1.81209375,-0.28859375,-0.44945703125,0.53582421875,0.33795703125,-0.8673046875,-3.1215703125,4.1744765625,2.7376484375,-0.81239453125,-2.21070703125,-3.3282265625,3.56508203125,1.1573984375,0.47108203125,-3.62482421875,-0.26406640625,4.1721015625,-0.65333984375,-4.0643359375,-2.9616640625,4.31780859375,-1.01297265625,4.5166796875,2.29212109375,2.32780078125
7.914109375,6.0158046875,6.6083359375,10.90177734375,0.26990625,1.66140625,1.06554296875,1.51882421875,2.34495703125,0.7516953125,-1.6475703125,5.7824765625,1.9626484375,1.18660546875,-1.10570703125,-2.3272265625,3.09508203125,2.9713984375,1.74008203125,-2.24582421875,0.21093359375,6.0121015625,0.67366015625,-3.0553359375,-2.5486640625,3.78480859375,-0.24397265625,5.2576796875,2.32112109375,2.17680078125
11.339109375,8.8308046875,10.1523359375,12.79877734375,2.06290625,3.34440625,2.62354296875,2.43982421875,4.33395703125,2.2186953125,-0.2635703125,7.4004765625,1.6046484375,2.83860546875,-0.11570703125,-1.4622265625,2.49408203125,4.6403984375,2.76108203125,-1.16582421875,0.45293359375,7.7031015625,1.62066015625,-2.0013359375,-2.2996640625,2.88980859375,0.32702734375,5.6606796875,2.04812109375,1.82180078125
14.620109375,11.3588046875,13.6783359375,14.70277734375,3.55290625,4.64640625,4.06254296875,3.32182421875,6.04695703125,3.4356953125,0.9034296875,8.6734765625,2.3816484375,3.98860546875,0.72429296875,-0.8692265625,1.81808203125,5.9993984375,3.45708203125,-0.47282421875,0.49993359375,8.8731015625,2.12266015625,-0.9493359375,-2.1236640625,1.93380859375,0.78102734375,5.5946796875,1.58412109375,1.41080078125
17.743109375,13.6248046875,17.1363359375,16.36177734375,4.74990625,5.49140625,5.22154296875,4.12282421875,7.23395703125,4.3056953125,1.7234296875,9.2894765625,4.5196484375,4.53160546875,1.37229296875,-0.6252265625,1.13308203125,6.7753984375,3.74308203125,-0.21382421875,0.36893359375,9.0031015625,2.10766015625,-0.0783359374999999,-1.9756640625,1.22380859375,1.09502734375,5.0036796875,1.03512109375,1.03980078125
20.360109375,15.3808046875,20.0753359375,17.49877734375,5.56590625,5.80440625,5.95154296875,4.69782421875,7.71495703125,4.6936953125,2.0674296875,9.1004765625,7.5376484375,4.40160546875,1.73729296875,-0.7502265625,0.49008203125,6.6843984375,3.52308203125,-0.41082421875,0.0489335937499997,7.7251015625,1.48766015625,0.3356640625,-1.9056640625,0.93280859375,1.11902734375,3.9476796875,0.461121093750001,0.69080078125
21.907109375,16.2268046875,21.8113359375,17.90177734375,5.82490625,5.53440625,6.14754296875,4.85482421875,7.44595703125,4.4716953125,1.8474296875,8.1904765625,10.4886484375,3.59460546875,1.69329296875,-1.2112265625,-0.07891796875,5.6023984375,2.73908203125,-1.04482421875,-0.47606640625,5.1481015625,0.22066015625,0.0696640624999998,-2.0356640625,1.05180859375,0.66202734375,2.6056796875,-0.12687890625,0.25180078125
21.968109375,15.8878046875,21.8373359375,17.53777734375,5.38290625,4.72740625,5.79654296875,4.50182421875,6.54495703125,3.6026953125,1.0834296875,6.8524765625,12.5046484375,2.21860546875,1.14429296875,-1.9142265625,-0.53691796875,3.7143984375,1.43708203125,-2.02082421875,-1.16606640625,1.9431015625,-1.58133984375,-0.9153359375,-2.4616640625,1.44780859375,-0.35097265625,1.2066796875,-0.74687890625,-0.38919921875
20.600109375,14.4688046875,20.1813359375,16.60377734375,4.27190625,3.59440625,5.01854296875,3.75582421875,5.26295703125,2.2276953125,-0.0475703125,5.4674765625,13.2726484375,0.50660546875,0.11829296875,-2.7042265625,-0.81091796875,1.5133984375,-0.19291796875,-3.14082421875,-1.88306640625,-0.923898437499999,-3.61233984375,-2.4093359375,-3.1476640625,1.97580859375,-1.75697265625,-0.0623203124999998,-1.41087890625,-1.24019921875
18.373109375,12.4718046875,17.4493359375,15.45577734375,2.76490625,2.46940625,4.06154296875,2.91382421875,3.89195703125,0.6746953125,-1.2305703125,4.3664765625,13.1276484375,-1.21139453125,-1.17270703125,-3.3742265625,-0.79991796875,-0.3486015625,-1.82591796875,-4.13082421875,-2.39606640625,-2.6228984375,-5.41433984375,-3.9913359375,-3.8726640625,2.56380859375,-3.14597265625,-1.0883203125,-2.07787890625,-2.13819921875
16.060109375,10.5518046875,14.4893359375,14.46177734375,1.28090625,1.67940625,3.23654296875,2.32182421875,2.67495703125,-0.6383046875,-2.1075703125,3.7434765625,12.7436484375,-2.56839453125,-2.36270703125,-3.7092265625,-0.44791796875,-1.2986015625,-3.06991796875,-4.69782421875,-2.45706640625,-2.7588984375,-6.49833984375,-5.1603359375,-4.2906640625,3.22780859375,-3.98997265625,-1.7843203125,-2.61987890625,-2.79019921875
14.220109375,9.1478046875,11.9413359375,13.86777734375,0.21190625,1.39840625,2.78054296875,2.19282421875,1.75795703125,-1.3613046875,-2.4185703125,3.6324765625,12.6536484375,-3.26439453125,-3.06070703125,-3.5612265625,0.18508203125,-1.0496015625,-3.57891796875,-4.62582421875,-1.91906640625,-1.4178984375,-6.49733984375,-5.4983359375,-4.0876640625,4.00280859375,-3.84597265625,-2.0203203125,-2.82787890625,-2.88919921875
12.921109375,8.2658046875,9.9453359375,13.72277734375,-0.26309375,1.56240625,2.74954296875,2.51082421875,1.18495703125,-1.3513046875,-2.0985703125,3.9424765625,12.9106484375,-3.16639453125,-3.02670703125,-2.9212265625,0.90008203125,0.2913984375,-3.17991796875,-3.86382421875,-0.84106640625,0.976101562500001,-5.29633984375,-4.8333359375,-3.1506640625,4.86880859375,-2.55797265625,-1.6373203125,-2.48987890625,-2.26119921875
11.772109375,7.5238046875,8.1833359375,13.88277734375,-0.25109375,1.88640625,2.98754296875,3.02282421875,0.90195703125,-0.7223046875,-1.3145703125,4.4964765625,13.0756484375,-2.36939453125,-2.29370703125,-1.9382265625,1.42908203125,2.2583984375,-1.96291796875,-2.58382421875,0.48893359375,3.8411015625,-3.10833984375,-3.3243359375,-1.6566640625,5.71280859375,-0.36897265625,-0.5533203125,-1.52787890625,-0.96019921875
10.227109375,6.4388046875,6.1983359375,14.06677734375,-0.0870937499999998,1.98840625,3.20854296875,3.35682421875,0.783957031249999,0.2096953125,-0.3975703125,5.0684765625,12.5156484375,-1.17939453125,-1.16870703125,-0.8882265625,1.54508203125,4.2033984375,-0.27891796875,-1.16382421875,1.63593359375,6.5761015625,-0.44933984375,-1.4323359375,-0.0326640624999999,6.35780859375,2.12402734375,1.1076796875,-0.0868789062499995,0.72480078125
7.993109375,4.7648046875,3.7853359375,13.98277734375,-0.15309375,1.56740625,3.13554296875,3.20382421875,0.70195703125,1.0586953125,0.2644296875,5.4314765625,10.8246484375,-0.0103945312499997,-0.11270703125,-0.0782265624999998,1.15108203125,5.5303984375,1.36108203125,-0.0688242187500001,2.17993359375,8.6701015625,2.00366015625,0.2416640625,1.1973359375,6.63380859375,4.16102734375,2.9856796875,1.47412109375,2.36280078125
5.279109375,2.6768046875,1.2093359375,13.44377734375,-0.69509375,0.53940625,2.61854296875,2.47782421875,0.58995703125,1.5136953125,0.3744296875,5.4214765625,8.1466484375,0.76060546875,0.45129296875,0.2467734375,0.31708203125,5.8973984375,2.45908203125,0.33117578125,1.89093359375,9.8111015625,3.63266015625,1.1666640625,1.6123359375,6.44480859375,5.10102734375,4.6046796875,2.71612109375,3.52780078125
2.713109375,0.672804687499999,-0.936664062500002,12.42977734375,-1.71809375,-0.94559375,1.70154296875,1.34382421875,0.44995703125,1.4306953125,-0.1645703125,4.9914765625,5.2136484375,0.91960546875,0.32129296875,0.00377343750000048,-0.75591796875,5.3013984375,2.72408203125,-0.0808242187500001,0.85093359375,9.9481015625,4.09366015625,1.0776640625,1.0673359375,5.82480859375,4.65202734375,5.5676796875,3.30812109375,3.95980078125
0.964109375,-0.7171953125,-2.1066640625,11.04377734375,-3.01509375,-2.59659375,0.58954296875,0.10782421875,0.30495703125,0.8596953125,-1.2025703125,4.2414765625,3.0446484375,0.47160546875,-0.42070703125,-0.7022265625,-1.83291796875,4.0443984375,2.17608203125,-1.12882421875,-0.56506640625,9.2991015625,3.41966015625,0.0636640625,-0.2426640625,4.93080859375,2.97302734375,5.7326796875,3.16812109375,3.65480078125
0.361109375,-1.2431953125,-2.1536640625,9.44677734375,-4.29509375,-4.11559375,-0.44845703125,-0.931175781249999,0.13595703125,-0.0143046875000002,-2.4025703125,3.4064765625,2.4636484375,-0.38939453125,-1.46170703125,-1.6132265625,-2.73591796875,2.5903984375,1.12008203125,-2.42582421875,-1.83806640625,8.2711015625,1.99366015625,-1.4883359375,-1.8686640625,4.00480859375,0.61402734375,5.2626796875,2.49312109375,2.85180078125
0.746109375,-1.0531953125,-1.4026640625,7.81277734375,-5.31009375,-5.29959375,-1.20845703125,-1.58517578125,-0.111042968750001,-0.9623046875,-3.3875703125,2.7944765625,3.6826484375,-1.37539453125,-2.42970703125,-2.4322265625,-3.36791796875,1.4053984375,-0.00791796874999956,-3.54382421875,-2.52006640625,7.3271015625,0.38566015625,-3.0373359375,-3.2886640625,3.27680859375,-1.68797265625,4.5446796875,1.67712109375,1.91780078125
1.624109375,-0.5491953125,-0.420664062500002,6.31077734375,-5.92609375,-6.06559375,-1.61745703125,-1.80417578125,-0.477042968750001,-1.7943046875,-3.8945703125,2.6724765625,6.2196484375,-2.20739453125,-3.04370703125,-2.9232265625,-3.67991796875,0.8103984375,-0.81691796875,-4.17582421875,-2.40506640625,6.8411015625,-0.85733984375,-4.0873359375,-4.1076640625,2.89580859375,-3.26497265625,4.0276796875,1.15412109375,1.19980078125
2.483109375,-0.1081953125,0.352335937499999,5.08977734375,-6.11609375,-6.41959375,-1.71245703125,-1.64017578125,-0.93404296875,-2.3863046875,-3.8585703125,3.1564765625,9.1786484375,-2.68639453125,-3.19070703125,-2.9642265625,-3.60291796875,0.9143984375,-1.08991796875,-4.21182421875,-1.57706640625,6.9841015625,-1.38633984375,-4.3413359375,-4.1676640625,2.89380859375,-3.74297265625,4.0416796875,1.22712109375,0.91280078125
3.065109375,0.135804687499999,0.818335937499999,4.26077734375,-5.90309375,-6.39459375,-1.58345703125,-1.19717578125,-1.38304296875,-2.6653046875,-3.4005703125,4.1404765625,11.7036484375,-2.73139453125,-2.90170703125,-2.5522265625,-3.05091796875,1.6103984375,-0.80891796875,-3.72282421875,-0.33006640625,7.6931015625,-1.13433984375,-3.7733359375,-3.5516640625,3.21580859375,-3.14297265625,4.6866796875,1.96012109375,1.09580078125
3.409109375,0.286804687499999,1.1743359375,3.86877734375,-5.32709375,-6.01859375,-1.32045703125,-0.584175781249999,-1.69304296875,-2.5893046875,-2.7375703125,5.3244765625,13.2886484375,-2.38139453125,-2.29170703125,-1.7852265625,-2.00291796875,2.6233984375,-0.10891796875,-2.88782421875,0.97093359375,8.7321015625,-0.28333984375,-2.6033359375,-2.5076640625,3.77280859375,-1.81997265625,5.8016796875,3.17612109375,1.63680078125
3.698109375,0.5168046875,1.6553359375,3.87477734375,-4.44509375,-5.32059375,-0.99245703125,0.0858242187500005,-1.75204296875,-2.1233046875,-2.0625703125,6.3204765625,13.8146484375,-1.76239453125,-1.47370703125,-0.8262265625,-0.57991796875,3.5933984375,0.81508203125,-1.90282421875,2.03993359375,9.8021015625,0.85866015625,-1.1743359375,-1.3296640625,4.50480859375,-0.27397265625,7.0476796875,4.55512109375,2.34280078125
4.042109375,0.9028046875,2.3003359375,4.16077734375,-3.33409375,-4.34559375,-0.627457031250001,0.70882421875,-1.50704296875,-1.2243046875,-1.4405703125,6.8114765625,13.3896484375,-1.01239453125,-0.50270703125,0.1657734375,0.96508203125,4.2113984375,1.81708203125,-0.89582421875,2.77493359375,10.6631015625,2.01166015625,0.2176640625,-0.2236640625,5.40480859375,1.07602734375,8.0466796875,5.77012109375,3.03980078125
4.421109375,1.4138046875,2.9573359375,4.58977734375,-2.07409375,-3.13059375,-0.17145703125,1.22682421875,-0.93004296875,0.1516953125,-0.7735703125,6.7064765625,12.1926484375,-0.20139453125,0.64829296875,1.1077734375,2.38008203125,4.3523984375,2.87508203125,0.11317578125,3.29093359375,11.2031015625,3.03066015625,1.4496640625,0.7743359375,6.50580859375,2.04902734375,8.5426796875,6.60612109375,3.64180078125
4.835109375,2.0528046875,3.5133359375,5.11777734375,-0.70309375,-1.67059375,0.51454296875,1.68782421875,0.0239570312499995,2.0066953125,0.1354296875,6.2034765625,10.4286484375,0.70360546875,2.04729296875,2.0267734375,3.54908203125,4.1443984375,4.07208203125,1.19917578125,3.83993359375,11.4571015625,3.92066015625,2.5766640625,1.7783359375,7.80380859375,2.70502734375,8.4776796875,6.99212109375,4.14980078125
5.506109375,3.0028046875,4.1483359375,5.85877734375,0.81590625,0.10240625,1.60754296875,2.26382421875,1.44195703125,4.2556953125,1.4574296875,5.7264765625,8.3876484375,1.79560546875,3.72229296875,3.0207734375,4.51808203125,3.9363984375,5.51508203125,2.45617578125,4.67293359375,11.5641015625,4.75866015625,3.7346640625,2.9543359375,9.18780859375,3.23002734375,7.9786796875,6.96612109375,4.59180078125
6.879109375,4.6118046875,5.3653359375,7.03077734375,2.57590625,2.27740625,3.22854296875,3.17682421875,3.38195703125,6.7046953125,3.2284296875,5.7334765625,6.5186484375,3.15760546875,5.61729296875,4.1857734375,5.39608203125,4.1503984375,7.23908203125,3.93017578125,5.90193359375,11.6841015625,5.61166015625,5.0066640625,4.3913359375,10.43580859375,3.79102734375,7.2806796875,6.62012109375,4.97080078125
9.362109375,7.1678046875,7.6843359375,8.78477734375,4.63790625,4.85740625,5.36354296875,4.55082421875,5.76195703125,9.0936953125,5.3174296875,6.5284765625,5.3996484375,4.78960546875,7.59729296875,5.5517734375,6.22308203125,5.0833984375,9.15408203125,5.58117578125,7.44293359375,11.9161015625,6.49166015625,6.3506640625,6.0393359375,11.28080859375,4.43502734375,6.6236796875,6.06512109375,5.26080078125
12.953109375,10.5908046875,11.2123359375,11.04377734375,6.93390625,7.67840625,7.80254296875,6.30582421875,8.27995703125,11.1656953125,7.4564296875,8.1394765625,5.5426484375,6.56760546875,9.47429296875,7.0447734375,6.91008203125,6.7293984375,11.04708203125,7.28117578125,9.04693359375,12.2301015625,7.33766015625,7.6156640625,7.7143359375,11.51280859375,5.07102734375,6.1696796875,5.42312109375,5.42980078125
17.043109375,14.2818046875,15.3733359375,13.46577734375,9.20490625,10.39640625,10.16054296875,8.13482421875,10.43995703125,12.7066953125,9.3114296875,10.3044765625,7.0896484375,8.22560546875,11.02929296875,8.4897734375,7.28908203125,8.6993984375,12.62508203125,8.83217578125,10.38093359375,12.4421015625,8.01766015625,8.5926640625,9.1403359375,11.05880859375,5.51302734375,5.9296796875,4.80612109375,5.45980078125
20.546109375,17.2808046875,19.0113359375,15.54977734375,11.03690625,12.56340625,11.98254296875,9.59882421875,11.70295703125,13.5706953125,10.5644296875,12.5484765625,9.6066484375,9.39660546875,12.05029296875,9.6427734375,7.21508203125,10.3263984375,13.58308203125,9.99617578125,11.13493359375,12.2581015625,8.34066015625,9.0886640625,10.0313359375,10.00780859375,5.55902734375,5.7606796875,4.29012109375,5.34880078125
22.337109375,18.6998046875,20.8773359375,16.82577734375,12.01290625,13.78040625,12.90154296875,10.27982421875,11.69595703125,13.7096953125,11.0204296875,14.3314765625,12.1766484375,9.74360546875,12.38929296875,10.2727734375,6.67208203125,10.9313984375,13.72008203125,10.57117578125,11.12293359375,11.4021015625,8.12966015625,8.9896640625,10.1913359375,8.60480859375,5.08802734375,5.4556796875,3.88212109375,5.10880078125
21.807109375,18.2028046875,20.2533359375,17.05077734375,11.92190625,13.86640625,12.79554296875,9.96982421875,10.41395703125,13.2126953125,10.6804296875,15.2164765625,13.7896484375,9.13160546875,12.03429296875,10.2557734375,5.80608203125,10.1583984375,13.04108203125,10.48117578125,10.35893359375,9.8011015625,7.32866015625,8.3246640625,9.6153359375,7.20180859375,4.15902734375,4.8886796875,3.55112109375,4.77180078125
19.211109375,16.2238046875,17.3633359375,16.31477734375,10.90590625,12.96140625,11.83654296875,8.79582421875,8.27895703125,12.3196953125,9.7594296875,15.0134765625,13.8226484375,7.74060546875,11.14629296875,9.6397734375,4.89208203125,8.1763984375,11.80708203125,9.86217578125,9.08193359375,7.7101015625,6.10166015625,7.3016640625,8.5383359375,6.17580859375,3.04902734375,4.1366796875,3.28612109375,4.39180078125
15.588109375,13.7558046875,13.3153359375,14.96877734375,9.43690625,11.49540625,10.41854296875,7.18782421875,5.99595703125,11.3746953125,8.6064296875,13.8294765625,12.3286484375,6.03060546875,10.02529296875,8.6477734375,4.25708203125,5.6313984375,10.46408203125,9.03517578125,7.69693359375,5.6501015625,4.81266015625,6.2736640625,7.3793359375,5.81580859375,2.17502734375,3.4616796875,3.14612109375,4.04580078125
12.270109375,11.8438046875,9.5683359375,13.45177734375,8.10890625,10.00340625,9.00354296875,5.69482421875,4.24395703125,10.6916953125,7.5784296875,12.0044765625,9.9746484375,4.55960546875,9.02629296875,7.6027734375,4.18408203125,3.3453984375,9.47708203125,8.38917578125,6.63793359375,4.1861015625,3.88366015625,5.6196640625,6.5853359375,6.21680859375,1.91302734375,3.1496796875,3.23012109375,3.81780078125
10.280109375,11.0948046875,7.2783359375,12.09877734375,7.36390625,8.89940625,7.94254296875,4.75882421875,3.38195703125,10.4316953125,6.9074296875,9.9724765625,7.6956484375,3.73460546875,8.42429296875,6.7987734375,4.80508203125,1.9453984375,9.12808203125,8.20517578125,6.20593359375,3.6691015625,3.57266015625,5.5846640625,6.4303359375,7.24080859375,2.41002734375,3.3136796875,3.58712109375,3.75780078125
9.936109375,11.4748046875,6.8473359375,11.06377734375,7.28690625,8.30840625,7.33754296875,4.54582421875,3.32295703125,10.5066953125,6.6094296875,8.1144765625,6.2406484375,3.62860546875,8.28629296875,6.3647734375,6.01008203125,1.6113984375,9.37008203125,8.51317578125,6.43793359375,4.1021015625,3.83166015625,6.1446640625,6.8833359375,8.56780859375,3.48802734375,3.8026796875,4.12612109375,3.83980078125
10.822109375,12.4578046875,7.8873359375,10.32077734375,7.57290625,8.03340625,7.00654296875,4.90882421875,3.62595703125,10.5936953125,6.4764296875,6.6514765625,5.8676484375,3.95460546875,8.40629296875,6.2017734375,7.42908203125,2.0583984375,9.83108203125,9.05117578125,7.08793359375,5.1971015625,4.32066015625,6.9846640625,7.6103359375,9.81480859375,4.70702734375,4.2856796875,4.62512109375,3.95180078125
12.069109375,13.3418046875,9.5153359375,9.74177734375,7.66890625,7.66040625,6.58154296875,5.46282421875,3.74695703125,10.2486953125,6.1554296875,5.6104765625,6.3206484375,4.21360546875,8.35429296875,6.0187734375,8.51908203125,2.7333984375,9.97008203125,9.36117578125,7.73493359375,6.5441015625,4.59166015625,7.6106640625,8.1223359375,10.67780859375,5.55602734375,4.4626796875,4.83712109375,3.95480078125
12.769109375,13.5618046875,10.7753359375,9.18577734375,7.03390625,6.75540625,5.69754296875,5.74282421875,3.30195703125,9.1016953125,5.2984296875,4.8844765625,7.0636484375,3.92460546875,7.65829296875,5.4837734375,8.75908203125,3.0893984375,9.32108203125,8.98017578125,7.95893359375,7.7901015625,4.31666015625,7.5556640625,7.9853359375,11.00880859375,5.67402734375,4.2396796875,4.62412109375,3.76280078125
12.329109375,12.8478046875,10.9903359375,8.58377734375,5.36990625,5.05040625,4.16654296875,5.40282421875,2.21595703125,7.0216953125,3.6994296875,4.3344765625,7.6156484375,2.82160546875,6.00629296875,4.3787734375,7.82908203125,2.7993984375,7.69308203125,7.62617578125,7.48193359375,8.7151015625,3.41966015625,6.5676640625,6.9763359375,10.79080859375,4.97602734375,3.7376796875,4.00912109375,3.36280078125
10.629109375,11.2278046875,9.9363359375,7.95377734375,2.73490625,2.55440625,2.05054296875,4.33882421875,0.69495703125,4.1896953125,1.3844296875,3.8704765625,7.7656484375,0.92560546875,3.38729296875,2.6917734375,5.74908203125,1.8403984375,5.23108203125,5.30217578125,6.23593359375,9.2351015625,2.06366015625,4.7046640625,5.1353359375,10.03980859375,3.63902734375,3.1506796875,3.12112109375,2.76880078125
7.992109375,8.9808046875,7.8403359375,7.35977734375,-0.48809375,-0.45259375,-0.37045703125,2.71682421875,-0.92204296875,1.0266953125,-1.3915703125,3.4534765625,7.5666484375,-1.49139453125,0.11529296875,0.6167734375,2.91308203125,0.4433984375,2.34508203125,2.28317578125,4.36493359375,9.3561015625,0.531660156250001,2.3006640625,2.7083359375,8.75480859375,1.98602734375,2.6086796875,2.11512109375,1.97280078125
5.053109375,6.5948046875,5.3083359375,6.87277734375,-3.71009375,-3.49359375,-2.69345703125,0.89882421875,-2.31604296875,-1.9373046875,-4.2105703125,3.0484765625,7.1646484375,-4.00139453125,-3.26270703125,-1.5272265625,0.0210820312500001,-1.0076015625,-0.43591796875,-0.96782421875,2.18693359375,9.1381015625,-0.90333984375,-0.1553359375,0.0693359375,6.96680859375,0.34902734375,2.1496796875,1.12312109375,0.96980078125
2.593109375,4.6898046875,3.1693359375,6.58577734375,-6.28409375,-5.99959375,-4.50545703125,-0.67617578125,-3.25004296875,-4.2203046875,-6.6125703125,2.5854765625,6.6296484375,-6.12939453125,-6.12970703125,-3.4182265625,-2.12291796875,-2.1136015625,-2.64091796875,-3.94082421875,0.11693359375,8.6751015625,-2.05633984375,-2.1793359375,-2.3806640625,4.84880859375,-1.02297265625,1.7746796875,0.25612109375,-0.19619921875
1.329109375,3.8748046875,2.2613359375,6.63577734375,-7.67809375,-7.46759375,-5.50345703125,-1.61417578125,-3.58004296875,-5.5133046875,-8.2425703125,1.9754765625,5.9416484375,-7.48239453125,-8.00870703125,-4.8382265625,-2.90391796875,-2.5866015625,-3.99791796875,-6.21782421875,-1.46606640625,8.0711015625,-2.85733984375,-3.4523359375,-4.3096640625,2.77380859375,-2.01197265625,1.4786796875,-0.40387890625,-1.40919921875
1.678109375,4.5258046875,3.1263359375,7.17077734375,-7.63909375,-7.62059375,-5.57745703125,-1.70117578125,-3.26604296875,-5.7463046875,-8.9525703125,1.1804765625,5.0996484375,-7.87139453125,-8.71370703125,-5.7172265625,-2.15891796875,-2.3416015625,-4.50091796875,-7.58882421875,-2.33706640625,7.4011015625,-3.33733984375,-3.9013359375,-5.5386640625,1.22280859375,-2.63397265625,1.2266796875,-0.823878906249999,-2.52519921875
3.568109375,6.5908046875,5.7573359375,8.23677734375,-6.29209375,-6.53559375,-4.84245703125,-0.984175781249999,-2.39104296875,-5.0943046875,-8.8385703125,0.264476562500001,4.2146484375,-7.36139453125,-8.39870703125,-6.1182265625,-0.26391796875,-1.5256015625,-4.38091796875,-8.09882421875,-2.50806640625,6.7211015625,-3.59333984375,-3.6903359375,-6.0766640625,0.59080859375,-3.00997265625,0.9316796875,-1.03787890625,-3.44019921875
6.412109375,9.5388046875,9.5213359375,9.69277734375,-4.12309375,-4.64559375,-3.61045703125,0.235824218750001,-1.16904296875,-3.9053046875,-8.1855703125,-0.609523437499999,3.4696484375,-6.24139453125,-7.46770703125,-6.1772265625,2.02008203125,-0.4736015625,-3.98191796875,-7.99182421875,-2.21406640625,6.0861015625,-3.74133984375,-3.1283359375,-6.0986640625,0.96780859375,-3.30797265625,0.4786796875,-1.13587890625,-4.13719921875
9.306109375,12.5108046875,13.3633359375,11.20377734375,-1.82109375,-2.59959375,-2.31445703125,1.52282421875,0.11095703125,-2.5983046875,-7.3475703125,-1.2675234375,2.9746484375,-4.91539453125,-6.39570703125,-6.0492265625,3.87708203125,0.3993984375,-3.61191796875,-7.59782421875,-1.81106640625,5.5801015625,-3.88433984375,-2.5293359375,-5.8686640625,2.05180859375,-3.65897265625,-0.1943203125,-1.23087890625,-4.68419921875
11.373109375,14.6598046875,16.2383359375,12.35577734375,-0.0390937499999998,-1.01759375,-1.36845703125,2.47582421875,1.17695703125,-1.5183046875,-6.6165703125,-1.6105234375,2.6826484375,-3.75139453125,-5.53770703125,-5.8552265625,4.76808203125,0.7543984375,-3.41491796875,-7.18682421875,-1.60206640625,5.2911015625,-4.07033984375,-2.0943359375,-5.6346640625,3.24280859375,-4.08397265625,-1.0193203125,-1.39987890625,-5.17019921875
12.111109375,15.5058046875,17.5333359375,12.82577734375,0.83990625,-0.25159375,-1.00245703125,2.88582421875,1.87595703125,-0.8183046875,-6.0985703125,-1.6375234375,2.4916484375,-2.94839453125,-4.98870703125,-5.6312265625,4.59808203125,0.4943984375,-3.31891796875,-6.85682421875,-1.68206640625,5.2851015625,-4.25933984375,-1.8403359375,-5.5116640625,3.91280859375,-4.44997265625,-1.7853203125,-1.62487890625,-5.61619921875
11.549109375,15.1048046875,17.2603359375,12.54577734375,0.81590625,-0.26059375,-1.16145703125,2.79682421875,2.21495703125,-0.4163046875,-5.6905703125,-1.3855234375,2.4316484375,-2.47739453125,-4.57370703125,-5.3102265625,3.65708203125,-0.1736015625,-3.07791796875,-6.50682421875,-1.88806640625,5.5831015625,-4.30733984375,-1.6183359375,-5.4416640625,3.68880859375,-4.50497265625,-2.2053203125,-1.77587890625,-5.92419921875
10.166109375,13.9218046875,15.9183359375,11.75777734375,0.21390625,-0.66559375,-1.54045703125,2.45582421875,2.33395703125,-0.0713046875000002,-5.1605703125,-0.8375234375,2.7246484375,-2.14239453125,-3.98670703125,-4.7552265625,2.38808203125,-0.8246015625,-2.41091796875,-5.91082421875,-1.92006640625,6.1581015625,-4.01933984375,-1.1993359375,-5.2406640625,2.60180859375,-3.99997265625,-2.0543203125,-1.66087890625,-5.92419921875
8.607109375,12.5188046875,14.1603359375,10.92077734375,-0.51009375,-0.96959375,-1.74945703125,2.17582421875,2.41795703125,0.4576953125,-4.2945703125,0.0994765625000005,3.6216484375,-1.71039453125,-2.98370703125,-3.8392265625,1.16308203125,-1.0416015625,-1.17091796875,-4.87582421875,-1.54106640625,6.9191015625,-3.24833984375,-0.4093359375,-4.7266640625,1.03480859375,-2.85097265625,-1.3173203125,-1.13887890625,-5.49119921875
7.373109375,11.2848046875,12.4993359375,10.47977734375,-0.99009375,-0.82459375,-1.51045703125,2.18782421875,2.60795703125,1.2646953125,-3.0325703125,1.5164765625,5.1156484375,-1.04139453125,-1.53470703125,-2.5342265625,0.19508203125,-0.6176015625,0.56608203125,-3.37782421875,-0.73106640625,7.6951015625,-1.99333984375,0.7696640625,-3.8366640625,-0.48219140625,-1.23897265625,-0.2403203125,-0.22987890625,-4.65819921875
6.704109375,10.3738046875,11.2333359375,10.66177734375,-1.05809375,-0.18859375,-0.77145703125,2.55782421875,2.94995703125,2.2456953125,-1.5195703125,3.3614765625,6.8156484375,-0.14239453125,0.16529296875,-0.9462265625,-0.41091796875,0.3593984375,2.52008203125,-1.62282421875,0.31393359375,8.2381015625,-0.43033984375,2.1836640625,-2.6756640625,-1.50619140625,0.43202734375,0.7646796875,0.86612109375,-3.61519921875
6.680109375,9.8628046875,10.6003359375,11.40677734375,-0.72509375,0.71840625,0.30854296875,3.22182421875,3.42595703125,3.1836953125,-0.0335703125,5.3444765625,8.1136484375,0.87160546875,1.80329296875,0.6937734375,-0.54591796875,1.5873984375,4.33708203125,0.0381757812500001,1.29593359375,8.2731015625,1.14766015625,3.5756640625,-1.4686640625,-1.81719140625,1.72402734375,1.3326796875,1.87512109375,-2.60219921875
7.408109375,9.9408046875,10.9203359375,12.44477734375,-0.0670937499999998,1.60840625,1.46054296875,4.05782421875,3.99895703125,3.8926953125,1.1504296875,6.9564765625,8.5666484375,1.85860546875,3.11129296875,2.1067734375,-0.08191796875,2.7083984375,5.74108203125,1.27717578125,1.97293359375,7.6071015625,2.45766015625,4.7236640625,-0.4446640625,-1.44919140625,2.39402734375,1.3586796875,2.62212109375,-1.75719921875
9.031109375,10.9258046875,12.5303359375,13.41077734375,0.83090625,2.29240625,2.42754296875,4.92182421875,4.61995703125,4.3306953125,1.8874296875,7.6254765625,8.1896484375,2.72660546875,3.99629296875,3.0517734375,1.01908203125,3.4573984375,6.64008203125,1.94417578125,2.25693359375,6.2651015625,3.34566015625,5.5546640625,0.2863359375,-0.61119140625,2.52402734375,1.0716796875,3.15012109375,-1.03919921875
11.537109375,13.0548046875,15.4803359375,13.96377734375,1.87690625,2.73840625,3.04254296875,5.64982421875,5.19895703125,4.6136953125,2.2034296875,6.9664765625,7.4546484375,3.45860546875,4.56129296875,3.4147734375,2.56208203125,3.7673984375,7.14908203125,2.13717578125,2.22193359375,4.5831015625,3.85566015625,6.1806640625,0.7823359375,0.42980859375,2.47502734375,0.9186796875,3.70312109375,-0.25719921875
14.586109375,16.2018046875,19.2883359375,13.89077734375,2.93490625,3.01940625,3.26354296875,6.08282421875,5.61795703125,4.9316953125,2.2564296875,5.0114765625,6.9906484375,4.10160546875,5.03929296875,3.2557734375,4.11608203125,3.7833984375,7.53008203125,2.15317578125,2.04293359375,3.1821015625,4.21866015625,6.8396640625,1.2323359375,1.46080859375,2.71402734375,1.3416796875,4.57812109375,0.80280078125
17.544109375,19.7738046875,23.0123359375,13.20677734375,3.85290625,3.24440625,3.17154296875,6.14082421875,5.78695703125,5.4396953125,2.2514296875,2.2844765625,7.1976484375,4.73860546875,5.66829296875,2.8047734375,5.19608203125,3.8013984375,8.08208203125,2.36017578125,1.92893359375,2.7641015625,4.76566015625,7.7876640625,1.8683359375,2.41280859375,3.61302734375,2.5736796875,5.96612109375,2.25980078125
19.745109375,22.8848046875,25.6293359375,12.16877734375,4.52990625,3.51240625,2.94254296875,5.87982421875,5.72895703125,6.1786953125,2.3704296875,-0.3615234375,7.9896484375,5.45260546875,6.59329296875,2.3887734375,5.53208203125,4.1403984375,9.02208203125,3.05017578125,2.07593359375,3.7961015625,5.79266015625,9.1846640625,2.8693359375,3.36580859375,5.32602734375,4.5466796875,7.85412109375,4.09480078125
20.792109375,24.7478046875,26.5173359375,11.17677734375,4.96990625,3.88840625,2.79454296875,5.47482421875,5.59195703125,7.0606953125,2.7224296875,-2.0935234375,8.8116484375,6.29360546875,7.80329296875,2.3097734375,5.21508203125,4.9913984375,10.39008203125,4.31117578125,2.62093359375,6.2431015625,7.42566015625,10.9966640625,4.3053359375,4.46580859375,7.75402734375,6.9346796875,10.02812109375,6.17180078125
20.740109375,25.0608046875,25.7453359375,10.60577734375,5.28890625,4.40140625,2.90554296875,5.13782421875,5.59595703125,7.9086953125,3.3294296875,-2.4535234375,8.9176484375,7.24860546875,9.12629296875,2.7107734375,4.58008203125,6.3203984375,12.00808203125,5.98417578125,3.59093359375,9.5161015625,9.53466015625,12.9746640625,6.0943359375,5.77580859375,10.58502734375,9.2876796875,12.15712109375,8.28280078125
20.066109375,24.1348046875,24.0143359375,10.67877734375,5.66190625,5.05440625,3.34454296875,5.02882421875,5.93595703125,8.5516953125,4.1344296875,-1.5145234375,7.7846484375,8.22560546875,10.28929296875,3.5157734375,3.95408203125,7.8593984375,13.53408203125,7.71117578125,4.84593359375,12.6781015625,11.75866015625,14.7236640625,8.0033359375,7.15680859375,13.38802734375,11.1926796875,13.90812109375,10.19980078125
19.417109375,22.7048046875,22.2863359375,11.42077734375,6.23290625,5.82440625,4.05954296875,5.20982421875,6.69495703125,8.9126953125,5.0344296875,0.2294765625,5.4726484375,9.08660546875,11.02829296875,4.4777734375,3.45108203125,9.2253984375,14.59708203125,9.07717578125,6.10293359375,14.8201015625,13.63566015625,15.8666640625,9.7093359375,8.30380859375,15.74202734375,12.4196796875,15.07512109375,11.73480078125
19.276109375,21.5498046875,21.3203359375,12.68877734375,7.03290625,6.65040625,4.93054296875,5.63182421875,7.78295703125,9.0416953125,5.9374296875,2.1324765625,2.7226484375,9.69760546875,11.22229296875,5.3227734375,2.96708203125,10.0803984375,14.96208203125,9.78517578125,7.03393359375,15.4081015625,14.77766015625,16.2166640625,10.9263359375,8.92180859375,17.35902734375,12.9756796875,15.65712109375,12.81280078125
19.751109375,21.1568046875,21.3653359375,14.23677734375,7.94990625,7.43340625,5.83054296875,6.15282421875,8.94395703125,9.0766953125,6.7834296875,3.6734765625,0.6596484375,9.96160546875,10.94829296875,5.8817734375,2.35008203125,10.2473984375,14.63008203125,9.77017578125,7.39593359375,14.4561015625,14.99866015625,15.8436640625,11.5063359375,8.91680859375,18.14902734375,13.0496796875,15.82712109375,13.49580078125
20.599109375,21.5848046875,22.1633359375,15.79177734375,8.78590625,8.05440625,6.64954296875,6.59482421875,9.81995703125,9.1416953125,7.5434296875,4.5924765625,0.2186484375,9.82360546875,10.42629296875,6.1327734375,1.58708203125,9.7423984375,13.79508203125,9.19117578125,7.11893359375,12.4441015625,14.33066015625,14.9976640625,11.4743359375,8.44480859375,18.20102734375,12.8536796875,15.79712109375,13.90280078125
21.445109375,22.5628046875,23.2063359375,17.11977734375,9.36790625,8.43540625,7.30854296875,6.82382421875,10.09995703125,9.2796953125,8.1814296875,4.8834765625,1.6196484375,9.27560546875,9.90129296875,6.1537734375,0.86708203125,8.7253984375,12.72808203125,8.31717578125,6.32993359375,10.0511015625,12.97566015625,13.9696640625,10.9863359375,7.79180859375,17.70002734375,12.4896796875,15.67012109375,14.10180078125
22.019109375,23.7208046875,24.0553359375,18.07077734375,9.65690625,8.60040625,7.77754296875,6.80582421875,9.68595703125,9.4566953125,8.6694296875,4.6964765625,4.2436484375,8.39560546875,9.55029296875,6.0677734375,0.48908203125,7.4423984375,11.68108203125,7.42417578125,5.31693359375,7.8861015625,11.24266015625,12.9906640625,10.2623359375,7.21080859375,16.85602734375,11.9356796875,15.38412109375,14.06680078125
22.266109375,24.7808046875,24.5343359375,18.59577734375,9.78290625,8.70240625,8.10154296875,6.63582421875,8.77995703125,9.6296953125,9.0134296875,4.2274765625,6.9726484375,7.37360546875,9.46129296875,5.9937734375,0.68808203125,6.1903984375,10.84108203125,6.72217578125,4.43993359375,6.3391015625,9.49866015625,12.2136640625,9.5413359375,6.82480859375,15.86902734375,11.1466796875,14.82612109375,13.73880078125
22.283109375,25.5838046875,24.6793359375,18.74977734375,9.94690625,8.95840625,8.36954296875,6.48382421875,7.81395703125,9.8006953125,9.2584296875,3.6324765625,8.7256484375,6.48260546875,9.64029296875,5.9997734375,1.49408203125,5.2653984375,10.32708203125,6.34017578125,4.00193359375,5.5811015625,8.10166015625,11.7346640625,9.0243359375,6.62580859375,14.91002734375,10.1836796875,13.97112109375,13.12580078125
22.158109375,26.0118046875,24.5623359375,18.66577734375,10.27890625,9.50840625,8.62754296875,6.48582421875,7.24095703125,9.9896953125,9.4364296875,2.9824765625,8.8786484375,5.95460546875,10.00729296875,6.0567734375,2.71008203125,4.8893984375,10.16408203125,6.29417578125,4.10593359375,5.6481015625,7.31066015625,11.5636640625,8.8033359375,6.51480859375,14.09802734375,9.2426796875,12.95112109375,12.32780078125
21.856109375,25.9108046875,24.1413359375,18.48777734375,10.72290625,10.28640625,8.81054296875,6.63782421875,7.29495703125,10.1636953125,9.4944296875,2.2594765625,7.4206484375,5.86260546875,10.39129296875,6.0227734375,3.97208203125,5.1213984375,10.26308203125,6.47417578125,4.57993359375,6.5071015625,7.20966015625,11.6016640625,8.8063359375,6.35980859375,13.47302734375,8.5676796875,11.98412109375,11.48380078125
21.255109375,25.1508046875,23.2903359375,18.30977734375,11.06590625,11.01540625,8.76654296875,6.76382421875,7.87295703125,10.1996953125,9.2984296875,1.4114765625,4.8896484375,6.09660546875,10.57029296875,5.7087734375,4.86508203125,5.8413984375,10.43908203125,6.66317578125,5.05293359375,8.0551015625,7.69866015625,11.6516640625,8.8093359375,6.03580859375,12.98002734375,8.3126796875,11.24212109375,10.68180078125
20.298109375,23.7508046875,21.9743359375,18.16077734375,11.07190625,11.36340625,8.38154296875,6.62582421875,8.61795703125,9.9586953125,8.7354296875,0.446476562500001,2.1576484375,6.43960546875,10.37529296875,5.0087734375,5.03408203125,6.8063984375,10.49408203125,6.64317578125,5.13793359375,10.0701015625,8.54666015625,11.5166640625,8.5543359375,5.49380859375,12.50702734375,8.4436796875,10.75012109375,9.92180078125
19.128109375,21.9798046875,20.4013359375,18.04677734375,10.65090625,11.17140625,7.69854296875,6.09182421875,9.13595703125,9.4006953125,7.8604296875,-0.4705234375,0.1356484375,6.70560546875,9.79429296875,4.0187734375,4.30408203125,7.7543984375,10.32308203125,6.31917578125,4.65393359375,12.1471015625,9.48366015625,11.1266640625,7.9083359375,4.80680859375,11.95702734375,8.7536796875,10.39412109375,9.15380078125
18.075109375,20.3188046875,19.0203359375,17.99677734375,9.92690625,10.57440625,6.97054296875,5.26282421875,9.19695703125,8.6616953125,6.9634296875,-1.0055234375,-0.5333515625,6.81960546875,9.01729296875,3.0647734375,2.78508203125,8.4713984375,9.96208203125,5.80417578125,3.75793359375,13.7071015625,10.26066015625,10.5776640625,6.9723359375,4.19080859375,11.31802734375,8.9456796875,9.99212109375,8.34880078125
17.488109375,19.3088046875,18.3323359375,18.06477734375,9.18190625,9.94040625,6.56654296875,4.44982421875,8.81095703125,8.0176953125,6.4904296875,-0.780523437499999,0.2966484375,6.81960546875,8.35629296875,2.5977734375,0.91808203125,8.7943984375,9.55808203125,5.36317578125,2.90393359375,14.0981015625,10.66066015625,10.0706640625,6.0733359375,3.93680859375,10.66902734375,8.7476796875,9.38712109375,7.53980078125
17.545109375,19.3488046875,18.6453359375,18.28477734375,8.71890625,9.66340625,6.79454296875,4.02582421875,8.16895703125,7.7376953125,6.8194296875,0.417476562500001,2.2316484375,6.79060546875,8.08529296875,2.9807734375,-0.61891796875,8.5843984375,9.26808203125,5.26617578125,2.64293359375,12.8481015625,10.50866015625,9.7676640625,5.5933359375,4.27680859375,10.11402734375,7.9806796875,8.50012109375,6.80080078125
18.206109375,20.5408046875,19.9413359375,18.64777734375,8.72790625,9.95940625,7.73054296875,4.25382421875,7.53495703125,7.9466953125,8.0384296875,2.4774765625,4.5276484375,6.80860546875,8.29929296875,4.2757734375,-1.14391796875,7.7533984375,9.16908203125,5.62417578125,3.32593359375,9.9541015625,9.72266015625,9.6896640625,5.7633359375,5.22180859375,9.69102734375,6.5896796875,7.33812109375,6.17980078125
19.315109375,22.6718046875,21.9433359375,19.09577734375,9.25590625,10.79540625,9.17854296875,5.17182421875,7.17395703125,8.5916953125,9.8714296875,4.9474765625,6.4486484375,6.93460546875,8.87829296875,6.1747734375,-0.24091796875,6.3643984375,9.24808203125,6.32717578125,4.89793359375,6.0251015625,8.40066015625,9.7266640625,6.5243359375,6.52680859375,9.32202734375,4.6516796875,5.97912109375,5.64680078125
20.754109375,25.3308046875,24.3173359375,19.53277734375,10.25090625,11.96940625,10.78554296875,6.59382421875,7.31195703125,9.5206953125,11.8084296875,7.1844765625,7.5956484375,7.24460546875,9.59029296875,8.1237734375,2.04108203125,4.7223984375,9.45308203125,7.11517578125,6.88793359375,2.1071015625,6.84066015625,9.7316640625,7.5513359375,7.78580859375,8.83602734375,2.3786796875,4.55212109375,5.10480078125
22.515109375,28.0908046875,26.8393359375,19.86877734375,11.63890625,13.25940625,12.22954296875,8.20882421875,8.10295703125,10.6066953125,13.3594296875,8.6044765625,7.9996484375,7.82460546875,10.23029296875,9.5817734375,5.16608203125,3.3083984375,9.73508203125,7.72117578125,8.62393359375,-0.760898437499999,5.43466015625,9.6066640625,8.4063359375,8.60180859375,8.05402734375,0.0846796875000002,3.19412109375,4.43380078125
24.610109375,30.6158046875,29.3793359375,20.04877734375,13.33790625,14.52540625,13.34554296875,9.70382421875,9.58495703125,11.7936953125,14.2524296875,8.9034765625,7.9646484375,8.70060546875,10.68829296875,10.2437734375,8.27808203125,2.5653984375,10.03708203125,7.98717578125,9.54593359375,-1.9808984375,4.49466015625,9.3146640625,8.7313359375,8.70880859375,6.89202734375,-1.8813203125,2.00212109375,3.53880078125
26.903109375,32.6528046875,31.7523359375,20.08777734375,15.20790625,15.70440625,14.12854296875,10.84682421875,11.61895703125,13.0546953125,14.4884296875,8.1604765625,7.8186484375,9.77160546875,10.94029296875,10.1387734375,10.50408203125,2.6683984375,10.26108203125,7.90117578125,9.43493359375,-1.5758984375,4.11266015625,8.8576640625,8.3823359375,8.01780859375,5.41502734375,-3.2223203125,1.01412109375,2.39580078125
28.998109375,33.9738046875,33.5933359375,20.04577734375,17.00090625,16.73540625,14.65954296875,11.51582421875,13.88695703125,14.3176953125,14.2694296875,6.7784765625,7.7676484375,10.81060546875,11.00129296875,9.5547734375,11.27908203125,3.4563984375,10.28608203125,7.56717578125,8.45993359375,-0.0578984374999991,4.15766015625,8.2476640625,7.4563359375,6.61180859375,3.83402734375,-3.7823203125,0.226121093750001,1.07580078125
30.304109375,34.3508046875,34.3943359375,20.00077734375,18.37490625,17.49940625,15.02354296875,11.68282421875,15.95695703125,15.4266953125,13.8554296875,5.3054765625,7.8936484375,11.56060546875,10.89129296875,8.8667734375,10.53708203125,4.5473984375,10.02008203125,7.13517578125,7.04393359375,1.8731015625,4.38866015625,7.5096640625,6.2223359375,4.73080859375,2.41302734375,-3.5963203125,-0.384878906249999,-0.26819921875
30.272109375,33.6068046875,33.6993359375,20.00277734375,18.98390625,17.83340625,15.24754296875,11.39882421875,17.42495703125,16.1686953125,13.4384296875,4.2324765625,8.2106484375,11.84260546875,10.60529296875,8.3477734375,8.66808203125,5.5463984375,9.44508203125,6.73417578125,5.63393359375,3.6191015625,4.58166015625,6.6906640625,4.9803359375,2.71280859375,1.33902734375,-2.8823203125,-0.84987890625,-1.46419921875
28.646109375,31.7018046875,31.3413359375,20.05277734375,18.60390625,17.60740625,15.28754296875,10.75982421875,18.03395703125,16.3356953125,13.0624296875,3.8444765625,8.6936484375,11.60860546875,10.11129296875,8.0547734375,6.28708203125,6.1873984375,8.59808203125,6.40817578125,4.50793359375,4.8401015625,4.59466015625,5.8326640625,3.9113359375,0.88780859375,0.61802734375,-1.9853203125,-1.22887890625,-2.41019921875
25.604109375,28.8158046875,27.5823359375,20.08077734375,17.23790625,16.79940625,15.06754296875,9.87682421875,17.73895703125,15.8106953125,12.6534296875,4.1694765625,9.2816484375,10.93360546875,9.35429296875,7.8517734375,3.96408203125,6.3673984375,7.53208203125,6.08617578125,3.70193359375,5.4331015625,4.36066015625,4.9506640625,3.0073359375,-0.53519140625,0.0620273437500003,-1.2953203125,-1.63987890625,-3.14919921875
21.757109375,25.4058046875,23.1223359375,19.96777734375,15.16190625,15.55840625,14.56854296875,8.85782421875,16.68895703125,14.6356953125,12.1194296875,5.0004765625,9.8956484375,9.97360546875,8.30829296875,7.5397734375,2.07108203125,6.1183984375,6.29808203125,5.61517578125,3.08593359375,5.4311015625,3.84766015625,4.0306640625,2.1143359375,-1.53719140625,-0.62097265625,-1.1593203125,-2.24487890625,-3.85719921875
18.043109375,22.1948046875,18.9983359375,19.61377734375,12.91190625,14.21740625,13.90354296875,7.84382421875,15.19595703125,13.0596953125,11.4784296875,5.9974765625,10.4806484375,8.94060546875,7.04729296875,7.0087734375,0.77808203125,5.5853984375,4.98308203125,4.84717578125,2.50393359375,4.9251015625,3.06266015625,3.0686640625,1.0753359375,-2.25219140625,-1.65197265625,-1.7963203125,-3.17387890625,-4.73219921875
15.527109375,20.0478046875,16.3633359375,19.02877734375,11.15690625,13.23040625,13.29254296875,7.03282421875,13.66395703125,11.5016953125,10.8934296875,6.8014765625,10.9956484375,8.07360546875,5.76629296875,6.3077734375,0.16208203125,5.0073984375,3.74808203125,3.73817578125,1.90493359375,4.0681015625,2.09166015625,2.1206640625,-0.1306640625,-2.84619140625,-3.04297265625,-3.2063203125,-4.42387890625,-5.84619921875
15.104109375,19.7178046875,16.1493359375,18.34677734375,10.47790625,13.00540625,12.97154296875,6.64482421875,12.49595703125,10.4276953125,10.5904296875,7.1494765625,11.3416484375,7.59960546875,4.72929296875,5.6007734375,0.27908203125,4.6853984375,2.81508203125,2.41317578125,1.39193359375,3.1251015625,1.13866015625,1.3166640625,-1.3286640625,-3.38019140625,-4.55397265625,-5.1053203125,-5.79087890625,-7.04919921875
17.141109375,21.5378046875,18.7003359375,17.76677734375,11.13290625,13.70440625,13.06554296875,6.82582421875,11.97495703125,10.1756953125,10.7134296875,6.9534765625,11.2936484375,7.67560546875,4.17229296875,5.0727734375,1.14608203125,4.9013984375,2.40708203125,1.14917578125,1.18493359375,2.4601015625,0.50166015625,0.8276640625,-2.1966640625,-3.76219140625,-5.78197265625,-6.9563203125,-6.89487890625,-7.98519921875
21.269109375,25.2188046875,23.5633359375,17.45377734375,12.94490625,15.14040625,13.53354296875,7.56782421875,12.19395703125,10.8216953125,11.2264296875,6.3284765625,10.5726484375,8.34860546875,4.21629296875,4.8407734375,2.65008203125,5.8053984375,2.65708203125,0.28517578125,1.51393359375,2.4041015625,0.49166015625,0.8096640625,-2.3936640625,-3.81019140625,-6.32497265625,-8.1173203125,-7.30187890625,-8.23119921875
26.453109375,29.8718046875,29.5743359375,17.46377734375,15.36190625,16.85240625,14.18154296875,8.70382421875,13.03995703125,12.1456953125,11.9184296875,5.5574765625,9.0396484375,9.53860546875,4.83229296875,4.9227734375,4.50208203125,7.3113984375,3.54508203125,0.09917578125,2.49693359375,3.0701015625,1.29566015625,1.3426640625,-1.7196640625,-3.39419140625,-5.93397265625,-8.0953203125,-6.71487890625,-7.49519921875
31.323109375,34.2938046875,35.2313359375,17.71977734375,17.67290625,18.30040625,14.74554296875,9.96282421875,14.22495703125,13.7326953125,12.5164296875,4.9714765625,6.8966484375,11.03760546875,5.87029296875,5.2507734375,6.27608203125,9.0783984375,4.90008203125,0.69717578125,4.04593359375,4.2641015625,2.87966015625,2.3986640625,-0.2146640625,-2.54419140625,-4.59597265625,-6.7473203125,-5.11287890625,-5.76719921875
34.596109375,37.3418046875,39.1443359375,18.00777734375,19.23990625,19.06140625,14.96954296875,11.01382421875,15.33695703125,15.1166953125,12.8194296875,4.7864765625,4.7116484375,12.54260546875,7.12729296875,5.7097734375,7.53708203125,10.6123984375,6.45608203125,1.96217578125,5.84393359375,5.5871015625,4.97666015625,3.8586640625,1.8293359375,-1.44619140625,-2.53297265625,-4.3363203125,-2.76987890625,-3.34819921875
35.414109375,38.2398046875,40.3923359375,18.03277734375,19.65690625,18.93440625,14.67154296875,11.52782421875,15.90895703125,15.9186953125,12.7664296875,4.9834765625,3.1816484375,13.70960546875,8.39929296875,6.1647734375,7.98308203125,11.4523984375,7.93108203125,3.58217578125,7.42493359375,6.6581015625,7.15866015625,5.5236640625,3.9513359375,-0.35219140625,-0.13397265625,-1.4123203125,-0.149878906249999,-0.74919921875
33.544109375,36.7148046875,38.7033359375,17.51477734375,18.79890625,17.93340625,13.75854296875,11.25082421875,15.54795703125,15.9116953125,12.3994296875,5.3154765625,2.7326484375,14.21960546875,9.48629296875,6.4717734375,7.53708203125,11.3373984375,9.07408203125,5.14317578125,8.31093359375,7.3021015625,8.94666015625,7.1296640625,5.6443359375,0.52680859375,2.13302734375,1.3646796875,2.25212109375,1.48580078125
29.405109375,33.0048046875,34.4833359375,16.32077734375,16.79590625,16.20740625,12.23054296875,10.09682421875,14.09195703125,15.0366953125,11.7854296875,5.4394765625,3.2126484375,13.87260546875,10.18429296875,6.4867734375,6.36408203125,10.2903984375,9.68408203125,6.25517578125,8.18793359375,7.5881015625,9.94966015625,8.3736640625,6.5203359375,1.07980859375,3.84102734375,3.4316796875,4.05312109375,2.95780078125
23.951109375,27.8078046875,28.7073359375,14.54177734375,13.98390625,13.97740625,10.21354296875,8.21882421875,11.73195703125,13.4006953125,10.9554296875,5.1064765625,3.9216484375,12.67860546875,10.32129296875,6.1147734375,4.80708203125,8.6113984375,9.66408203125,6.68717578125,7.06993359375,7.7231015625,10.01666015625,9.0116640625,6.4593359375,1.30680859375,4.75802734375,4.4826796875,5.08812109375,3.55680078125
18.417109375,22.1878046875,22.6983359375,12.50377734375,10.85990625,11.51640625,7.96854296875,6.02382421875,9.00495703125,11.2756953125,9.9374296875,4.3054765625,3.9866484375,10.91260546875,9.84429296875,5.3917734375,3.29208203125,6.7753984375,9.08708203125,6.45417578125,5.34293359375,7.8951015625,9.32066015625,8.9866640625,5.6903359375,1.31280859375,4.96102734375,4.5696796875,5.46212109375,3.49580078125
14.025109375,17.3798046875,17.8203359375,10.67577734375,8.00790625,9.14340625,5.85254296875,4.09082421875,6.62795703125,9.0676953125,8.8094296875,3.2784765625,2.8716484375,9.04260546875,8.88129296875,4.5017734375,2.20208203125,5.2603984375,8.21508203125,5.81817578125,3.65393359375,8.1571015625,8.31766015625,8.5156640625,4.7353359375,1.31080859375,4.83802734375,4.0866796875,5.50512109375,3.23180078125
11.734109375,14.5458046875,15.1953359375,9.52977734375,5.99590625,7.23040625,4.23454296875,2.99282421875,5.23495703125,7.2476953125,7.7314296875,2.4094765625,0.7156484375,7.59160546875,7.76429296875,3.7397734375,1.79608203125,4.4223984375,7.45608203125,5.20317578125,2.65793359375,8.4421015625,7.58466015625,8.0456640625,4.2263359375,1.58280859375,4.94402734375,3.6366796875,5.66712109375,3.28780078125
12.157109375,14.5418046875,15.5403359375,9.37977734375,5.28090625,6.18240625,3.43354296875,3.08882421875,5.16295703125,6.2726953125,6.9504296875,2.0404765625,-1.6963515625,6.98760546875,6.96629296875,3.4237734375,2.17308203125,4.4623984375,7.26008203125,5.07717578125,2.77393359375,8.6811015625,7.62066015625,8.1096640625,4.6813359375,2.40280859375,5.78002734375,3.8226796875,6.35912109375,4.05680078125
15.555109375,17.7568046875,19.1243359375,10.25577734375,6.13390625,6.38840625,3.67954296875,4.38582421875,6.35495703125,6.5016953125,6.7784296875,2.3324765625,-3.2993515625,7.49760546875,6.99429296875,3.8197734375,3.25908203125,5.4703984375,8.00308203125,5.82317578125,4.06993359375,8.9361015625,8.71666015625,9.1446640625,6.3373359375,3.91480859375,7.60502734375,5.0236796875,7.80212109375,5.66380078125
21.766109375,23.9298046875,25.6873359375,11.86977734375,8.54790625,8.09040625,5.07054296875,6.50882421875,8.42495703125,8.1006953125,7.4964296875,3.2094765625,-3.2543515625,9.17860546875,8.21229296875,5.0537734375,4.78808203125,7.4453984375,9.84608203125,7.61917578125,6.27393359375,9.4071015625,10.87766015625,11.3216640625,9.0663359375,6.03780859375,10.34002734375,7.2276796875,9.93812109375,7.92780078125
29.943109375,31.9488046875,34.2293359375,13.66377734375,12.12490625,11.17240625,7.44554296875,8.81582421875,10.78995703125,10.8966953125,9.1904296875,4.3974765625,-1.3553515625,11.81160546875,10.63029296875,7.0117734375,6.31408203125,10.2003984375,12.60808203125,10.31017578125,8.85393359375,10.2591015625,13.78866015625,14.4116640625,12.3663359375,8.40780859375,13.55302734375,9.9736796875,12.40212109375,10.39480078125
38.240109375,39.7778046875,42.7783359375,14.94277734375,15.99190625,14.96440625,10.27254296875,10.58782421875,12.80495703125,14.2606953125,11.5634296875,5.5184765625,1.8476484375,14.82860546875,13.74729296875,9.2707734375,7.31208203125,13.2433984375,15.68608203125,13.33617578125,11.11393359375,11.3771015625,16.81066015625,17.7406640625,15.4213359375,10.42580859375,16.51602734375,12.4446796875,14.58312109375,12.43180078125
43.831109375,44.7128046875,48.4743359375,15.06077734375,18.87290625,18.22640625,12.66154296875,11.24382421875,13.87895703125,17.1356953125,13.8754296875,6.1954765625,5.2286484375,17.34060546875,16.57529296875,11.1377734375,7.36308203125,15.7703984375,18.12908203125,15.77717578125,12.32493359375,12.2411015625,19.05466015625,20.2996640625,17.2723359375,11.39180859375,18.35002734375,13.7156796875,15.76212109375,13.37780078125
43.616109375,44.1378046875,48.2593359375,13.61977734375,19.42890625,19.48840625,13.59854296875,10.52882421875,13.60495703125,18.3206953125,15.1104296875,6.1634765625,7.5186484375,18.36160546875,17.93329296875,11.8367734375,6.32408203125,16.8733984375,18.91808203125,16.62817578125,11.90093359375,12.0851015625,19.62066015625,21.0386640625,17.0883359375,10.73580859375,18.26702734375,13.0876796875,15.33212109375,12.71580078125
35.579109375,36.6048046875,40.1563359375,10.64477734375,16.82290625,17.69440625,12.36454296875,8.60782421875,11.91895703125,16.9676953125,14.4134296875,5.3694765625,7.8106484375,17.20860546875,16.95329296875,10.8317734375,4.40808203125,15.9223984375,17.39008203125,15.22317578125,9.62993359375,10.3091015625,17.95866015625,19.3196640625,14.5013359375,8.25180859375,15.88802734375,10.3856796875,13.04812109375,10.28280078125
20.145109375,22.7978046875,24.5613359375,6.62377734375,11.24290625,12.85140625,8.96454296875,6.03082421875,9.20495703125,13.0696953125,11.5804296875,4.0494765625,5.9626484375,13.88760546875,13.56229296875,8.1577734375,2.12108203125,12.9093984375,13.63108203125,11.65817578125,5.86393359375,6.9081015625,14.20966015625,15.3036640625,9.8673359375,4.25880859375,11.51102734375,6.1036796875,9.20412109375,6.40780078125
0.562109374999999,5.6838046875,4.6373359375,2.37477734375,4.02590625,6.22340625,4.27254296875,3.54282421875,6.23095703125,7.6136953125,7.2974296875,2.6754765625,2.6896484375,9.21160546875,8.64329296875,4.5247734375,0.09808203125,8.5443984375,8.56008203125,6.88117578125,1.52093359375,2.5881015625,9.26266015625,10.0166640625,4.2733359375,-0.43519140625,6.12702734375,1.2636796875,4.61712109375,1.89280078125
-18.230890625,-10.5271953125,-14.7546640625,-1.25922265625,-2.83909375,-0.16059375,-0.29445703125,1.78282421875,3.83395703125,2.1976953125,2.8894296875,1.7444765625,-0.737351562500001,4.48760546875,3.67829296875,1.0577734375,-1.15391796875,3.9713984375,3.56208203125,2.32417578125,-2.21806640625,-1.5378984375,4.41666015625,4.9426640625,-0.8386640625,-4.79119140625,1.05802734375,-2.9753203125,0.34312109375,-2.24319921875
-31.784890625,-22.1911953125,-29.1656640625,-3.75322265625,-7.61309375,-4.47859375,-3.44445703125,1.02182421875,2.51295703125,-1.7193046875,-0.3345703125,1.5024765625,-3.0923515625,0.89160546875,0.02629296875,-1.2472265625,-1.47891796875,0.2553984375,-0.16191796875,-0.78782421875,-4.41706640625,-4.4908984375,0.784660156250001,1.3366640625,-4.2726640625,-7.94219140625,-2.61997265625,-5.7893203125,-2.75087890625,-5.17419921875
-38.071890625,-27.7751953125,-36.4836640625,-5.11722265625,-9.58009375,-5.96159375,-4.63645703125,1.06082421875,2.16995703125,-3.4843046875,-1.7165703125,1.7734765625,-3.7363515625,-1.06539453125,-1.69670703125,-2.0062265625,-1.12691796875,-2.0526015625,-2.13591796875,-2.00082421875,-4.80406640625,-5.8468984375,-1.17933984375,-0.3403359375,-5.5876640625,-9.49919140625,-4.53197265625,-6.9763203125,-4.31687890625,-6.58019921875
-38.012890625,-28.1881953125,-37.4876640625,-5.85722265625,-9.21709375,-5.10759375,-4.23745703125,1.37782421875,2.20895703125,-3.4233046875,-1.4715703125,2.0494765625,-2.8163515625,-1.64739453125,-1.77270703125,-1.5612265625,-0.59391796875,-3.0136015625,-2.68991796875,-1.74582421875,-3.82606640625,-5.7888984375,-1.75433984375,-0.5013359375,-5.1886640625,-9.61819140625,-5.05397265625,-6.9223203125,-4.57487890625,-6.69519921875
-34.435890625,-25.8241953125,-34.8526640625,-6.64022265625,-7.71009375,-3.20759375,-3.16645703125,1.42882421875,1.92495703125,-2.4823046875,-0.4125703125,1.7854765625,-1.0413515625,-1.58539453125,-1.04470703125,-0.6872265625,-0.31091796875,-3.0826015625,-2.61491796875,-0.97982421875,-2.34306640625,-4.8648984375,-1.63633984375,-0.0583359374999999,-4.0076640625,-8.81019140625,-4.96997265625,-6.3133203125,-4.10287890625,-6.09319921875
-30.315890625,-23.0791953125,-31.4356640625,-7.86922265625,-6.22909375,-1.56559375,-2.33345703125,0.95882421875,0.93395703125,-1.6513046875,0.5544296875,0.7214765625,0.7186484375,-1.60139453125,-0.40070703125,-0.1292265625,-0.41591796875,-2.7926015625,-2.67491796875,-0.62482421875,-1.17806640625,-3.6678984375,-1.53233984375,0.1106640625,-3.0046640625,-7.66619140625,-5.00197265625,-5.7913203125,-3.53287890625,-5.36719921875
-27.441890625,-21.3021953125,-28.9576640625,-9.45022265625,-5.41309375,-0.91759375,-2.22445703125,0.0948242187500006,-0.655042968750001,-1.5283046875,0.8484296875,-0.977523437499999,1.7416484375,-2.08739453125,-0.39470703125,-0.2712265625,-0.72091796875,-2.5636015625,-3.27591796875,-1.15082421875,-0.78006640625,-2.6678984375,-1.87333984375,-0.4463359375,-2.7526640625,-6.63119140625,-5.48797265625,-5.7323203125,-3.30587890625,-4.91119921875
-26.151890625,-20.6491953125,-27.7316640625,-10.91422265625,-5.30309375,-1.30859375,-2.82345703125,-0.811175781249999,-2.38304296875,-2.2123046875,0.3534296875,-2.8385234375,1.6086484375,-3.04639453125,-1.13670703125,-1.0642265625,-0.90691796875,-2.6596015625,-4.40791796875,-2.46182421875,-1.14006640625,-2.1828984375,-2.76133984375,-1.6643359375,-3.2956640625,-5.89419140625,-6.32797265625,-6.1863203125,-3.57187890625,-4.82219921875
-25.935890625,-20.6311953125,-27.2436640625,-11.79322265625,-5.62509375,-2.35659375,-3.80345703125,-1.47217578125,-3.78504296875,-3.4573046875,-0.6925703125,-4.3605234375,0.2606484375,-4.23639453125,-2.40470703125,-2.1772265625,-0.77191796875,-3.2046015625,-5.77791796875,-4.07582421875,-1.93006640625,-2.3948984375,-4.03333984375,-3.1163359375,-4.2576640625,-5.41319140625,-7.15897265625,-6.9453203125,-4.21587890625,-4.96819921875
-26.220890625,-20.7841953125,-26.9376640625,-11.95322265625,-6.12609375,-3.62359375,-4.80645703125,-1.85717578125,-4.65604296875,-4.9153046875,-1.9305703125,-5.2575234375,-2.0013515625,-5.36539453125,-3.84470703125,-3.2272265625,-0.36491796875,-4.1816015625,-7.01791796875,-5.43082421875,-2.74506640625,-3.3108984375,-5.38533984375,-4.2923359375,-5.1236640625,-5.02919140625,-7.62297265625,-7.6953203125,-4.97887890625,-5.12619921875
-26.783890625,-21.0131953125,-26.6576640625,-11.65622265625,-6.75309375,-4.84859375,-5.63845703125,-2.17217578125,-5.11304296875,-6.3193046875,-3.0795703125,-5.5485234375,-4.5873515625,-6.24739453125,-5.16070703125,-3.9552265625,0.07208203125,-5.4366015625,-7.86891796875,-6.16182421875,-3.30706640625,-4.7288984375,-6.49533984375,-4.8633359375,-5.5346640625,-4.63419140625,-7.58097265625,-8.1943203125,-5.62387890625,-5.15919921875
-27.705890625,-21.5211953125,-26.6016640625,-11.36722265625,-7.60309375,-5.96959375,-6.30545703125,-2.66417578125,-5.46104296875,-7.5403046875,-4.0155703125,-5.4785234375,-6.8143515625,-6.83939453125,-6.20170703125,-4.2832265625,0.29508203125,-6.7166015625,-8.26991796875,-6.22382421875,-3.54106640625,-6.2748984375,-7.14133984375,-4.8133359375,-5.4296640625,-4.26819140625,-7.17697265625,-8.3913203125,-6.06387890625,-5.10619921875
-29.087890625,-22.5141953125,-27.0246640625,-11.47222265625,-8.76509375,-7.00359375,-6.90245703125,-3.42217578125,-5.97504296875,-8.5463046875,-4.7275703125,-5.3405234375,-8.1573515625,-7.18639453125,-6.93770703125,-4.2562265625,0.22108203125,-7.7406015625,-8.33391796875,-5.82482421875,-3.50706640625,-7.5448984375,-7.27033984375,-4.3963359375,-5.0026640625,-4.09919140625,-6.73097265625,-8.4193203125,-6.36887890625,-5.14419921875
-30.822890625,-23.9641953125,-27.9636640625,-12.08222265625,-10.16409375,-7.92659375,-7.47945703125,-4.28717578125,-6.71804296875,-9.3183046875,-5.2225703125,-5.3075234375,-8.4483515625,-7.32939453125,-7.38370703125,-3.9522265625,-0.03391796875,-8.2776015625,-8.23791796875,-5.24382421875,-3.28906640625,-8.2518984375,-6.99233984375,-3.9513359375,-4.5346640625,-4.27819140625,-6.54197265625,-8.4633203125,-6.67587890625,-5.44719921875
-32.571890625,-25.5901953125,-29.1956640625,-13.00922265625,-11.54309375,-8.62259375,-7.97145703125,-4.93617578125,-7.51704296875,-9.8033046875,-5.4725703125,-5.3495234375,-7.9153515625,-7.25839453125,-7.54370703125,-3.4372265625,-0.25391796875,-8.2126015625,-8.11191796875,-4.66182421875,-2.91506640625,-8.3078984375,-6.50533984375,-3.7273359375,-4.2266640625,-4.80419140625,-6.72797265625,-8.6313203125,-7.07187890625,-6.05519921875
-33.926890625,-27.0211953125,-30.3886640625,-13.92222265625,-12.57709375,-8.95659375,-8.24645703125,-5.07117578125,-8.08004296875,-9.9353046875,-5.4435703125,-5.2845234375,-7.0253515625,-6.95239453125,-7.42570703125,-2.7732265625,-0.25791796875,-7.5866015625,-8.01291796875,-4.11382421875,-2.37406640625,-7.8118984375,-6.01433984375,-3.7963359375,-4.1376640625,-5.49619140625,-7.20997265625,-8.9013203125,-7.55087890625,-6.84319921875
-34.645890625,-27.9881953125,-31.3026640625,-14.56122265625,-13.06609375,-8.89259375,-8.21645703125,-4.61117578125,-8.21504296875,-9.7253046875,-5.1735703125,-4.9475234375,-6.2093515625,-6.46539453125,-7.10270703125,-2.0612265625,0.03008203125,-6.6076015625,-7.96191796875,-3.58282421875,-1.68506640625,-6.9698984375,-5.68933984375,-4.1113359375,-4.2376640625,-6.09719140625,-7.81797265625,-9.1893203125,-8.05087890625,-7.60019921875
-34.778890625,-28.4341953125,-31.9086640625,-14.88722265625,-13.07509375,-8.58259375,-7.95045703125,-3.77517578125,-7.99204296875,-9.3373046875,-4.8375703125,-4.3655234375,-5.6533515625,-5.99439453125,-6.77370703125,-1.4852265625,0.57408203125,-5.6106015625,-8.02891796875,-3.13882421875,-0.97406640625,-6.0238984375,-5.66333984375,-4.6143359375,-4.5076640625,-6.44019140625,-8.44897265625,-9.4373203125,-8.51887890625,-8.15719921875
-34.634890625,-28.5171953125,-32.3646640625,-15.06422265625,-12.93809375,-8.35159375,-7.69745703125,-2.99717578125,-7.74604296875,-9.0983046875,-4.7365703125,-3.8135234375,-5.2723515625,-5.85739453125,-6.74970703125,-1.3022265625,1.21908203125,-4.9606015625,-8.36891796875,-3.01282421875,-0.49106640625,-5.2008984375,-6.04133984375,-5.3333359375,-5.0186640625,-6.54319140625,-9.14897265625,-9.6603203125,-8.95087890625,-8.48519921875
-34.647890625,-28.5691953125,-32.9516640625,-15.33322265625,-13.10809375,-8.57959375,-7.81145703125,-2.72317578125,-7.89304296875,-9.3993046875,-5.1955703125,-3.6755234375,-4.8803515625,-6.36639453125,-7.35970703125,-1.7792265625,1.68608203125,-4.9376015625,-9.18491796875,-3.52782421875,-0.55806640625,-4.7008984375,-6.88133984375,-6.3803359375,-5.9216640625,-6.59319140625,-10.08497265625,-9.9243203125,-9.37687890625,-8.68519921875
-35.223890625,-29.0231953125,-33.9816640625,-15.88022265625,-13.94509375,-9.54159375,-8.57545703125,-3.21417578125,-8.70104296875,-10.5213046875,-6.4105703125,-4.2145234375,-4.4463515625,-7.67439453125,-8.78270703125,-3.0572265625,1.64308203125,-5.6546015625,-10.61691796875,-4.92782421875,-1.42206640625,-4.6788984375,-8.17633984375,-7.8763359375,-7.3536640625,-6.78719140625,-11.43497265625,-10.2763203125,-9.81487890625,-8.87919921875
-36.607890625,-30.2471953125,-35.6976640625,-16.76822265625,-15.53809375,-11.26659375,-10.03245703125,-4.44617578125,-10.13504296875,-12.4773046875,-8.3015703125,-5.3975234375,-4.2583515625,-9.66239453125,-10.91170703125,-5.0322265625,0.88708203125,-7.0366015625,-12.61791796875,-7.17982421875,-3.08406640625,-5.2168984375,-9.82233984375,-9.8143359375,-9.2746640625,-7.14919140625,-13.22397265625,-10.6793203125,-10.22687890625,-9.07219921875
-38.765890625,-32.3551953125,-38.1266640625,-17.92822265625,-17.64109375,-13.47759375,-11.91345703125,-6.12417578125,-11.86004296875,-14.9273046875,-10.4745703125,-6.8765234375,-4.8463515625,-11.93639453125,-13.32370703125,-7.3072265625,-0.47391796875,-8.8426015625,-14.88391796875,-9.87982421875,-5.19706640625,-6.2718984375,-11.60033984375,-11.9653359375,-11.3736640625,-7.46319140625,-15.21797265625,-10.9873203125,-10.48687890625,-9.09719921875
-41.322890625,-35.0731953125,-40.9676640625,-19.16322265625,-19.74309375,-15.63959375,-13.72345703125,-7.78717578125,-13.35704296875,-17.2523046875,-12.3155703125,-8.1335234375,-6.6643515625,-13.93439453125,-15.38470703125,-9.2932265625,-1.98391796875,-10.7146015625,-16.89591796875,-12.32282421875,-7.14406640625,-7.6328984375,-13.16033984375,-13.8653359375,-13.0966640625,-7.38019140625,-16.90197265625,-10.9773203125,-10.38687890625,-8.67519921875
-43.628890625,-37.7751953125,-43.6096640625,-20.18722265625,-21.25109375,-17.12659375,-14.92345703125,-8.97417578125,-14.12704296875,-18.7473046875,-13.2035703125,-8.7315234375,-9.6753515625,-15.10039453125,-16.46470703125,-10.4002265625,-3.01691796875,-12.2226015625,-18.05591796875,-13.72082421875,-8.27306640625,-8.9468984375,-14.05233984375,-14.9213359375,-13.8336640625,-6.64219140625,-17.58997265625,-10.4113203125,-9.68987890625,-7.56019921875
-44.986890625,-39.7041953125,-45.3256640625,-20.71422265625,-21.70509375,-17.46859375,-15.14245703125,-9.38717578125,-13.89104296875,-18.8903046875,-12.7515703125,-8.5245234375,-13.1363515625,-15.05839453125,-16.16470703125,-10.2562265625,-3.10191796875,-12.9416015625,-17.88491796875,-13.50482421875,-8.17506640625,-9.7928984375,-13.82933984375,-14.6163359375,-13.1626640625,-5.27219140625,-16.66397265625,-9.1283203125,-8.22287890625,-5.68419921875
-44.953890625,-40.3031953125,-45.5936640625,-20.56522265625,-20.96909375,-16.54659375,-14.32445703125,-8.99517578125,-12.71704296875,-17.5683046875,-10.9835703125,-7.7305234375,-15.7873515625,-13.75539453125,-14.47970703125,-8.8522265625,-2.18891796875,-12.5696015625,-16.22391796875,-11.56582421875,-6.85506640625,-9.8228984375,-12.23633984375,-12.7443359375,-11.0596640625,-3.61219140625,-13.86897265625,-7.1403203125,-5.99687890625,-3.24819921875
-43.570890625,-39.4961953125,-44.3736640625,-19.75222265625,-19.29809375,-14.67259375,-12.75945703125,-8.02817578125,-11.01204296875,-15.1613046875,-8.3565703125,-6.7945234375,-16.4403515625,-11.51039453125,-11.82770703125,-6.5552265625,-0.71991796875,-11.0816015625,-13.35491796875,-8.33482421875,-4.73306640625,-8.9038984375,-9.39233984375,-9.5773359375,-7.9556640625,-2.18919140625,-9.52397265625,-4.7123203125,-3.29687890625,-0.70419921875
-41.405890625,-37.7751953125,-42.1996640625,-18.50922265625,-17.26509375,-12.49159375,-10.98745703125,-6.88417578125,-9.38304296875,-12.4413046875,-5.6025703125,-6.1145234375,-14.6533515625,-8.94239453125,-8.92570703125,-3.9772265625,0.55408203125,-8.8136015625,-9.96391796875,-4.65182421875,-2.47706640625,-7.2358984375,-5.85933984375,-5.8483359375,-4.6036640625,-1.48719140625,-4.52297265625,-2.3583203125,-0.668878906249999,1.36580078125
-39.350890625,-36.0051953125,-39.9836640625,-17.24722265625,-15.55709375,-10.76259375,-9.59945703125,-5.99317578125,-8.40504296875,-10.2943046875,-3.4615703125,-5.8315234375,-11.0903515625,-6.77339453125,-6.55570703125,-1.7552265625,0.94708203125,-6.4226015625,-6.93791796875,-1.47482421875,-0.75706640625,-5.3498984375,-2.50833984375,-2.5243359375,-1.8096640625,-1.72019140625,-0.0649726562499997,-0.7013203125,1.23112109375,2.45480078125
-38.228890625,-35.0151953125,-38.6016640625,-16.41822265625,-14.69809375,-10.06759375,-9.01845703125,-5.65717578125,-8.39504296875,-9.3913046875,-2.4285703125,-5.8015234375,-7.3083515625,-5.58039453125,-5.29370703125,-0.3442265625,0.19108203125,-4.6706015625,-5.05491796875,0.44817578125,-0.0100664062500002,-3.9418984375,-0.226339843749999,-0.4583359375,-0.1486640625,-2.73719140625,2.77402734375,-0.2433203125,1.88312109375,2.31480078125
-38.366890625,-35.1761953125,-38.4366640625,-16.31422265625,-14.82409375,-10.57359375,-9.35145703125,-5.93617578125,-9.26504296875,-9.9243046875,-2.5975703125,-5.7665234375,-5.0343515625,-5.57939453125,-5.32670703125,0.0877734375000001,-1.40491796875,-4.1186015625,-4.69691796875,0.82817578125,-0.31806640625,-3.5758984375,0.42566015625,-0.0793359374999998,0.1963359375,-4.10219140625,3.43602734375,-1.1473203125,1.12412109375,1.04280078125
-39.373890625,-36.1871953125,-39.1256640625,-16.91122265625,-15.61109375,-11.95359375,-10.37145703125,-6.61017578125,-10.53504296875,-11.5183046875,-3.6675703125,-5.5575234375,-5.2963515625,-6.53739453125,-6.40470703125,-0.3482265625,-3.11091796875,-4.8616015625,-5.71491796875,-0.11382421875,-1.41406640625,-4.3928984375,-0.55633984375,-1.2533359375,-0.5666640625,-5.29819140625,2.06602734375,-3.1493203125,-0.77487890625,-0.98219921875
-40.282890625,-37.1871953125,-39.6956640625,-17.86922265625,-16.40309375,-13.51359375,-11.59345703125,-7.27817578125,-11.51804296875,-13.3683046875,-5.0645703125,-5.2095234375,-7.8963515625,-7.85639453125,-7.93270703125,-1.3582265625,-4.13891796875,-6.4436015625,-7.48391796875,-1.78782421875,-2.81906640625,-6.0038984375,-2.62333984375,-3.3683359375,-1.9686640625,-5.92719140625,-0.59097265625,-5.6643203125,-3.22787890625,-3.23419921875
-40.002890625,-37.1581953125,-39.0206640625,-18.68922265625,-16.49309375,-14.48759375,-12.46545703125,-7.54817578125,-11.61904296875,-14.5473046875,-6.1525703125,-4.9245234375,-11.4993515625,-8.80939453125,-9.19170703125,-2.5862265625,-4.03891796875,-8.0346015625,-9.14791796875,-3.49482421875,-4.03606640625,-7.6398984375,-4.90133984375,-5.6003359375,-3.4676640625,-5.83419140625,-3.51697265625,-8.0193203125,-5.57287890625,-5.20319921875
-37.834890625,-35.4111953125,-36.3686640625,-18.94622265625,-15.45209375,-14.36759375,-12.59545703125,-7.21817578125,-10.61904296875,-14.4073046875,-6.4695703125,-4.9475234375,-14.3023515625,-8.86139453125,-9.61670703125,-3.7272265625,-2.90291796875,-8.7976015625,-9.97391796875,-4.69882421875,-4.73106640625,-8.5068984375,-6.55133984375,-7.2363359375,-4.6336640625,-5.12219140625,-5.81697265625,-9.6923203125,-7.30487890625,-6.51819921875
-33.803890625,-31.9371953125,-31.7856640625,-18.48122265625,-13.33709375,-13.12559375,-11.93345703125,-6.37117578125,-8.79604296875,-12.8593046875,-5.9165703125,-5.4335234375,-14.9493515625,-7.92839453125,-9.02970703125,-4.6062265625,-1.30991796875,-8.2796015625,-9.65091796875,-5.20182421875,-4.83806640625,-8.1448984375,-7.08333984375,-7.9253359375,-5.2486640625,-4.07219140625,-7.00597265625,-10.4303203125,-8.18987890625,-7.01719921875
-28.655890625,-27.4191953125,-26.0896640625,-17.47822265625,-10.66809375,-11.20659375,-10.77945703125,-5.34417578125,-6.81104296875,-10.4073046875,-4.7835703125,-6.3415234375,-13.1803515625,-6.39939453125,-7.69770703125,-5.1692265625,-0.02491796875,-6.6166015625,-8.38591796875,-5.13482421875,-4.51506640625,-6.6368984375,-6.50033984375,-7.7293359375,-5.3086640625,-3.01119140625,-7.07997265625,-10.2273203125,-8.23687890625,-6.73619921875
-23.523890625,-22.9171953125,-20.5086640625,-16.39022265625,-8.17009375,-9.28659375,-9.59045703125,-4.56117578125,-5.38604296875,-7.8683046875,-3.5625703125,-7.4015234375,-9.9033515625,-4.91139453125,-6.15270703125,-5.4112265625,0.37308203125,-4.4266015625,-6.73291796875,-4.78582421875,-3.99106640625,-4.5648984375,-5.20533984375,-6.9773359375,-4.9116640625,-2.15119140625,-6.37197265625,-9.2223203125,-7.59587890625,-5.83719921875
-19.440890625,-19.3901953125,-16.1326640625,-15.70322265625,-6.40109375,-7.91159375,-8.70045703125,-4.29017578125,-4.94404296875,-5.9423046875,-2.6605703125,-8.1715234375,-6.6773515625,-3.98339453125,-4.86970703125,-5.2762265625,-0.23091796875,-2.4856015625,-5.27691796875,-4.36882421875,-3.37806640625,-2.7388984375,-3.77533984375,-6.0183359375,-4.1416640625,-1.51119140625,-5.32397265625,-7.6293203125,-6.45687890625,-4.50919921875
-16.937890625,-17.3161953125,-13.4796640625,-15.67322265625,-5.50009375,-7.21859375,-8.13245703125,-4.47317578125,-5.40704296875,-4.8743046875,-2.1565703125,-8.1885234375,-4.9163515625,-3.75039453125,-4.01670703125,-4.6372265625,-1.44291796875,-1.3516015625,-4.32891796875,-3.86282421875,-2.59006640625,-1.8398984375,-2.70033984375,-5.0343359375,-3.0036640625,-0.93919140625,-4.27097265625,-5.7313203125,-5.01087890625,-2.92719921875
-15.924890625,-16.5931953125,-12.3916640625,-16.18922265625,-5.16909375,-6.91559375,-7.61745703125,-4.75117578125,-6.26704296875,-4.3943046875,-1.7825703125,-7.1735234375,-5.2353515625,-3.93239453125,-3.40170703125,-3.3642265625,-2.55391796875,-1.1496015625,-3.82691796875,-3.04582421875,-1.43006640625,-2.1358984375,-2.20833984375,-4.0093359375,-1.4626640625,-0.25119140625,-3.37097265625,-3.8843203125,-3.47687890625,-1.25819921875
-15.890890625,-16.7171953125,-12.2576640625,-16.84122265625,-4.88709375,-6.49759375,-6.78945703125,-4.68417578125,-6.87904296875,-3.9513046875,-1.1085703125,-5.1715234375,-7.2173515625,-4.03239453125,-2.63970703125,-1.4432265625,-2.88491796875,-1.5956015625,-3.43991796875,-1.68082421875,0.20693359375,-3.4248984375,-2.26233984375,-2.8503359375,0.4463359375,0.62380859375,-2.64997265625,-2.4933203125,-2.13087890625,0.29980078125
-16.256890625,-17.1171953125,-12.4276640625,-17.13922265625,-4.22709375,-5.57959375,-5.42445703125,-4.00717578125,-6.79004296875,-3.0713046875,0.1524296875,-2.5565234375,-9.7103515625,-3.65739453125,-1.42670703125,0.922773437500001,-2.10491796875,-2.2326015625,-2.82891796875,0.25417578125,2.15893359375,-5.2098984375,-2.66733984375,-1.5603359375,2.5193359375,1.55980859375,-2.12897265625,-1.9203203125,-1.29887890625,1.49780078125
-16.714890625,-17.4871953125,-12.5856640625,-16.75222265625,-3.09509375,-4.13659375,-3.61745703125,-2.79117578125,-5.94704296875,-1.6473046875,1.9134296875,0.0964765625000004,-11.4673515625,-2.75039453125,0.23029296875,3.3077734375,-0.39591796875,-2.7106015625,-1.88791796875,2.45517578125,3.98093359375,-6.9908984375,-3.23233984375,-0.3333359375,4.3803359375,2.25080859375,-1.89097265625,-2.3603203125,-1.27387890625,2.07680078125
-17.356890625,-17.9191953125,-12.8946640625,-15.66222265625,-1.79609375,-2.55159375,-1.78145703125,-1.41317578125,-4.68604296875,-0.0113046875000002,3.6954296875,2.2104765625,-11.8143515625,-1.63039453125,1.97929296875,5.1907734375,1.64108203125,-2.9566015625,-0.82091796875,4.39217578125,5.12593359375,-8.4678984375,-3.83433984375,0.5086640625,5.5943359375,2.34280859375,-2.04097265625,-3.7253203125,-2.16987890625,1.87980078125
-18.553890625,-18.7741953125,-13.8296640625,-14.19022265625,-0.87809375,-1.43359375,-0.47345703125,-0.392175781249999,-3.52504296875,1.2416953125,4.8374296875,3.3814765625,-10.9523515625,-0.79539453125,3.28729296875,6.1417734375,3.26708203125,-3.1226015625,-0.00891796874999956,5.55717578125,5.22593359375,-9.5688984375,-4.39233984375,0.7006640625,5.8733359375,1.61780859375,-2.57397265625,-5.6183203125,-3.79787890625,0.96380078125
-20.636890625,-20.3751953125,-15.8096640625,-12.86022265625,-0.84109375,-1.31159375,-0.12745703125,-0.15917578125,-2.90104296875,1.5796953125,4.8284296875,3.4674765625,-9.7443515625,-0.63739453125,3.72429296875,5.9917734375,3.92408203125,-3.3866015625,0.23208203125,5.72517578125,4.28293359375,-10.2998984375,-4.79433984375,0.2186640625,5.2333359375,0.14780859375,-3.27397265625,-7.4373203125,-5.64987890625,-0.36019921875
-23.588890625,-22.7371953125,-18.8626640625,-12.15822265625,-1.88209375,-2.37259375,-0.86345703125,-0.858175781249999,-2.96404296875,0.7956953125,3.5574296875,2.5804765625,-9.1353515625,-1.23139453125,3.16729296875,4.8817734375,3.41008203125,-3.7646015625,-0.17591796875,5.05617578125,2.66893359375,-10.6158984375,-4.88433984375,-0.6873359375,3.9953359375,-1.70519140625,-3.73797265625,-8.5953203125,-7.06887890625,-1.62219921875
-26.971890625,-25.5271953125,-22.5516640625,-12.30922265625,-3.80109375,-4.38559375,-2.45245703125,-2.29317578125,-3.56504296875,-0.9083046875,1.3534296875,1.0094765625,-9.5683515625,-2.33939453125,1.83229296875,3.1747734375,1.89008203125,-4.0786015625,-1.05491796875,3.97317578125,0.92393359375,-10.4168984375,-4.52433984375,-1.6173359375,2.6333359375,-3.43819140625,-3.55697265625,-8.7563203125,-7.51687890625,-2.39519921875
-30.135890625,-28.2501953125,-26.1976640625,-13.24022265625,-6.11809375,-6.83759375,-4.44745703125,-4.04117578125,-4.41604296875,-3.0493046875,-1.1815703125,-0.8905234375,-10.7453515625,-3.56839453125,0.14029296875,1.3037734375,-0.22091796875,-4.1006015625,-2.09991796875,2.92317578125,-0.49706640625,-9.6908984375,-3.69933984375,-2.2283359375,1.5663359375,-4.62619140625,-2.52997265625,-7.9433203125,-6.81087890625,-2.46519921875
-32.577890625,-30.5311953125,-29.2486640625,-14.69822265625,-8.31109375,-9.18959375,-6.38445703125,-5.67417578125,-5.30804296875,-5.1053046875,-3.4495703125,-2.8025234375,-11.8383515625,-4.59339453125,-1.48070703125,-0.3802265625,-2.41191796875,-3.7456015625,-3.04691796875,2.16017578125,-1.38906640625,-8.6318984375,-2.59133984375,-2.4003359375,0.9963359375,-5.08019140625,-0.82197265625,-6.4793203125,-5.18987890625,-1.90719921875
-34.191890625,-32.3151953125,-31.5486640625,-16.43022265625,-10.04709375,-11.10059375,-7.97945703125,-6.95817578125,-6.25004296875,-6.7403046875,-5.1065703125,-4.5225234375,-12.0413515625,-5.31939453125,-2.77970703125,-1.7202265625,-4.24291796875,-3.2026015625,-3.81591796875,1.66217578125,-1.82506640625,-7.6118984375,-1.55533984375,-2.2883359375,0.8453359375,-4.90319140625,1.05502734375,-4.8113203125,-3.21687890625,-1.03219921875
-35.233890625,-33.8231953125,-33.3196640625,-18.26122265625,-11.28409375,-12.50859375,-9.21645703125,-7.91117578125,-7.41704296875,-7.9043046875,-6.1705703125,-5.9625234375,-11.1223515625,-5.90739453125,-3.76570703125,-2.7752265625,-5.47691796875,-2.8866015625,-4.54091796875,1.19017578125,-2.06206640625,-6.9958984375,-1.01433984375,-2.2393359375,0.8083359375,-4.43419140625,2.41802734375,-3.3453203125,-1.54687890625,-0.25519921875
-36.001890625,-35.2621953125,-34.8506640625,-20.03722265625,-12.17809375,-13.55359375,-10.26845703125,-8.70017578125,-8.96204296875,-8.7833046875,-6.9345703125,-7.1075234375,-9.6063515625,-6.64139453125,-4.66070703125,-3.7532265625,-6.14391796875,-3.2226015625,-5.47991796875,0.42817578125,-2.41006640625,-6.9428984375,-1.28933984375,-2.6313359375,0.4893359375,-4.11619140625,2.69302734375,-2.3343203125,-0.688878906249999,0.07380078125
-36.469890625,-36.4991953125,-36.1206640625,-21.51222265625,-12.89909375,-14.41859375,-11.30845703125,-9.45417578125,-10.81604296875,-9.6303046875,-7.7665703125,-7.9575234375,-8.4373515625,-7.71939453125,-5.75670703125,-4.8712265625,-6.48691796875,-4.3786015625,-6.84891796875,-0.86482421875,-3.11806640625,-7.3418984375,-2.45533984375,-3.6993359375,-0.4166640625,-4.32519140625,1.65202734375,-1.8573203125,-0.836878906249999,-0.19019921875
-36.192890625,-36.9961953125,-36.6686640625,-22.32222265625,-13.48309375,-15.21359375,-12.36845703125,-10.12917578125,-12.63904296875,-10.6193046875,-8.9145703125,-8.5165234375,-8.3593515625,-9.11239453125,-7.24770703125,-6.2332265625,-6.82191796875,-6.1536015625,-8.69991796875,-2.75982421875,-4.31406640625,-7.9238984375,-4.33433984375,-5.4433359375,-2.0016640625,-5.23219140625,-0.50497265625,-1.8613203125,-1.85087890625,-0.96319921875
-34.615890625,-36.1501953125,-35.8896640625,-22.13122265625,-13.86409375,-15.97059375,-13.33545703125,-10.51717578125,-13.98904296875,-11.7953046875,-10.4235703125,-8.8445234375,-9.4383515625,-10.58939453125,-9.15370703125,-7.7882265625,-7.34591796875,-8.0766015625,-10.88991796875,-5.13682421875,-5.98306640625,-8.4328984375,-6.58833984375,-7.6433359375,-4.1186640625,-6.74819140625,-3.24997265625,-2.2373203125,-3.37687890625,-2.01519921875
-31.640890625,-33.8531953125,-33.5916640625,-20.90122265625,-14.01309375,-16.72559375,-14.09145703125,-10.42317578125,-14.59904296875,-13.1153046875,-12.1745703125,-9.1025234375,-11.0543515625,-11.87439453125,-11.30670703125,-9.3582265625,-8.00791796875,-9.6436015625,-13.12191796875,-7.70082421875,-7.95406640625,-8.7468984375,-8.84833984375,-9.9373359375,-6.4376640625,-8.54819140625,-5.91997265625,-2.8583203125,-4.98887890625,-3.09519921875
-28.071890625,-30.8861953125,-30.4606640625,-19.13022265625,-14.08109375,-17.57759375,-14.63745703125,-9.87417578125,-14.58604296875,-14.4943046875,-13.9505703125,-9.5275234375,-12.3403515625,-12.78039453125,-13.38670703125,-10.6962265625,-8.51491796875,-10.5246015625,-15.01291796875,-10.02882421875,-9.88906640625,-8.8598984375,-10.76333984375,-11.8913359375,-8.5156640625,-10.16519140625,-7.90297265625,-3.5643203125,-6.29587890625,-4.00319921875
-25.572890625,-28.8371953125,-28.0576640625,-17.85122265625,-14.41709375,-18.68659375,-15.14245703125,-9.22517578125,-14.45504296875,-15.8363046875,-15.5145703125,-10.3055234375,-12.7523515625,-13.27539453125,-14.99570703125,-11.5532265625,-8.51891796875,-10.6616015625,-16.17291796875,-11.64782421875,-11.33606640625,-8.8118984375,-12.00933984375,-13.0783359375,-9.8916640625,-11.12319140625,-8.74897265625,-4.1173203125,-6.98187890625,-4.57219921875
-26.029890625,-29.4781953125,-28.2466640625,-18.29722265625,-15.42109375,-20.17159375,-15.86745703125,-9.05717578125,-14.86804296875,-17.0293046875,-16.6645703125,-11.4325234375,-12.4113515625,-13.45639453125,-15.78970703125,-11.7562265625,-7.86891796875,-10.2516015625,-16.32991796875,-12.17982421875,-11.88406640625,-8.6348984375,-12.33033984375,-13.1903359375,-10.2166640625,-11.09319140625,-8.25797265625,-4.2383203125,-6.85187890625,-4.65619921875
-30.499890625,-33.7841953125,-32.1786640625,-21.28722265625,-17.28509375,-21.96859375,-16.98445703125,-9.89117578125,-16.27504296875,-17.9433046875,-17.2695703125,-12.6555234375,-11.9723515625,-13.46339453125,-15.61470703125,-11.2752265625,-6.78591796875,-9.6526015625,-15.44991796875,-11.50882421875,-11.36906640625,-8.3768984375,-11.63733984375,-12.1753359375,-9.4106640625,-10.03419140625,-6.54597265625,-3.7333203125,-5.90087890625,-4.17719921875
-38.235890625,-41.0371953125,-39.3116640625,-26.57922265625,-19.72809375,-23.71259375,-18.37145703125,-11.83817578125,-18.58604296875,-18.4223046875,-17.2555703125,-13.5625234375,-12.1073515625,-13.39039453125,-14.58470703125,-10.2462265625,-5.78991796875,-9.2196015625,-13.81291796875,-9.89482421875,-9.99106640625,-8.1368984375,-10.11633984375,-10.3293359375,-7.7576640625,-8.26719140625,-4.07697265625,-2.6543203125,-4.38787890625,-3.22719921875
-46.383890625,-48.5751953125,-47.0386640625,-32.56422265625,-21.90709375,-24.74459375,-19.51345703125,-14.37417578125,-21.05304296875,-18.3023046875,-16.5975703125,-13.7915234375,-12.9513515625,-13.22439453125,-13.06870703125,-8.9392265625,-5.40991796875,-9.1266015625,-11.95891796875,-7.94182421875,-8.27206640625,-8.0698984375,-8.24333984375,-8.2803359375,-5.8806640625,-6.41119140625,-1.60897265625,-1.3883203125,-2.83587890625,-2.14419921875
-50.787890625,-52.5881953125,-51.4256640625,-36.62722265625,-22.64309375,-24.31159375,-19.65045703125,-16.42417578125,-22.49704296875,-17.4653046875,-15.3275703125,-13.2235234375,-13.9253515625,-12.86839453125,-11.58470703125,-7.6972265625,-5.86591796875,-9.2906015625,-10.53991796875,-6.40982421875,-6.86806640625,-8.3438984375,-6.66933984375,-6.8203359375,-4.5536640625,-5.19519140625,-0.0189726562499997,-0.5683203125,-1.90387890625,-1.47019921875
-47.846890625,-49.8531953125,-48.9926640625,-36.23722265625,-20.96609375,-21.93459375,-18.15045703125,-16.81817578125,-21.84604296875,-15.9373046875,-13.5835703125,-12.0415234375,-14.0923515625,-12.23839453125,-10.62370703125,-6.8392265625,-6.92891796875,-9.4506015625,-10.08391796875,-5.92582421875,-6.30206640625,-9.0878984375,-5.98733984375,-6.6293359375,-4.4086640625,-5.18619140625,-0.00497265624999965,-0.8253203125,-2.14387890625,-1.75219921875
-36.568890625,-39.5761953125,-38.7196640625,-30.29522265625,-16.71709375,-17.75259375,-14.90845703125,-14.92217578125,-18.72604296875,-13.9523046875,-11.6115703125,-10.6175234375,-12.8243515625,-11.35639453125,-10.46470703125,-6.5322265625,-8.04391796875,-9.3516015625,-10.77091796875,-6.70082421875,-6.75206640625,-10.3288984375,-6.48333984375,-7.9713359375,-5.6326640625,-6.53219140625,-1.77797265625,-2.4593203125,-3.73287890625,-3.25019921875
-19.518890625,-24.1581953125,-22.9806640625,-19.94022265625,-10.79109375,-12.60759375,-10.49945703125,-11.05417578125,-13.75004296875,-11.9133046875,-9.7155703125,-9.2925234375,-10.2783515625,-10.36039453125,-11.04470703125,-6.7082265625,-8.61391796875,-8.9036015625,-12.32791796875,-8.41782421875,-7.96706640625,-11.9328984375,-7.98233984375,-10.5163359375,-7.8386640625,-8.85519140625,-4.91197265625,-5.2223203125,-6.34187890625,-5.73419921875
-1.839890625,-8.2421953125,-6.6266640625,-8.15222265625,-4.80309375,-7.73659375,-5.97345703125,-6.37817578125,-8.26804296875,-10.2493046875,-8.1495703125,-8.2145234375,-7.3183515625,-9.43439453125,-11.99670703125,-7.0952265625,-8.28091796875,-8.2296015625,-14.12991796875,-10.36882421875,-9.38606640625,-13.5948984375,-9.91133984375,-13.4433359375,-10.2116640625,-11.39119140625,-8.46697265625,-8.3653203125,-9.24287890625,-8.53719921875
11.192109375,3.4928046875,5.3463359375,1.64477734375,-0.34709375,-4.25559375,-2.40045703125,-2.32517578125,-3.74804296875,-9.2543046875,-7.0615703125,-7.3285234375,-4.9613515625,-8.72639453125,-12.85070703125,-7.3812265625,-7.05091796875,-7.5766015625,-15.48791796875,-11.78582421875,-10.40106640625,-14.9148984375,-11.56233984375,-15.7943359375,-11.8826640625,-13.32519140625,-11.37397265625,-10.9403203125,-11.62487890625,-10.85219921875
16.576109375,8.4368046875,10.1213359375,7.11077734375,1.69890625,-2.73159375,-0.44145703125,0.0558242187500004,-1.17204296875,-9.0113046875,-6.4795703125,-6.5245234375,-3.7753515625,-8.31139453125,-13.26670703125,-7.3742265625,-5.25291796875,-7.1686015625,-15.95091796875,-12.19282421875,-10.60706640625,-15.5388984375,-12.40633984375,-16.8903359375,-12.3146640625,-14.12619140625,-12.85797265625,-12.1993203125,-12.92887890625,-12.08919921875
14.609109375,6.9158046875,8.0393359375,7.78077734375,1.43090625,-3.06359375,-0.16145703125,0.471824218750001,-0.760042968750001,-9.4033046875,-6.3525703125,-5.7945234375,-3.6633515625,-8.18939453125,-13.18070703125,-7.0792265625,-3.35291796875,-7.0866015625,-15.45491796875,-11.56782421875,-9.92206640625,-15.3118984375,-12.27233984375,-16.5763359375,-11.4836640625,-13.71319140625,-12.70097265625,-11.8803203125,-13.01787890625,-12.07719921875
8.205109375,1.5398046875,1.9413359375,4.87677734375,-0.30809375,-4.66359375,-1.12445703125,-0.638175781249999,-2.05804296875,-10.2093046875,-6.5985703125,-5.2785234375,-4.0963515625,-8.30339453125,-12.78170703125,-6.6532265625,-1.75691796875,-7.2346015625,-14.28491796875,-10.26882421875,-8.56906640625,-14.3648984375,-11.34433984375,-15.1993359375,-9.8116640625,-12.42019140625,-11.23797265625,-10.2783203125,-12.15087890625,-11.06819921875
1.195109375,-4.3441953125,-4.4846640625,0.479777343749999,-2.42109375,-6.76759375,-2.67445703125,-2.41817578125,-4.22004296875,-11.1923046875,-7.1475703125,-5.1745234375,-4.5423515625,-8.55739453125,-12.37970703125,-6.3132265625,-0.68491796875,-7.4176015625,-12.90591796875,-8.83182421875,-6.96306640625,-13.0698984375,-10.01533984375,-13.3893359375,-7.9516640625,-10.82619140625,-9.16297265625,-8.0773203125,-10.81387890625,-9.57519921875
-3.373890625,-8.1351953125,-8.3436640625,-3.42022265625,-4.01109375,-8.69859375,-4.20845703125,-3.99017578125,-6.33704296875,-12.1323046875,-7.9245703125,-5.5825234375,-4.7543515625,-8.81439453125,-12.21070703125,-6.2302265625,-0.16691796875,-7.4466015625,-11.74391796875,-7.71082421875,-5.56306640625,-11.8618984375,-8.69433984375,-11.7543359375,-6.5106640625,-9.51519140625,-7.21497265625,-6.0363203125,-9.49787890625,-8.14319921875
-4.178890625,-8.7521953125,-8.4266640625,-5.59522265625,-4.59909375,-9.98159375,-5.31045703125,-4.78617578125,-7.69204296875,-12.7953046875,-8.7875703125,-6.4005234375,-4.7623515625,-8.87939453125,-12.26470703125,-6.4372265625,-0.10791796875,-7.1976015625,-10.98991796875,-7.08882421875,-4.71806640625,-11.0178984375,-7.63533984375,-10.6173359375,-5.8186640625,-8.84319140625,-5.87997265625,-4.6573203125,-8.50387890625,-7.12319921875
-1.613890625,-6.5541953125,-5.1936640625,-5.77622265625,-4.10109375,-10.34359375,-5.75445703125,-4.65917578125,-7.90504296875,-12.9103046875,-9.4845703125,-7.3195234375,-4.7053515625,-8.52039453125,-12.24370703125,-6.7842265625,-0.38591796875,-6.6126015625,-10.52291796875,-6.82182421875,-4.55806640625,-10.5398984375,-6.86033984375,-9.9293359375,-5.8246640625,-8.79619140625,-5.22297265625,-4.0213203125,-7.85787890625,-6.55019921875
2.897109375,-2.7271953125,-0.116664062500002,-4.41922265625,-2.68109375,-9.68259375,-5.46045703125,-3.78917578125,-6.95504296875,-12.2273046875,-9.7015703125,-7.9345234375,-4.6683515625,-7.54139453125,-11.70570703125,-6.9862265625,-0.92491796875,-5.6936015625,-10.01891796875,-6.55382421875,-4.97606640625,-10.2218984375,-6.21033984375,-9.3753359375,-6.1716640625,-9.01919140625,-4.94997265625,-3.8653203125,-7.37887890625,-6.19419921875
7.758109375,1.4158046875,5.1553359375,-2.29822265625,-0.63009375,-8.08059375,-4.47345703125,-2.50317578125,-5.10204296875,-10.6553046875,-9.2135703125,-7.9095234375,-4.6483515625,-5.91039453125,-10.34070703125,-6.7462265625,-1.70691796875,-4.5316015625,-9.18591796875,-5.95082421875,-5.69206640625,-9.8508984375,-5.50433984375,-8.6283359375,-6.4066640625,-8.99719140625,-4.64897265625,-3.8183203125,-6.83987890625,-5.74019921875
11.802109375,4.9088046875,9.4083359375,-0.17122265625,1.69090625,-5.84059375,-2.96945703125,-1.13917578125,-2.79204296875,-8.3783046875,-8.0315703125,-7.1355234375,-4.5913515625,-3.84139453125,-8.18770703125,-5.9062265625,-2.74091796875,-3.3336015625,-7.97991796875,-4.90082421875,-6.36406640625,-9.3778984375,-4.68933984375,-7.5783359375,-6.1936640625,-8.32219140625,-4.04997265625,-3.6103203125,-6.11687890625,-4.97819921875
14.517109375,7.2948046875,12.1163359375,1.38877734375,3.88590625,-3.45359375,-1.23045703125,0.0138242187500004,-0.554042968750001,-5.8393046875,-6.4385703125,-5.7835234375,-4.4023515625,-1.76139453125,-5.65470703125,-4.5272265625,-3.98891796875,-2.4036015625,-6.65091796875,-3.58782421875,-6.69406640625,-8.9478984375,-3.90533984375,-6.4033359375,-5.4376640625,-6.88719140625,-3.16597265625,-3.1513203125,-5.22187890625,-3.90419921875
15.972109375,8.5638046875,13.3703359375,2.05577734375,5.60090625,-1.44259375,0.41254296875,0.74682421875,1.12995703125,-3.5733046875,-4.8705703125,-4.2175234375,-3.9393515625,-0.15039453125,-3.33370703125,-2.8702265625,-5.29491796875,-2.0276015625,-5.60091796875,-2.36482421875,-6.51806640625,-8.7858984375,-3.39833984375,-5.4513359375,-4.2866640625,-4.93219140625,-2.24897265625,-2.5013203125,-4.26587890625,-2.69919921875
16.568109375,8.9728046875,13.6233359375,1.76377734375,6.64590625,-0.13659375,1.69754296875,0.979824218750001,1.95195703125,-1.9653046875,-3.6855703125,-2.8375234375,-3.0643515625,0.68160546875,-1.70070703125,-1.2772265625,-6.35991796875,-2.3416015625,-5.12391796875,-1.54582421875,-5.83406640625,-9.0398984375,-3.36533984375,-5.0183359375,-3.0356640625,-2.94319140625,-1.61697265625,-1.8133203125,-3.40387890625,-1.62719921875
16.757109375,8.8738046875,13.3983359375,0.697777343749999,7.08490625,0.49840625,2.54054296875,0.79582421875,1.89595703125,-1.0663046875,-2.9585703125,-1.9305234375,-1.7763515625,0.76660546875,-0.87170703125,-0.00722656249999964,-6.81491796875,-3.2316015625,-5.20791796875,-1.20982421875,-4.77206640625,-9.6908984375,-3.81233984375,-5.1653359375,-1.9786640625,-1.44919140625,-1.48897265625,-1.3013203125,-2.80387890625,-0.92519921875
16.852109375,8.6088046875,13.1023359375,-0.776222656249999,7.23690625,0.85940625,3.08754296875,0.429824218750001,1.26195703125,-0.5603046875,-2.4155703125,-1.5725234375,-0.3173515625,0.49760546875,-0.52870703125,0.8947734375,-6.38791796875,-4.3476015625,-5.50891796875,-1.13782421875,-3.51906640625,-10.5698984375,-4.51633984375,-5.6623359375,-1.2846640625,-0.82719140625,-1.89997265625,-1.1853203125,-2.61887890625,-0.72619921875
16.956109375,8.4328046875,12.9413359375,-2.22422265625,7.54590625,1.52140625,3.64154296875,0.18082421875,0.56795703125,0.0766953124999998,-1.5735703125,-1.6235234375,0.8436484375,0.44560546875,-0.10070703125,1.5947734375,-5.07491796875,-5.2446015625,-5.53391796875,-0.93082421875,-2.25006640625,-11.4488984375,-5.14033984375,-6.1153359375,-0.9446640625,-1.17319140625,-2.71797265625,-1.6153203125,-2.94687890625,-1.02419921875
16.969109375,8.4208046875,12.8813359375,-3.29722265625,8.36090625,2.93040625,4.47854296875,0.27582421875,0.34095703125,1.2886953125,-0.0295703125,-1.7895234375,1.1776484375,1.05960546875,0.91429296875,2.3197734375,-3.20591796875,-5.5756015625,-4.92191796875,-0.23182421875,-1.12106640625,-12.1418984375,-5.39833984375,-6.1843359375,-0.8316640625,-2.31319140625,-3.74497265625,-2.5693203125,-3.76187890625,-1.70419921875
16.651109375,8.4068046875,12.6523359375,-3.86422265625,9.73290625,5.12940625,5.66554296875,0.72082421875,0.86895703125,3.1856953125,2.2714296875,-1.7925234375,0.3286484375,2.42760546875,2.65929296875,3.1507734375,-1.32491796875,-5.2356015625,-3.65591796875,1.04717578125,-0.27906640625,-12.5398984375,-5.19833984375,-5.7733359375,-0.8156640625,-3.89319140625,-4.80297265625,-3.8103203125,-4.89587890625,-2.58219921875
15.720109375,8.0368046875,11.8443359375,-4.07422265625,11.35190625,7.68940625,7.00254296875,1.25982421875,2.05595703125,5.4486953125,4.9434296875,-1.5345234375,-1.7073515625,4.22760546875,4.82929296875,3.9247734375,0.05408203125,-4.3796015625,-2.06891796875,2.64517578125,0.14393359375,-12.5858984375,-4.64733984375,-5.0733359375,-0.8496640625,-5.52119140625,-5.77997265625,-4.9493203125,-6.06687890625,-3.45619921875
13.969109375,6.9218046875,10.0693359375,-4.28022265625,12.64890625,9.87140625,8.09554296875,1.47682421875,3.44995703125,7.4496953125,7.2954296875,-1.1685234375,-4.5223515625,5.88760546875,6.80029296875,4.2967734375,0.64808203125,-3.3156015625,-0.67891796875,4.04517578125,0.0569335937499997,-12.2568984375,-3.98033984375,-4.4573359375,-0.9986640625,-6.86919140625,-6.63197265625,-5.6053203125,-6.98287890625,-4.13719921875
11.353109375,4.8088046875,7.1493359375,-4.86122265625,13.00290625,10.93640625,8.51854296875,1.00582421875,4.42495703125,8.5086953125,8.6064296875,-1.0015234375,-7.3923515625,6.81860546875,7.88429296875,3.9307734375,0.44308203125,-2.3836015625,0.0210820312500005,4.67817578125,-0.56506640625,-11.5878984375,-3.46133984375,-4.3023359375,-1.3996640625,-7.74119140625,-7.36697265625,-5.5973203125,-7.46187890625,-4.50019921875
7.982109375,1.6758046875,3.1893359375,-6.06822265625,11.95390625,10.42840625,7.96754296875,-0.28817578125,4.40695703125,8.1446953125,8.4034296875,-1.2895234375,-9.4933515625,6.60060546875,7.58729296875,2.7057734375,-0.39791796875,-1.8696015625,-0.26791796875,4.16517578125,-1.65306640625,-10.7398984375,-3.32333984375,-4.8433359375,-2.1836640625,-8.08619140625,-8.03297265625,-5.0473203125,-7.50287890625,-4.52719921875
4.056109375,-2.2501953125,-1.4566640625,-7.95422265625,9.36290625,8.33240625,6.36854296875,-2.25917578125,3.06595703125,6.2616953125,6.6444296875,-2.0625234375,-10.1793515625,5.09460546875,5.79729296875,0.8187734375,-1.66391796875,-1.9596015625,-1.57291796875,2.48517578125,-3.03006640625,-10.0068984375,-3.71333984375,-6.0673359375,-3.3726640625,-7.96919140625,-8.67997265625,-4.3043203125,-7.26587890625,-4.30219921875
-0.179890625000001,-6.5441953125,-6.3036640625,-10.39322265625,5.47790625,5.06040625,3.91454296875,-4.55317578125,0.41895703125,3.1826953125,3.7394296875,-3.0755234375,-9.2173515625,2.47060546875,2.84729296875,-1.2562265625,-3.17091796875,-2.6966015625,-3.63691796875,0.0181757812500001,-4.42706640625,-9.7088984375,-4.62933984375,-7.7033359375,-4.8076640625,-7.51819140625,-9.28897265625,-3.7393203125,-6.95387890625,-3.95919921875
-4.447890625,-10.6921953125,-10.8836640625,-13.13522265625,0.89290625,1.29740625,1.00654296875,-6.75417578125,-3.15104296875,-0.4593046875,0.3874296875,-3.9355234375,-6.9383515625,-0.82839453125,-0.59870703125,-2.9622265625,-4.76791796875,-3.9636015625,-5.98491796875,-2.56882421875,-5.55006640625,-9.9968984375,-5.87533984375,-9.2923359375,-6.1616640625,-6.87719140625,-9.72497265625,-3.5273203125,-6.67787890625,-3.59719921875
-8.434890625,-14.2231953125,-14.8386640625,-15.86222265625,-3.61309375,-2.22959375,-1.87845703125,-8.53117578125,-6.98404296875,-3.9343046875,-2.6795703125,-4.3355234375,-4.1753515625,-4.18939453125,-3.76470703125,-3.8882265625,-6.29891796875,-5.4936015625,-8.05691796875,-4.56182421875,-6.18806640625,-10.7238984375,-7.09333984375,-10.3503359375,-7.0496640625,-6.17619140625,-9.74597265625,-3.5773203125,-6.39887890625,-3.23519921875
-11.800890625,-16.7961953125,-17.9506640625,-18.25022265625,-7.30709375,-4.96559375,-4.30645703125,-9.72217578125,-10.34604296875,-6.6403046875,-4.9395703125,-4.2245234375,-1.9793515625,-6.98339453125,-6.02370703125,-3.9192265625,-7.57291796875,-6.9406015625,-9.35791796875,-5.47182421875,-6.26606640625,-11.4898984375,-7.87233984375,-10.5373359375,-7.1806640625,-5.49319140625,-9.09797265625,-3.6233203125,-5.96387890625,-2.80919921875
-14.192890625,-18.2231953125,-20.0676640625,-20.02922265625,-9.68809375,-6.64359375,-5.97245703125,-10.33817578125,-12.66304296875,-8.2473046875,-6.1785703125,-3.8205234375,-1.1753515625,-8.73439453125,-7.05270703125,-3.2242265625,-8.37591796875,-7.9896015625,-9.60091796875,-5.18582421875,-5.83506640625,-11.8708984375,-7.91333984375,-9.7833359375,-6.4676640625,-4.82819140625,-7.65997265625,-3.4113203125,-5.23087890625,-2.23419921875
-15.264890625,-18.4351953125,-21.0186640625,-21.00722265625,-10.56909375,-7.24359375,-6.73945703125,-10.47117578125,-13.67404296875,-8.7173046875,-6.4595703125,-3.4445234375,-2.0093515625,-9.23939453125,-6.87770703125,-2.1252265625,-8.55891796875,-8.4496015625,-8.77191796875,-3.95782421875,-5.01306640625,-11.6498984375,-7.14033984375,-8.2833359375,-5.0606640625,-4.11619140625,-5.53997265625,-2.8563203125,-4.18287890625,-1.47119921875
-14.733890625,-17.4421953125,-20.5846640625,-21.08422265625,-10.02209375,-6.88759375,-6.62745703125,-10.18917578125,-13.44104296875,-8.2143046875,-5.9925703125,-3.3175234375,-4.0453515625,-8.59139453125,-5.78870703125,-0.9402265625,-8.12091796875,-8.2766015625,-7.10991796875,-2.24082421875,-3.93706640625,-10.8948984375,-5.71333984375,-6.3903359375,-3.2746640625,-3.27919140625,-3.05597265625,-2.0463203125,-2.95387890625,-0.56619921875
-12.486890625,-15.3331953125,-18.5916640625,-20.28022265625,-8.28909375,-5.73259375,-5.78145703125,-9.50617578125,-12.24704296875,-6.9883046875,-5.0165703125,-3.4605234375,-6.3983515625,-7.08539453125,-4.18770703125,0.1217734375,-7.20791796875,-7.5256015625,-4.99391796875,-0.47482421875,-2.73006640625,-9.8268984375,-3.92233984375,-4.4553359375,-1.4566640625,-2.28019140625,-0.60197265625,-1.1223203125,-1.74187890625,0.38180078125
-8.701890625,-12.2851953125,-15.0666640625,-18.78522265625,-5.71709375,-3.96759375,-4.43445703125,-8.44117578125,-10.46904296875,-5.2933046875,-3.7435703125,-3.7495234375,-8.1813515625,-5.07639453125,-2.44370703125,0.9757734375,-6.02691796875,-6.2726015625,-2.79791796875,1.05517578125,-1.50606640625,-8.6218984375,-2.05033984375,-2.6973359375,0.1533359375,-1.14019140625,1.50802734375,-0.1443203125,-0.683878906249999,1.29780078125
-3.874890625,-8.5661953125,-10.3336640625,-16.96722265625,-2.73909375,-1.84859375,-2.87545703125,-7.11017578125,-8.47004296875,-3.3773046875,-2.3815703125,-4.0465234375,-8.9223515625,-2.86139453125,-0.81070703125,1.6017734375,-4.76791796875,-4.5856015625,-0.78891796875,2.24517578125,-0.38406640625,-7.2818984375,-0.26233984375,-1.1643359375,1.4833359375,0.06880859375,3.14202734375,0.9566796875,0.22412109375,2.16280078125
1.279109375,-4.5181953125,-4.9756640625,-15.28322265625,0.15290625,0.27440625,-1.42245703125,-5.75517578125,-6.53504296875,-1.4943046875,-1.1605703125,-4.2875234375,-8.7193515625,-0.65339453125,0.56729296875,1.9787734375,-3.61591796875,-2.5576015625,0.91208203125,3.11217578125,0.50893359375,-5.6748984375,1.41466015625,0.2216640625,2.6023359375,1.23480859375,4.33902734375,2.3016796875,1.10012109375,3.00080078125
6.017109375,-0.524195312500001,0.310335937499999,-14.13122265625,2.48890625,2.00840625,-0.37045703125,-4.67617578125,-4.84404296875,0.0886953124999998,-0.3245703125,-4.4695234375,-8.0663515625,1.39060546875,1.61129296875,2.0827734375,-2.78791796875,-0.3576015625,2.29708203125,3.71817578125,1.06993359375,-3.6928984375,3.05066015625,1.5756640625,3.6333359375,2.21780859375,5.24102734375,3.9486796875,2.09112109375,3.82980078125
9.712109375,3.0178046875,4.8613359375,-13.72422265625,3.94390625,3.02740625,0.0985429687499997,-4.11417578125,-3.48204296875,1.1306953125,-0.0545703124999999,-4.5875234375,-7.4743515625,3.12160546875,2.27329296875,1.9337734375,-2.50691796875,1.7493984375,3.40908203125,4.12117578125,1.27093359375,-1.4058984375,4.69466015625,2.9586640625,4.6673359375,2.89480859375,6.00202734375,5.8196796875,3.26912109375,4.63480078125
11.955109375,5.7098046875,8.1603359375,-14.03522265625,4.42590625,3.18840625,-0.0244570312500003,-4.14317578125,-2.47504296875,1.4806953125,-0.3835703125,-4.6035234375,-7.1393515625,4.38860546875,2.52829296875,1.6277734375,-2.88291796875,3.4493984375,4.27108203125,4.35517578125,1.18193359375,0.909101562500001,6.27766015625,4.3126640625,5.7003359375,3.21280859375,6.72102734375,7.6996796875,4.57912109375,5.36880078125
12.624109375,7.2328046875,9.9203359375,-14.84922265625,4.09890625,2.59140625,-0.59345703125,-4.63717578125,-1.81504296875,1.1386953125,-1.1795703125,-4.4925234375,-6.8753515625,5.05660546875,2.37729296875,1.2907734375,-3.80191796875,4.4733984375,4.84808203125,4.41717578125,0.92693359375,2.8741015625,7.57566015625,5.4436640625,6.6153359375,3.21280859375,7.40402734375,9.3056796875,5.83612109375,5.95980078125
11.919109375,7.4758046875,10.1523359375,-15.87422265625,3.30290625,1.55840625,-1.38445703125,-5.34517578125,-1.48004296875,0.2696953125,-2.1835703125,-4.3125234375,-6.3273515625,5.07060546875,1.87129296875,0.9967734375,-4.91891796875,4.6923984375,5.05208203125,4.27617578125,0.60593359375,4.1811015625,8.29066015625,6.0886640625,7.2133359375,3.00380859375,7.95302734375,10.3716796875,6.78812109375,6.31880078125
10.334109375,6.6478046875,9.1803359375,-16.87422265625,2.43290625,0.51740625,-2.17745703125,-6.01317578125,-1.42404296875,-0.8193046875,-3.0875703125,-4.2355234375,-5.3233515625,4.50460546875,1.13829296875,0.7207734375,-5.78291796875,4.1643984375,4.82908203125,3.89717578125,0.24393359375,4.7061015625,8.20666015625,6.0526640625,7.3043359375,2.70480859375,8.22002734375,10.7456796875,7.21812109375,6.36780078125
8.519109375,5.2628046875,7.5693359375,-17.70822265625,1.82690625,-0.12759375,-2.80245703125,-6.48617578125,-1.56504296875,-1.7583046875,-3.6115703125,-4.4595234375,-4.0623515625,3.58160546875,0.38829296875,0.3737734375,-6.04191796875,3.1043984375,4.24208203125,3.29317578125,-0.18706640625,4.4941015625,7.33966015625,5.3506640625,6.8213359375,2.39080859375,8.09502734375,10.4346796875,7.04112109375,6.08180078125
7.072109375,3.9428046875,5.9253359375,-18.30122265625,1.68090625,-0.13359375,-3.15745703125,-6.71117578125,-1.77904296875,-2.2313046875,-3.5765703125,-5.0605234375,-2.9983515625,2.60960546875,-0.13770703125,-0.1052265625,-5.62291796875,1.7893984375,3.49008203125,2.56017578125,-0.72406640625,3.6701015625,5.95066015625,4.2326640625,5.8663359375,2.05780859375,7.57302734375,9.5786796875,6.31812109375,5.50580078125
6.296109375,3.1048046875,4.6503359375,-18.59022265625,1.99890625,0.50240625,-3.22245703125,-6.69317578125,-1.94404296875,-2.1043046875,-2.9815703125,-5.8845234375,-2.5093515625,1.85060546875,-0.27070703125,-0.6982265625,-4.77591796875,0.4633984375,2.81608203125,1.84517578125,-1.37406640625,2.3591015625,4.42966015625,3.0826640625,4.6723359375,1.63180859375,6.75802734375,8.3606796875,5.20512109375,4.72180078125
6.049109375,2.7508046875,3.7523359375,-18.53422265625,2.59690625,1.52240625,-3.06345703125,-6.46717578125,-2.00204296875,-1.4873046875,-2.0155703125,-6.5865234375,-2.6143515625,1.41260546875,0.00129296875000007,-1.3042265625,-3.94791796875,-0.7146015625,2.38308203125,1.28817578125,-2.09606640625,0.703101562500001,3.12366015625,2.2256640625,3.5023359375,1.02680859375,5.79302734375,6.9226796875,3.86812109375,3.81080078125
5.820109375,2.4858046875,2.8883359375,-18.17822265625,3.18190625,2.51440625,-2.79345703125,-6.09617578125,-1.99804296875,-0.6843046875,-0.9935703125,-6.7955234375,-2.9453515625,1.23860546875,0.54029296875,-1.7872265625,-3.54191796875,-1.6336015625,2.20308203125,0.96717578125,-2.78806640625,-1.0788984375,2.21366015625,1.7966640625,2.5733359375,0.23880859375,4.79202734375,5.3546796875,2.44412109375,2.84780078125
5.032109375,1.7968046875,1.6383359375,-17.66422265625,3.47590625,3.09440625,-2.52345703125,-5.66317578125,-2.04104296875,-0.0643046875000002,-0.2375703125,-6.3085234375,-2.9843515625,1.17960546875,1.11729296875,-2.0502265625,-3.70991796875,-2.2006015625,2.15008203125,0.87017578125,-3.31606640625,-2.6788984375,1.69466015625,1.7076640625,2.0083359375,-0.62319140625,3.80702734375,3.7276796875,1.06112109375,1.90880078125
3.399109375,0.379804687499999,-0.184664062500001,-17.19722265625,3.32090625,3.05840625,-2.34845703125,-5.26517578125,-2.22404296875,0.0736953124999998,0.0374296875,-5.1995234375,-2.4333515625,1.08160546875,1.49529296875,-2.0962265625,-4.31891796875,-2.3576015625,2.02308203125,0.88117578125,-3.58106640625,-3.7978984375,1.42166015625,1.7296640625,1.8043359375,-1.38419140625,2.84602734375,2.1456796875,-0.146878906249999,1.07980078125
1.096109375,-1.6601953125,-2.3876640625,-16.96422265625,2.69290625,2.40940625,-2.35445703125,-5.01117578125,-2.57104296875,-0.4143046875,-0.2515703125,-3.7965234375,-1.5013515625,0.83360546875,1.48129296875,-2.0582265625,-5.07891796875,-2.1676015625,1.63408203125,0.79017578125,-3.60206640625,-4.3068984375,1.19166015625,1.6036640625,1.8203359375,-1.90819140625,1.91902734375,0.7666796875,-1.02487890625,0.43980078125
-1.363890625,-3.8631953125,-4.5136640625,-17.08222265625,1.65190625,1.27240625,-2.62845703125,-5.02917578125,-3.02904296875,-1.5093046875,-1.0685703125,-2.5525234375,-0.9183515625,0.37760546875,0.96729296875,-2.1542265625,-5.73791796875,-1.8496015625,0.88208203125,0.34317578125,-3.52006640625,-4.3188984375,0.83066015625,1.1606640625,1.8123359375,-2.17619140625,1.08602734375,-0.2023203125,-1.39587890625,0.05380078125
-3.407890625,-5.6581953125,-6.1036640625,-17.57522265625,0.27890625,-0.21859375,-3.24645703125,-5.44317578125,-3.50504296875,-3.0683046875,-2.3105703125,-1.8675234375,-1.6323515625,-0.30039453125,-0.0457070312500001,-2.6052265625,-6.20091796875,-1.7216015625,-0.21091796875,-0.66282421875,-3.52406640625,-4.1158984375,0.25766015625,0.3826640625,1.5123359375,-2.27219140625,0.46502734375,-0.5423203125,-1.08987890625,-0.03819921875
-4.682890625,-6.6511953125,-6.9136640625,-18.37722265625,-1.35809375,-1.96859375,-4.24445703125,-6.31617578125,-3.91404296875,-4.9043046875,-3.8555703125,-1.9375234375,-4.3353515625,-1.17639453125,-1.46470703125,-3.5322265625,-6.53091796875,-2.0496015625,-1.52591796875,-2.29582421875,-3.75206640625,-3.9708984375,-0.50833984375,-0.6183359375,0.7433359375,-2.31819140625,0.17802734375,-0.1063203125,0.0011210937500005,0.17180078125
-5.170890625,-6.8001953125,-6.9966640625,-19.37822265625,-3.19309375,-3.91059375,-5.57645703125,-7.60017578125,-4.21604296875,-6.8593046875,-5.5915703125,-2.6915234375,-9.0623515625,-2.19539453125,-3.14870703125,-4.9072265625,-6.83991796875,-2.8956015625,-2.92791796875,-4.45682421875,-4.22406640625,-4.0118984375,-1.38533984375,-1.6973359375,-0.4986640625,-2.39619140625,0.25902734375,1.0686796875,1.81812109375,0.63880078125
-5.156890625,-6.4051953125,-6.6356640625,-20.46322265625,-5.13709375,-5.95559375,-7.10345703125,-9.12417578125,-4.43404296875,-8.8383046875,-7.4165703125,-3.8415234375,-15.0833515625,-3.27639453125,-4.94870703125,-6.5522265625,-7.18491796875,-4.0756015625,-4.33291796875,-6.90982421875,-4.85106640625,-4.1988984375,-2.28933984375,-2.7623359375,-2.0296640625,-2.52119140625,0.58702734375,2.7036796875,4.08312109375,1.25880078125
-5.156890625,-6.4051953125,-6.6356640625,-20.46322265625,-5.13709375,-5.95559375,-7.10345703125,-9.12417578125,-4.43404296875,-8.8383046875,-7.4165703125,-3.8415234375,-15.0833515625,-3.27639453125,-4.94870703125,-6.5522265625,-7.18491796875,-4.0756015625,-4.33291796875,-6.90982421875,-4.85106640625,-4.1988984375,-2.28933984375,-2.7623359375,-2.0296640625,-2.52119140625,0.58702734375,2.7036796875,4.08312109375,1.25880078125
