"Fp1","Fpz","Fp2","F7","F3","Fz","F4","F8","FC5","FC1","FC2","FC6","T7","C3","Cz","C4","T8","CP5","CP1","CP2","CP6","P7","P3","Pz","P4","P8","POz","O1","Oz","O2"
32.44644140625,38.36401171875,30.48683984375,14.3758359375,3.92593359375,3.65278125,9.6429140625,15.41114453125,9.0182421875,12.05125,10.161359375,9.69212109375,2.35884375,6.4580859375,10.2227109375,11.845078125,7.9821640625,0.9042265625,9.55851953125,18.2242578125,5.04407421875,5.48716796875,5.82009375,8.88618359375,6.9993828125,12.57372265625,11.49469140625,5.171296875,10.1383984375,20.98322265625
52.72844140625,55.55101171875,48.63983984375,21.7988359375,14.61393359375,2.49778125,20.5909140625,26.69014453125,12.2462421875,15.51625,14.573359375,14.19012109375,-0.70115625,6.5830859375,11.8697109375,13.878078125,9.6871640625,1.2102265625,9.54551953125,20.2122578125,6.59007421875,6.44916796875,4.92809375,7.75018359375,7.1583828125,13.22272265625,10.50069140625,4.473296875,9.9983984375,20.37822265625
58.21644140625,59.63801171875,53.00783984375,23.2558359375,18.25593359375,1.37778125,23.9849140625,31.42614453125,12.4732421875,15.53625,14.767359375,15.15712109375,-2.37415625,5.2260859375,11.0747109375,13.167078125,10.4661640625,0.5172265625,8.16751953125,20.1522578125,6.70607421875,5.65816796875,3.70609375,6.04218359375,6.5103828125,13.87672265625,9.39669140625,4.113296875,10.0123984375,20.18622265625
49.01444140625,50.61601171875,43.64083984375,18.8308359375,14.84993359375,0.29078125,19.9499140625,29.45314453125,9.6272421875,12.13325,10.737359375,12.53112109375,-2.53415625,2.5200859375,7.8527109375,9.751078125,10.1051640625,-1.0437734375,5.53151953125,18.0862578125,5.44107421875,3.59016796875,2.24809375,3.88618359375,5.0593828125,14.42772265625,8.23569140625,3.983296875,10.0753984375,20.23122265625
30.17644140625,32.89101171875,25.26083984375,10.5978359375,6.69693359375,-0.70821875,11.1259140625,22.69414453125,4.6982421875,6.57725,4.016359375,7.49912109375,-1.58615625,-0.8049140625,3.1537109375,4.740078125,8.6221640625,-2.9157734375,2.31151953125,14.8422578125,3.41607421875,1.42616796875,0.85309375,1.73018359375,3.1883828125,14.74172265625,7.20369140625,3.903296875,10.0643984375,20.20522265625
9.22344140625,13.17901171875,5.00583984375,1.5878359375,-2.77306640625,-1.49121875,1.3279140625,14.19714453125,-0.6877578125,0.81825,-2.992640625,1.96612109375,-0.32315625,-3.7349140625,-1.5232890625,-0.138921875,6.2751640625,-4.3647734375,-0.52348046875,11.6812578125,1.55207421875,0.39516796875,-0.0749062500000002,0.17518359375,1.5473828125,14.71072265625,6.59769140625,3.767296875,9.9573984375,19.88822265625
-6.80755859375,-2.09998828125,-10.39016015625,-5.4011640625,-10.34606640625,-1.91521875,-5.9570859375,6.99314453125,-4.8977578125,-3.31875,-7.988640625,-2.22487890625,0.40784375,-5.4039140625,-4.7472890625,-3.267921875,3.5211640625,-4.8307734375,-2.12848046875,9.7662578125,0.63307421875,1.10416796875,-0.21390625,-0.29281640625,0.7693828125,14.29772265625,6.69169140625,3.608296875,9.8423984375,19.26822265625
-13.76055859375,-9.01598828125,-16.92416015625,-8.7221640625,-14.07906640625,-1.91421875,-8.7390859375,3.09914453125,-6.8917578125,-4.83675,-9.668640625,-3.98987890625,0.05084375,-5.4659140625,-5.7262890625,-3.815921875,0.9421640625,-4.1847734375,-2.13948046875,9.6702578125,0.93207421875,3.23616796875,0.49109375,0.43818359375,1.1593828125,13.54872265625,7.57469140625,3.536296875,9.8223984375,18.50422265625
-11.49355859375,-7.25098828125,-14.47316015625,-8.2871640625,-13.76506640625,-1.56121875,-7.0420859375,2.92214453125,-6.5417578125,-3.85875,-8.151640625,-3.35287890625,-1.45515625,-4.2149140625,-4.5912890625,-2.053921875,-0.8848359375,-2.7807734375,-0.82248046875,11.1642578125,2.08707421875,5.74316796875,1.77509375,2.01818359375,2.5133828125,12.57372265625,9.05069140625,3.640296875,9.9073984375,17.79522265625
-3.46655859375,0.15301171875,-6.43116015625,-5.3431640625,-10.72406640625,-1.04321875,-2.6400859375,5.31314453125,-4.5557578125,-1.44175,-4.797640625,-1.31387890625,-3.67615625,-2.4259140625,-2.2682890625,0.824078125,-1.5598359375,-1.2637734375,1.07551953125,13.3672578125,3.29507421875,7.40916796875,3.14809375,3.77418359375,4.1843828125,11.51772265625,10.67869140625,3.916296875,9.9863984375,17.24022265625
4.94344140625,8.23401171875,1.89383984375,-1.7661640625,-7.05706640625,-0.57121875,1.8449140625,8.22814453125,-2.0897578125,0.95425,-1.550640625,0.66412109375,-5.82415625,-0.9989140625,-0.0292890625,3.248078125,-1.0228359375,-0.2607734375,2.66751953125,15.1662578125,3.72507421875,7.47416796875,4.09709375,4.99818359375,5.3583828125,10.51472265625,11.91869140625,4.253296875,9.8863984375,16.79222265625
8.62344140625,12.09901171875,5.41783984375,0.7338359375,-4.75506640625,-0.28521875,4.0269140625,9.67114453125,-0.2567578125,2.07025,-0.130640625,1.29912109375,-7.03115625,-0.5889140625,1.0347109375,3.936078125,0.3781640625,-0.1177734375,3.28151953125,15.6742578125,2.90507421875,5.99616796875,4.28009375,5.22518359375,5.3863828125,9.63772265625,12.31869140625,4.488296875,9.4773984375,16.30022265625
4.59044140625,8.74401171875,1.16983984375,1.1898359375,-5.01706640625,-0.19821875,2.5809140625,8.45914453125,0.2712421875,1.28925,-1.393640625,-0.0118789062500001,-6.67715625,-1.3819140625,0.4247109375,2.371078125,2.0141640625,-0.7907734375,2.68151953125,14.5242578125,0.89607421875,3.77516796875,3.64309375,4.38118359375,4.0413828125,8.87372265625,11.67769140625,4.478296875,8.7493984375,15.61922265625
-6.94755859375,-1.80798828125,-10.59516015625,-0.3911640625,-7.90506640625,-0.21321875,-2.3610859375,4.59414453125,-0.5437578125,-1.19075,-5.072640625,-2.98187890625,-4.63815625,-3.0689140625,-1.6242890625,-1.037921875,3.2581640625,-1.9137734375,1.09951953125,11.9562578125,-1.78792578125,1.91016796875,2.41709375,2.79018359375,1.5883828125,8.13072265625,10.12869140625,4.183296875,7.8423984375,14.73022265625
-22.60355859375,-16.43098828125,-26.41716015625,-3.1091640625,-12.35106640625,-0.18121875,-9.2630859375,-0.77285546875,-2.1527578125,-4.48575,-9.925640625,-6.57587890625,-1.33115625,-5.0089140625,-4.2842890625,-5.135921875,3.7541640625,-2.9767734375,-0.88448046875,8.7082578125,-4.40992578125,1.25016796875,1.01309375,1.02818359375,-1.3136171875,7.30172265625,8.10369140625,3.678296875,6.9913984375,13.76922265625
-37.10755859375,-30.10898828125,-40.96916015625,-5.5771640625,-16.58606640625,0.00378124999999996,-15.7450859375,-5.83685546875,-3.7177578125,-7.42575,-14.262640625,-9.45287890625,2.42784375,-6.5099140625,-6.5152890625,-8.490921875,3.4911640625,-3.5417734375,-2.59148046875,5.7502578125,-6.27792578125,2.04716796875,-0.14490625,-0.30081640625,-3.8636171875,6.32772265625,6.16669140625,3.105296875,6.4023984375,12.94422265625
-45.67455859375,-38.20698828125,-49.44616015625,-6.6171640625,-18.98606640625,0.34878125,-19.6190859375,-8.99385546875,-4.5487578125,-9.09475,-16.673640625,-10.56687890625,5.65984375,-7.1489140625,-7.5332890625,-9.974921875,2.6721640625,-3.4267734375,-3.52648046875,3.9022578125,-6.96692578125,3.94216796875,-0.78690625,-0.81881640625,-5.4176171875,5.20472265625,4.77769140625,2.573296875,6.1133984375,12.38222265625
-46.35055859375,-38.74998828125,-49.91316015625,-5.9101640625,-18.91406640625,0.75578125,-19.9440859375,-9.64885546875,-4.4827578125,-9.26275,-16.647640625,-9.65887890625,7.44384375,-6.9569140625,-7.1532890625,-9.224921875,1.5281640625,-2.7877734375,-3.59148046875,3.4952578125,-6.46292578125,6.17916796875,-0.89890625,-0.52381640625,-5.7296171875,3.96172265625,4.10569140625,2.111296875,5.9643984375,12.04422265625
-40.74955859375,-33.19398828125,-44.04516015625,-4.1031640625,-16.95206640625,1.09578125,-17.3600859375,-8.36685546875,-3.8997578125,-8.41575,-14.710640625,-7.32587890625,7.16084375,-6.3429140625,-5.7932890625,-6.728921875,0.2301640625,-2.0437734375,-3.04848046875,4.2942578125,-5.13392578125,7.88516796875,-0.69390625,0.26618359375,-4.9876171875,2.66872265625,4.01069140625,1.702296875,5.7183984375,11.77522265625
-32.44755859375,-24.95198828125,-35.50616015625,-2.1931640625,-14.24306640625,1.30978125,-13.3890859375,-6.19285546875,-3.3267578125,-7.28075,-11.942640625,-4.57687890625,4.79784375,-5.7469140625,-4.0872890625,-3.468921875,-1.0158359375,-1.6237734375,-2.24148046875,5.7772578125,-3.51192578125,8.36916796875,-0.41790625,1.18518359375,-3.6176171875,1.50372265625,4.24869140625,1.396296875,5.2873984375,11.47622265625
-24.22355859375,-16.75698828125,-27.13416015625,-0.6291640625,-11.48706640625,1.48578125,-9.2630859375,-3.72785546875,-2.8857578125,-6.15575,-9.184640625,-2.15987890625,1.14184375,-5.2329140625,-2.3812890625,-0.339921875,-1.8188359375,-1.6627734375,-1.26248046875,7.5612578125,-1.98992578125,7.40416796875,-0.11990625,2.11118359375,-1.9916171875,0.80472265625,4.71469140625,1.384296875,4.8783984375,11.25322265625
-16.45555859375,-9.06798828125,-19.27416015625,1.0328359375,-8.47606640625,1.83578125,-5.2460859375,-0.773855468750001,-2.1117578125,-4.64775,-6.565640625,-0.17387890625,-2.37615625,-4.4009140625,-0.5192890625,2.239078125,-1.6238359375,-1.8647734375,0.13851953125,9.6262578125,-0.65692578125,5.42216796875,0.42109375,3.24518359375,-0.2576171875,0.96572265625,5.54269140625,1.910296875,4.9173984375,11.38922265625
-7.92755859375,-0.77898828125,-10.59216015625,3.6078359375,-4.56406640625,2.56378125,-0.8990859375,3.18514453125,-0.3557578125,-2.08475,-3.710640625,1.76212109375,-4.28015625,-2.7379140625,1.8827109375,4.292078125,0.00316406250000023,-1.6987734375,2.29251953125,12.1442578125,0.62707421875,3.38416796875,1.50309375,4.88418359375,1.5753828125,2.20572265625,6.92869140625,3.058296875,5.7503984375,12.14922265625
1.99244140625,8.71901171875,-0.31916015625,7.3558359375,0.430933593749999,3.70378125,4.1019140625,8.19014453125,2.5532421875,1.74225,-0.377640625,3.98912109375,-3.80615625,-0.1519140625,4.9217109375,5.971078125,3.0031640625,-0.8147734375,5.19151953125,15.1232578125,1.99607421875,2.28916796875,3.17709375,7.07318359375,3.4533828125,4.38272265625,8.83969140625,4.573296875,7.3573984375,13.53422265625
11.97744140625,18.22301171875,10.31483984375,11.4798359375,5.73293359375,5.04378125,9.3999140625,13.45514453125,5.9682421875,6.19525,3.122359375,6.44912109375,-1.32315625,2.7730859375,8.1457109375,7.308078125,6.7011640625,0.6382265625,8.30251953125,18.1982578125,3.42607421875,2.56516796875,5.06709375,9.43818359375,5.1763828125,7.00872265625,10.87669140625,5.906296875,9.2923984375,15.21022265625
19.33344140625,25.26601171875,18.66383984375,14.4688359375,9.90993359375,6.21578125,14.0489140625,17.70914453125,8.7212421875,10.05625,6.049359375,8.72412109375,1.87584375,5.0320859375,10.7517109375,8.223078125,10.0641640625,2.0462265625,10.75951953125,20.7642578125,4.75407421875,3.79316796875,6.51909375,11.33218359375,6.4913828125,9.47972265625,12.42369140625,6.492296875,10.9103984375,16.64122265625
21.85144140625,27.83801171875,22.49383984375,14.9968359375,11.70193359375,6.87178125,17.0869140625,19.92414453125,9.7882421875,12.21425,7.719359375,10.34312109375,4.27184375,5.7560859375,12.0587109375,8.670078125,12.1721640625,2.6912265625,11.81151953125,22.3022578125,5.79007421875,4.96816796875,6.94509375,12.17018359375,7.2283828125,11.31872265625,12.95569140625,6.073296875,11.7083984375,17.36322265625
19.37244140625,25.81001171875,21.49883984375,12.7248359375,10.73993359375,6.83378125,18.1169140625,19.90414453125,8.8372421875,12.21725,7.903359375,11.04712109375,4.85884375,4.6770859375,11.8687109375,8.716078125,12.5961640625,2.1712265625,11.19451953125,22.6312578125,6.39507421875,5.14216796875,6.14009375,11.71418359375,7.3713828125,12.30872265625,12.28569140625,4.834296875,11.5463984375,17.20122265625
14.03144140625,21.13401171875,17.53183984375,8.5268359375,7.73293359375,6.14778125,17.5239140625,18.35314453125,6.3552421875,10.43225,6.914359375,10.86912109375,3.54184375,2.2590859375,10.5327109375,8.515078125,11.5041640625,0.6452265625,9.24351953125,21.9492578125,6.49907421875,3.99816796875,4.38309375,10.16918359375,7.0263828125,12.47572265625,10.63969140625,3.294296875,10.6633984375,16.34322265625
9.12144140625,16.79001171875,13.55083984375,4.0118359375,4.05493359375,5.04578125,16.1929140625,16.43114453125,3.3472421875,7.78625,5.390359375,10.05512109375,1.02484375,-0.5469140625,8.7347109375,8.206078125,9.4791640625,-1.2467734375,6.71451953125,20.6602578125,6.10807421875,2.00416796875,2.29509375,8.09218359375,6.3633828125,12.02572265625,8.54469140625,2.041296875,9.5213984375,15.25622265625
7.23344140625,15.10601171875,11.90683984375,0.6738359375,0.986933593749999,3.82678125,14.9379140625,15.05414453125,0.8132421875,5.26625,3.917359375,8.87712109375,-1.67115625,-2.7669140625,7.1327109375,7.799078125,7.1911640625,-2.7297734375,4.42351953125,19.1262578125,5.29907421875,0.0521679687500001,0.55509375,6.14518359375,5.5443828125,11.26172265625,6.61269140625,1.476296875,8.5823984375,14.47322265625
8.77144140625,16.39201171875,12.92883984375,-0.8481640625,-0.904066406250001,2.71978125,14.0239140625,14.39614453125,-0.7277578125,3.43625,2.692359375,7.43312109375,-3.74815625,-3.8549140625,6.0257109375,7.096078125,5.0741640625,-3.3127734375,2.87851953125,17.4662578125,4.17107421875,-1.12883203125,-0.41690625,4.80818359375,4.6483828125,10.48172265625,5.29969140625,1.672296875,8.1203984375,14.34522265625
11.80144140625,18.81201171875,14.76383984375,-0.9491640625,-1.92506640625,1.78978125,13.0949140625,13.86914453125,-1.3967578125,2.22825,1.439359375,5.59212109375,-4.89415625,-3.8929140625,5.2207109375,5.725078125,3.1981640625,-3.0237734375,2.07651953125,15.5412578125,2.78907421875,-1.35683203125,-0.61190625,4.16718359375,3.6263828125,9.87872265625,4.73769140625,2.388296875,8.1283984375,14.87322265625
13.38344140625,19.63301171875,14.67083984375,-0.6191640625,-2.87806640625,0.93678125,11.5249140625,12.57814453125,-1.7227578125,1.15525,-0.320640625,3.16212109375,-5.17015625,-3.4379140625,4.2227109375,3.354078125,1.4011640625,-2.3367734375,1.60051953125,13.1152578125,1.18107421875,-0.97883203125,-0.37590625,3.91618359375,2.3443828125,9.45372265625,4.72369140625,3.210296875,8.3623984375,15.68222265625
11.53744140625,17.06401171875,10.94583984375,-0.7081640625,-4.42506640625,0.01078125,8.9439140625,9.95014453125,-2.1877578125,-0.23675,-2.831640625,0.15912109375,-4.69715625,-3.1179140625,2.6087109375,-0.0239218750000001,-0.4238359375,-1.8257734375,0.93851953125,10.1012578125,-0.61592578125,-0.51983203125,-0.16490625,3.56718359375,0.7013828125,9.00672265625,4.86869140625,3.767296875,8.4933984375,16.19522265625
6.55544140625,11.43401171875,4.15383984375,-1.3621640625,-6.59106640625,-1.05421875,5.6029140625,6.19014453125,-2.8617578125,-1.99675,-5.802640625,-3.04087890625,-3.45615625,-3.2659140625,0.3617109375,-3.928921875,-2.1398359375,-1.8097734375,-0.18548046875,6.7242578125,-2.50192578125,-0.294832031249999,-0.29290625,2.73618359375,-1.2586171875,8.21272265625,4.80769140625,3.882296875,8.2903984375,15.89622265625
0.79044140625,4.94201171875,-3.16516015625,-1.9891640625,-8.72106640625,-2.16821875,2.3379140625,2.25114453125,-3.3787578125,-3.73275,-8.492640625,-5.83187890625,-1.36315625,-3.7959140625,-2.0832890625,-7.510921875,-3.4228359375,-2.2007734375,-1.67148046875,3.4762578125,-4.32592578125,-0.24483203125,-0.81190625,1.33518359375,-3.3336171875,6.76372265625,4.35169140625,3.593296875,7.7243984375,14.57722265625
-3.01055859375,0.12001171875,-8.19516015625,-1.7931640625,-9.99606640625,-3.14521875,0.0489140625000001,-0.738855468750001,-3.2717578125,-4.93275,-10.146640625,-7.71087890625,1.45484375,-4.3949140625,-4.1062890625,-9.940921875,-4.0288359375,-2.6457734375,-3.18148046875,0.868257812499998,-5.95892578125,-0.0858320312499998,-1.57790625,-0.44481640625,-5.2696171875,4.50872265625,3.49569140625,3.049296875,6.9313984375,12.39122265625
-3.77355859375,-2.01298828125,-9.85316015625,-0.5461640625,-10.18306640625,-3.85221875,-0.9870859375,-2.25285546875,-2.4547578125,-5.41375,-10.546640625,-8.62087890625,4.42284375,-4.8619140625,-5.3312890625,-10.852921875,-4.0568359375,-2.8637734375,-4.45148046875,-0.869742187500002,-7.40292578125,0.34416796875,-2.46090625,-2.33481640625,-6.9156171875,1.50372265625,2.31069140625,2.342296875,6.0673984375,9.72922265625
-3.05355859375,-2.76998828125,-9.67316015625,1.0108359375,-10.00906640625,-4.33921875,-1.4320859375,-2.75085546875,-1.4847578125,-5.58875,-10.270640625,-9.05087890625,6.52384375,-5.3699140625,-5.9242890625,-10.592921875,-4.0018359375,-2.9487734375,-5.52948046875,-1.9467421875,-8.83192578125,0.80216796875,-3.51290625,-4.20181640625,-8.3386171875,-2.00227734375,0.823691406249999,1.425296875,5.1813984375,6.99222265625
-4.05955859375,-4.90598828125,-10.82516015625,1.5148359375,-10.78606640625,-4.86021875,-2.4790859375,-3.32485546875,-1.3517578125,-6.29375,-10.436640625,-9.75787890625,6.65784375,-6.4029140625,-6.5282890625,-10.063921875,-4.5248359375,-3.3857734375,-6.76448046875,-2.8647421875,-10.48992578125,0.65316796875,-4.96590625,-6.10781640625,-9.7676171875,-5.61427734375,-0.993308593750001,0.160296875,4.2123984375,4.44422265625
-9.40655859375,-10.61298828125,-15.90916015625,-0.1451640625,-13.52106640625,-5.71821875,-5.0010859375,-4.86185546875,-2.8657578125,-8.25075,-12.025640625,-11.24987890625,4.21784375,-8.3969140625,-7.8452890625,-10.244921875,-6.0428359375,-4.7317734375,-8.53048046875,-4.0897421875,-12.48192578125,-0.77283203125,-7.02390625,-8.17481640625,-11.4086171875,-8.83427734375,-3.11830859375,-1.512703125,3.1003984375,2.21122265625
-19.22755859375,-19.85598828125,-25.10916015625,-4.0451640625,-18.17306640625,-7.03821875,-8.8890859375,-7.38885546875,-6.0777578125,-11.52575,-15.236640625,-13.37487890625,-0.42615625,-11.3419140625,-10.1552890625,-11.640921875,-8.3948359375,-7.1837734375,-10.91548046875,-5.7497421875,-14.58792578125,-3.68083203125,-9.60690625,-10.36381640625,-13.2416171875,-11.13827734375,-5.34030859375,-3.425703125,1.9243984375,0.366222656249999
-30.85755859375,-30.15298828125,-35.89616015625,-9.0571640625,-23.54706640625,-8.62521875,-12.9980859375,-9.98085546875,-10.1237578125,-15.36675,-19.277640625,-15.30787890625,-5.89915625,-14.6409140625,-13.0712890625,-14.011921875,-10.7798359375,-10.3127734375,-13.58048046875,-7.5647421875,-16.27292578125,-7.50283203125,-12.26290625,-12.36781640625,-14.9586171875,-12.10527734375,-7.24530859375,-5.184703125,0.9253984375,-0.992777343749999
-40.07055859375,-37.74498828125,-44.25816015625,-13.3131640625,-27.80206640625,-10.00621875,-15.6500859375,-11.18885546875,-13.5927578125,-18.51175,-22.721640625,-15.95587890625,-10.34515625,-17.3199140625,-15.6942890625,-16.495921875,-12.0578359375,-13.1947734375,-15.86248046875,-9.0047421875,-16.91492578125,-11.03983203125,-14.31190625,-13.70681640625,-16.0806171875,-11.56227734375,-8.34730859375,-6.321703125,0.4023984375,-1.75177734375
-43.04455859375,-39.37698828125,-46.59516015625,-15.0241640625,-29.27306640625,-10.63821875,-15.3800859375,-9.71585546875,-15.1707578125,-19.75875,-24.174640625,-14.50087890625,-12.26815625,-18.4509140625,-17.0302890625,-18.009921875,-11.2358359375,-14.8057734375,-17.04848046875,-9.5407421875,-16.08992578125,-13.00483203125,-15.13390625,-13.93781640625,-16.1806171875,-9.65627734375,-8.30230859375,-6.523703125,0.5463984375,-1.83977734375
-38.12255859375,-33.77798828125,-41.34416015625,-13.2691640625,-27.22806640625,-10.14121875,-11.6330859375,-5.06885546875,-14.2157578125,-18.48175,-22.890640625,-10.79487890625,-11.22715625,-17.5279140625,-16.4282890625,-17.718921875,-7.9078359375,-14.4807734375,-16.65748046875,-8.8587421875,-13.75492578125,-12.67083203125,-14.42990625,-12.86781640625,-15.0636171875,-6.81227734375,-7.05930859375,-5.773703125,1.3333984375,-1.29777734375
-26.47755859375,-22.16998828125,-29.56616015625,-8.3841640625,-22.17006640625,-8.44021875,-5.0370859375,2.14714453125,-10.9587578125,-14.85775,-19.030640625,-5.40387890625,-8.00215625,-14.6399140625,-13.8222890625,-15.335921875,-2.4608359375,-12.1717734375,-14.60348046875,-6.9487421875,-10.21792578125,-10.24983203125,-12.33290625,-10.62881640625,-12.8296171875,-3.58827734375,-4.89330859375,-4.355703125,2.5313984375,-0.288777343750002
-11.34455859375,-7.53398828125,-14.24616015625,-1.7231640625,-15.50506640625,-5.77921875,2.9409140625,10.51014453125,-6.3027578125,-9.70775,-13.482640625,0.67412109375,-4.15615625,-10.3729140625,-9.6922890625,-11.151921875,4.0361640625,-8.4477734375,-11.18648046875,-4.0517421875,-5.97992578125,-6.79683203125,-9.33290625,-7.60381640625,-9.7896171875,-0.49927734375,-2.28830859375,-2.722703125,3.8073984375,0.943222656249999
3.60844140625,6.80301171875,1.15783984375,5.0098359375,-8.83406640625,-2.63021875,10.7009140625,18.42614453125,-1.3797578125,-4.12175,-7.404640625,6.41712109375,-1.25915625,-5.5569140625,-4.8322890625,-5.836921875,10.1991640625,-4.2477734375,-6.96448046875,-0.535742187500002,-1.55892578125,-3.71683203125,-6.08690625,-4.26681640625,-6.3216171875,2.13672265625,0.24869140625,-1.316703125,4.8783984375,2.17122265625
15.63644140625,18.34601171875,13.95283984375,10.3978359375,-3.36206640625,0.45178125,17.0559140625,24.68114453125,2.8462421875,0.90825,-1.818640625,11.07512109375,-0.20415625,-1.0169140625,-0.0822890625,-0.194921875,14.7981640625,-0.5687734375,-2.60148046875,3.2032578125,2.60107421875,-2.12983203125,-3.19490625,-1.05281640625,-2.7606171875,4.24472265625,2.34369140625,-0.413703125000001,5.6053984375,3.25222265625
23.42344140625,25.87501171875,22.69983984375,13.6368359375,0.292933593749999,2.96878125,21.3669140625,28.63014453125,5.7632421875,4.69325,2.587359375,14.25312109375,-0.95315625,2.5870859375,3.8507109375,5.016078125,17.1061640625,1.8382265625,1.25151953125,6.7792578125,6.11007421875,-2.42683203125,-1.05390625,1.70218359375,0.6223828125,5.94272265625,3.82169140625,-0.0707031250000001,6.0023984375,4.14022265625
26.91344140625,29.31501171875,27.11983984375,14.5478359375,2.01493359375,4.55878125,23.4409140625,30.13714453125,7.1092421875,6.87525,5.442359375,15.82212109375,-2.76915625,4.8170859375,6.4757109375,9.153078125,17.0221640625,2.6272265625,4.02651953125,9.8082578125,8.60507421875,-4.19383203125,0.18009375,3.73018359375,3.5633828125,7.39472265625,4.64569140625,-0.164703125,6.1623984375,4.84422265625
26.84344140625,29.33001171875,27.71983984375,13.4108359375,2.02293359375,5.02978125,23.4059140625,29.45114453125,6.8752421875,7.37225,6.607359375,15.82012109375,-4.70215625,5.4600859375,7.5297109375,11.705078125,14.9791640625,1.8712265625,5.31951953125,11.9332578125,9.76707421875,-6.52283203125,0.52609375,4.80518359375,5.7483828125,8.68972265625,4.81969140625,-0.499703125,6.1643984375,5.36122265625
24.19244140625,26.84201171875,25.35283984375,10.7398359375,0.688933593749999,4.37478125,21.6039140625,27.04714453125,5.2282421875,6.32325,6.116359375,14.40112109375,-6.02015625,4.5160859375,6.9837109375,12.329078125,11.7231640625,-0.0347734375000002,4.95351953125,12.8592578125,9.43907421875,-8.45683203125,0.0950937500000002,4.74718359375,6.8513828125,9.79672265625,4.32369140625,-0.901703125,6.0183984375,5.64222265625
19.73744140625,22.63201171875,20.82783984375,7.0968359375,-1.60106640625,2.77978125,18.4859140625,23.45214453125,2.4902421875,4.05525,4.180359375,11.84312109375,-6.41315625,2.2140859375,5.0487109375,10.924078125,8.0601640625,-2.5097734375,3.04251953125,12.4142578125,7.75507421875,-9.33183203125,-0.94890625,3.50018359375,6.6393828125,10.62572265625,3.14569140625,-1.271703125,5.6623984375,5.61222265625
13.91344140625,17.19401171875,14.74583984375,3.0438359375,-4.49306640625,0.59278125,14.5469140625,19.13714453125,-0.8367578125,1.05025,1.195359375,8.54112109375,-5.97915625,-0.9949140625,2.1497109375,7.689078125,4.6031640625,-4.9127734375,-0.00148046874999963,10.5812578125,5.13807421875,-8.89483203125,-2.39590625,1.20718359375,5.0943828125,11.10672265625,1.34169140625,-1.597703125,5.0073984375,5.20522265625
7.02844140625,10.85901171875,7.57683984375,-0.8291640625,-7.60406640625,-1.76721875,10.3279140625,14.53014453125,-4.1157578125,-2.14075,-2.314640625,4.92312109375,-5.05815625,-4.5049140625,-1.1612890625,3.108078125,1.6521640625,-6.6897734375,-3.55148046875,7.5242578125,2.14307421875,-7.29083203125,-4.00190625,-1.77681640625,2.4343828125,11.20772265625,-0.922308593750001,-1.934703125,4.0083984375,4.39622265625
-0.39555859375,4.06401171875,-0.11416015625,-3.9071640625,-10.47306640625,-3.91221875,6.3879140625,10.05914453125,-6.6967578125,-5.00775,-5.802640625,1.35912109375,-3.99515625,-7.6789140625,-4.3322890625,-2.127921875,-0.7618359375,-7.4987734375,-6.91548046875,3.5902578125,-0.78392578125,-4.97283203125,-5.51190625,-4.94981640625,-0.9416171875,10.87972265625,-3.37430859375,-2.355703125,2.7193984375,3.21922265625
-7.43555859375,-2.46498828125,-7.48816015625,-5.6661640625,-12.63606640625,-5.56021875,3.1959140625,6.12314453125,-8.1017578125,-7.16075,-8.794640625,-1.87687890625,-2.92215625,-9.9799140625,-6.9162890625,-7.231921875,-2.7028359375,-7.2757734375,-9.49148046875,-0.687742187500001,-3.42592578125,-2.56683203125,-6.68290625,-7.76081640625,-4.5326171875,10.01772265625,-5.66330859375,-2.887703125,1.3383984375,1.79022265625
-12.88255859375,-7.74298828125,-13.44816015625,-5.8161640625,-13.76906640625,-6.55621875,1.0009140625,3.02214453125,-8.1477578125,-8.36975,-10.969640625,-4.58387890625,-1.70415625,-11.0599140625,-8.6292890625,-11.437921875,-4.1938359375,-6.1877734375,-10.87648046875,-4.6197421875,-5.75892578125,-0.64583203125,-7.30590625,-9.70381640625,-7.8106171875,8.49772265625,-7.40030859375,-3.464703125,0.1793984375,0.315222656249999
-15.57955859375,-10.77098828125,-16.88216015625,-4.3861640625,-13.76706640625,-6.86421875,-0.1780859375,0.94014453125,-6.9677578125,-8.57275,-12.181640625,-6.59287890625,-0.09015625,-10.8079140625,-9.3532890625,-14.140921875,-5.2108359375,-4.5227734375,-10.92048046875,-7.4697421875,-7.79292578125,0.48416796875,-7.22990625,-10.40481640625,-10.2926171875,6.31272265625,-8.22930859375,-3.946703125,-0.402601562499999,-0.924777343750002
-14.85355859375,-10.88898828125,-17.04716015625,-1.7081640625,-12.72806640625,-6.53421875,-0.4690859375,-0.0488554687500011,-4.9287578125,-7.85575,-12.443640625,-7.76487890625,2.05384375,-9.3349140625,-9.1052890625,-15.027921875,-5.7498359375,-2.5587734375,-9.71848046875,-8.6417421875,-9.42992578125,0.88216796875,-6.40990625,-9.71581640625,-11.6156171875,3.71472265625,-7.92630859375,-4.180703125,-0.142601562499999,-1.63777734375
-10.87855859375,-8.10298828125,-13.93516015625,1.6558359375,-10.90706640625,-5.68621875,-0.0820859374999999,-0.00785546875000076,-2.4977578125,-6.41875,-11.886640625,-8.03987890625,4.55484375,-6.9509140625,-8.0132890625,-14.160921875,-5.8708359375,-0.5217734375,-7.58848046875,-7.9067421875,-10.43792578125,0.83316796875,-4.94490625,-7.77081640625,-11.6366171875,1.22072265625,-6.48330859375,-4.085703125,1.0153984375,-1.63477734375
-4.81855859375,-3.25898828125,-8.47716015625,4.9918359375,-8.69106640625,-4.51121875,0.6799140625,0.795144531249999,-0.1397578125,-4.54175,-10.721640625,-7.51387890625,6.90984375,-4.1259140625,-6.3122890625,-11.979921875,-5.7178359375,1.3622265625,-5.02048046875,-5.5567421875,-10.57992578125,0.56016796875,-3.12090625,-5.00481640625,-10.5076171875,-0.61527734375,-4.15730859375,-3.718703125,2.8463984375,-0.944777343750001
1.43044140625,2.09001171875,-2.40216015625,7.5718359375,-6.54206640625,-3.27921875,1.4489140625,1.93614453125,1.7322421875,-2.57875,-9.243640625,-6.48287890625,8.42984375,-1.4449140625,-4.3482890625,-9.200921875,-5.5118359375,2.7832265625,-2.60248046875,-2.3567421875,-9.81392578125,-0.0268320312499997,-1.39990625,-2.09281640625,-8.6916171875,-1.52027734375,-1.46430859375,-3.291703125,4.8623984375,0.12422265625
5.88844140625,6.17901171875,2.33083984375,8.8418359375,-4.87806640625,-2.29221875,1.8999140625,3.02214453125,2.7862421875,-0.91675,-7.808640625,-5.38587890625,8.52184375,0.4930859375,-2.5312890625,-6.621921875,-5.4678359375,3.3512265625,-0.89048046875,0.721257812499998,-8.40492578125,-1.29483203125,-0.32990625,0.23418359375,-6.8416171875,-1.65227734375,0.938691406249999,-3.117703125,6.4633984375,1.08122265625
7.27644140625,7.73701171875,4.32283984375,8.6148359375,-3.92606640625,-1.77321875,1.8669140625,3.87614453125,2.8592421875,0.15025,-6.738640625,-4.62787890625,6.98884375,1.2780859375,-1.1922890625,-4.855921875,-5.6308359375,2.7652265625,-0.23348046875,2.9012578125,-6.81592578125,-3.55083203125,-0.33490625,1.44418359375,-5.5356171875,-1.43827734375,2.46969140625,-3.474703125,7.1663984375,1.46822265625
5.52644140625,6.54801171875,3.33683984375,7.1658359375,-3.65206640625,-1.73121875,1.3909140625,4.58314453125,2.0592421875,0.56925,-6.191640625,-4.38187890625,4.18984375,0.8810859375,-0.4272890625,-4.119921875,-5.7488359375,1.0562265625,-0.61248046875,3.9082578125,-5.46392578125,-6.66183203125,-1.48690625,1.43618359375,-4.9946171875,-1.22527734375,2.85269140625,-4.440703125,6.8293984375,1.12222265625
1.75744140625,3.51501171875,0.34283984375,5.1618359375,-3.80606640625,-1.93121875,0.7089140625,5.38314453125,0.7832421875,0.56525,-6.091640625,-4.52287890625,0.93384375,-0.2929140625,-0.0542890625,-4.179921875,-5.3328359375,-1.3147734375,-1.61248046875,4.0272578125,-4.51292578125,-9.93683203125,-3.41290625,0.59318359375,-4.9856171875,-1.05027734375,2.23769140625,-5.799703125,5.7333984375,0.298222656249999
-2.28455859375,0.19701171875,-3.01616015625,3.4218359375,-4.05306640625,-2.00821875,0.1749140625,6.50714453125,-0.4367578125,0.49525,-6.200640625,-4.72187890625,-1.84415625,-1.5989140625,0.2547109375,-4.513921875,-3.9298359375,-3.6197734375,-2.59248046875,3.8862578125,-3.84692578125,-12.40983203125,-5.42990625,-0.41281640625,-4.9836171875,-0.68227734375,1.11269140625,-7.098703125,4.4563984375,-0.439777343750002
-5.02855859375,-1.93298828125,-5.22116015625,2.5668359375,-4.13306640625,-1.66621875,0.1169140625,8.00314453125,-1.2047578125,0.62925,-6.247640625,-4.62887890625,-3.44015625,-2.4809140625,0.7637109375,-4.567921875,-1.4528359375,-5.2017734375,-2.97148046875,4.0952578125,-3.20592578125,-13.33083203125,-6.83190625,-0.94181640625,-4.4876171875,0.11572265625,0.070691406249999,-7.832703125,3.6153984375,-0.48777734375
-5.73155859375,-2.09298828125,-5.49316015625,2.7588359375,-3.98706640625,-0.81821875,0.6689140625,9.66514453125,-1.4457578125,1.02625,-6.030640625,-3.99587890625,-3.58215625,-2.7019140625,1.5507109375,-3.966921875,1.7001640625,-5.7547734375,-2.46748046875,4.9692578125,-2.34492578125,-12.52083203125,-7.16690625,-0.64781640625,-3.2696171875,1.36172265625,-0.423308593750001,-7.639703125,3.6393984375,0.51522265625
-4.63055859375,-0.39598828125,-3.96716015625,3.6798359375,-3.73206640625,0.41478125,1.7279140625,11.14114453125,-1.3907578125,1.57525,-5.440640625,-2.71887890625,-2.43715625,-2.3679140625,2.5297109375,-2.593921875,4.7911640625,-5.3747734375,-1.15848046875,6.4512578125,-1.12692578125,-10.41383203125,-6.34790625,0.45418359375,-1.4316171875,2.82972265625,-0.157308593750001,-6.407703125,4.6613984375,2.55822265625
-2.59155859375,2.38301171875,-1.42516015625,4.7668359375,-3.52806640625,1.80478125,3.0739140625,12.19414453125,-1.3837578125,2.12225,-4.450640625,-0.84187890625,-0.50615625,-1.7519140625,3.5757109375,-0.567921875,7.0611640625,-4.4167734375,0.62751953125,8.2322578125,0.46607421875,-7.80883203125,-4.61590625,2.09718359375,0.7233828125,4.22772265625,0.821691406249999,-4.269703125,6.5423984375,5.30322265625
-0.53755859375,5.26401171875,1.18983984375,5.5098359375,-3.45206640625,3.13278125,4.5259140625,12.86714453125,-1.6477578125,2.57925,-3.113640625,1.44712109375,1.51684375,-1.0879140625,4.6247109375,1.830078125,8.0021640625,-3.2657734375,2.49851953125,9.9322578125,2.34807421875,-5.51383203125,-2.38990625,3.92018359375,2.8603828125,5.40272265625,2.26369140625,-1.545703125,8.9493984375,8.23522265625
0.97044140625,7.49601171875,3.19883984375,5.6298359375,-3.49306640625,4.23978125,5.9629140625,13.39314453125,-2.1697578125,2.95625,-1.570640625,3.80412109375,2.90984375,-0.4769140625,5.6767109375,4.222078125,7.5081640625,-2.1827734375,4.12851953125,11.2272578125,4.33107421875,-4.02483203125,-0.11590625,5.57618359375,4.7203828125,6.39272265625,3.79869140625,1.327296875,11.4353984375,10.82522265625
1.85544140625,8.78601171875,4.36683984375,5.1028359375,-3.61706640625,5.01578125,7.2489140625,13.94814453125,-2.7457578125,3.29625,-0.0676406250000001,5.75912109375,3.10984375,0.0860859375,6.7107109375,6.201078125,5.8711640625,-1.2707734375,5.30151953125,11.8832578125,6.11507421875,-3.39783203125,1.84209375,6.78018359375,6.1193828125,7.33072265625,5.02269140625,3.868296875,13.5233984375,12.67322265625
2.41344140625,9.29501171875,4.87383984375,4.1068359375,-3.79506640625,5.36778125,8.2119140625,14.48814453125,-3.1227578125,3.58625,1.060359375,6.80812109375,1.87684375,0.6110859375,7.5937109375,7.388078125,3.6781640625,-0.5367734375,5.88251953125,11.7672578125,7.33407421875,-3.33283203125,3.24309375,7.31818359375,6.9123828125,8.28572265625,5.61369140625,5.655296875,14.8233984375,13.60122265625
3.12844140625,9.50301171875,5.17283984375,2.9688359375,-3.95706640625,5.24078125,8.7269140625,14.82014453125,-3.1277578125,3.74225,1.493359375,6.61412109375,-0.59515625,1.0590859375,8.0927109375,7.545078125,1.6411640625,0.0462265624999998,5.82151953125,10.8692578125,7.68707421875,-3.38483203125,3.99809375,7.10518359375,7.0223828125,9.22572265625,5.45369140625,6.469296875,15.1823984375,13.71222265625
4.47044140625,10.01101171875,5.83983984375,2.0868359375,-3.96006640625,4.67478125,8.7959140625,14.77814453125,-2.7057578125,3.69225,1.077359375,5.20512109375,-3.64615625,1.3930859375,8.0107109375,6.711078125,0.3901640625,0.5472265625,5.20451953125,9.3672578125,7.13107421875,-3.12883203125,4.21009375,6.26718359375,6.5323828125,10.09172265625,4.72169140625,6.415296875,14.7823984375,13.37022265625
6.68444140625,11.28901171875,7.35583984375,1.8008359375,-3.64206640625,3.83178125,8.5399140625,14.34614453125,-1.8987578125,3.46125,-0.0736406250000003,3.03312109375,-6.27115625,1.6330859375,7.3167109375,5.224078125,0.2401640625,1.1082265625,4.27851953125,7.6122578125,5.96507421875,-2.22283203125,4.15909375,5.15618359375,5.7263828125,10.88572265625,3.85369140625,5.904296875,14.0883984375,13.06322265625
9.61544140625,13.41801171875,9.82883984375,2.2428359375,-2.94506640625,2.92678125,8.1119140625,13.66014453125,-0.8447578125,3.15325,-1.649640625,0.76512109375,-7.43415625,1.8290859375,6.1517109375,3.561078125,1.0261640625,1.8842265625,3.38251953125,5.9972578125,4.67707421875,-0.45083203125,4.17209375,4.21518359375,4.9693828125,11.62672265625,3.31269140625,5.443296875,13.6043984375,13.16322265625
12.65544140625,15.95201171875,12.79283984375,3.2498359375,-2.00006640625,2.09878125,7.6069140625,12.90714453125,0.2042421875,2.82925,-3.335640625,-1.06487890625,-6.50015625,1.9570859375,4.7057109375,2.058078125,2.1421640625,2.9032265625,2.76351953125,4.7512578125,3.64207421875,2.18816796875,4.43509375,3.74318359375,4.4803828125,12.23372265625,3.32469140625,5.363296875,13.5823984375,13.72522265625
14.90144140625,18.04301171875,15.30283984375,4.3988359375,-1.13206640625,1.33178125,7.0129140625,12.18514453125,0.9112421875,2.43225,-4.955640625,-2.29987890625,-3.57215625,1.8640859375,3.1107109375,0.723078125,2.8141640625,3.9642265625,2.44251953125,3.8182578125,2.90107421875,5.35616796875,4.88309375,3.72418359375,4.1863828125,12.47672265625,3.74869140625,5.670296875,13.9013984375,14.46422265625
15.50544140625,18.82601171875,16.34583984375,5.1858359375,-0.743066406250001,0.50478125,6.2349140625,11.43714453125,0.9952421875,1.84025,-6.473640625,-3.12287890625,0.47484375,1.3480859375,1.4437109375,-0.693921875,2.4841640625,4.6922265625,2.21651953125,2.9182578125,2.19107421875,8.35516796875,5.25609375,3.86118359375,3.7893828125,12.09472265625,4.20369140625,6.118296875,14.1833984375,14.95122265625
14.09844140625,17.87801171875,15.38083984375,5.2938359375,-1.10206640625,-0.46821875,5.2149140625,10.53814453125,0.4072421875,1.00525,-7.874640625,-3.83687890625,4.36984375,0.3360859375,-0.1942890625,-2.452921875,1.0721640625,4.7582265625,1.83251953125,1.7642578125,1.19107421875,10.31316796875,5.28809375,3.78618359375,2.9763828125,10.98872265625,4.32069140625,6.423296875,14.0623984375,14.88222265625
11.07544140625,15.48301171875,12.68583984375,4.8078359375,-2.12406640625,-1.52721875,4.0849140625,9.46414453125,-0.5817578125,0.05325,-9.073640625,-4.63587890625,7.02784375,-0.9799140625,-1.6162890625,-4.573921875,-1.0078359375,4.1102265625,1.18551953125,0.302257812499997,-0.22492578125,10.60316796875,4.90209375,3.28818359375,1.6413828125,9.32572265625,3.94869140625,6.450296875,13.4083984375,14.23822265625
7.50744140625,12.55201171875,9.28783984375,4.1998359375,-3.34506640625,-2.46121875,3.1799140625,8.35714453125,-1.4507578125,-0.71975,-9.893640625,-5.49987890625,7.99884375,-2.1509140625,-2.5792890625,-6.737921875,-3.0838359375,3.0842265625,0.43851953125,-1.2017421875,-1.87892578125,9.25116796875,4.28609375,2.44118359375,-0.0396171875,7.47072265625,3.21469140625,6.263296875,12.3763984375,13.25822265625
4.68644140625,10.21701171875,6.49683984375,4.0798359375,-4.13506640625,-3.00921875,2.8569140625,7.40214453125,-1.6407578125,-0.95575,-10.142640625,-6.24987890625,7.53784375,-2.6279140625,-2.8732890625,-8.394921875,-4.5658359375,2.2832265625,-0.0284804687499998,-2.2497421875,-3.36392578125,7.03516796875,3.83209375,1.56118359375,-1.6646171875,5.80372265625,2.43769140625,6.068296875,11.3053984375,12.29722265625
3.56944140625,9.31801171875,5.29883984375,4.8638359375,-4.02506640625,-3.00621875,3.2689140625,6.66314453125,-0.8147578125,-0.41175,-9.732640625,-6.69587890625,6.33584375,-2.0129140625,-2.4432890625,-9.017921875,-5.2228359375,2.2882265625,0.18351953125,-2.3607421875,-4.25592578125,5.10316796875,3.93809375,1.04018359375,-2.7886171875,4.54172265625,1.98269140625,6.077296875,10.5303984375,11.65522265625
4.44244140625,10.06001171875,5.95083984375,6.5868359375,-2.92206640625,-2.48521875,4.2619140625,6.04214453125,0.9872421875,0.87325,-8.779640625,-6.77787890625,5.14484375,-0.2729140625,-1.4612890625,-8.376921875,-5.2588359375,3.3542265625,1.26251953125,-1.3237421875,-4.34992578125,4.34616796875,4.78109375,1.13818359375,-3.1206171875,3.65072265625,2.09669140625,6.398296875,10.2263984375,11.47722265625
6.94044140625,12.02501171875,7.97283984375,8.9308359375,-1.10206640625,-1.65321875,5.4749140625,5.40014453125,3.3572421875,2.56225,-7.576640625,-6.60087890625,4.53184375,2.2040859375,-0.2772890625,-6.647921875,-5.1108359375,5.2852265625,3.05051953125,0.690257812499997,-3.76092578125,4.96816796875,6.20409375,1.87518359375,-2.6246171875,2.91272265625,2.81069140625,6.973296875,10.3393984375,11.73122265625
10.30444140625,14.47401171875,10.49083984375,11.4028359375,0.95393359375,-0.76121875,6.5109140625,4.70314453125,5.7242421875,4.18225,-6.425640625,-6.31687890625,4.81384375,4.7720859375,0.7537109375,-4.281921875,-5.1018359375,7.5372265625,5.09851953125,3.2062578125,-2.81192578125,6.52416796875,7.78509375,3.05718359375,-1.4816171875,2.11772265625,3.94369140625,7.603296875,10.6403984375,12.26422265625
13.66644140625,16.69001171875,12.66783984375,13.5138359375,2.77993359375,0.03878125,7.1229140625,4.08414453125,7.5772421875,5.36325,-5.457640625,-5.96387890625,6.04684375,6.7840859375,1.4537109375,-1.750921875,-5.2108359375,9.4582265625,6.86051953125,5.6732578125,-1.81292578125,8.26516796875,9.03009375,4.40118359375,0.0393828125,1.24672265625,5.17269140625,8.022296875,10.8493984375,12.87322265625
16.26544140625,18.18001171875,13.97883984375,14.8928359375,4.07993359375,0.72078125,7.3189140625,3.81414453125,8.5952421875,5.96925,-4.586640625,-5.42487890625,7.97184375,7.8030859375,1.8707109375,0.638078125,-5.1238359375,10.4962265625,7.89751953125,7.6642578125,-0.91092578125,9.48916796875,9.54009375,5.63618359375,1.6773828125,0.49472265625,6.13669140625,7.962296875,10.7363984375,13.34722265625
17.57944140625,18.70201171875,14.26083984375,15.3288359375,4.78393359375,1.30778125,7.3509140625,4.16614453125,8.6542421875,6.07525,-3.641640625,-4.52887890625,9.99684375,7.6800859375,2.1587109375,2.734078125,-4.4868359375,10.3262265625,7.99351953125,8.9642578125,-0.10292578125,9.71216796875,9.11209375,6.53518359375,3.1863828125,0.11972265625,6.51569140625,7.221296875,10.1593984375,13.46422265625
17.37944140625,18.20401171875,13.61683984375,14.7708359375,4.97493359375,1.77878125,7.5329140625,5.22714453125,7.8022421875,5.85625,-2.539640625,-3.20587890625,11.34584375,6.5390859375,2.4237109375,4.430078125,-3.1448359375,8.9302265625,7.18151953125,9.5102578125,0.63807421875,8.75416796875,7.78109375,6.92618359375,4.3173828125,0.22872265625,6.13569140625,5.732296875,9.0693984375,13.00522265625
15.73344140625,16.76201171875,12.25483984375,13.3398359375,4.77993359375,2.04678125,8.0119140625,6.77214453125,6.2722421875,5.48125,-1.386640625,-1.56787890625,11.38784375,4.7180859375,2.6397109375,5.556078125,-1.2618359375,6.6262265625,5.70351953125,9.2912578125,1.26007421875,6.76116796875,5.82109375,6.71018359375,4.8383828125,0.677722656249999,5.03069140625,3.627296875,7.5153984375,11.82522265625
12.95944140625,14.53601171875,10.35483984375,11.3238359375,4.31993359375,2.00678125,8.6609140625,8.32714453125,4.4502421875,5.05525,-0.449640625,0.11012109375,9.93084375,2.6560859375,2.6637109375,5.889078125,0.7291640625,3.9852265625,3.91151953125,8.2972578125,1.63007421875,4.14016796875,3.66809375,5.91518359375,4.6173828125,1.17072265625,3.45169140625,1.238296875,5.6593984375,9.95122265625
9.57844140625,11.77301171875,8.03883984375,9.1648359375,3.74293359375,1.62178125,9.1829140625,9.42614453125,2.7882421875,4.59725,-0.0276406250000005,1.50312109375,7.32784375,0.7730859375,2.3497109375,5.275078125,2.2991640625,1.6362265625,2.18151953125,6.5882578125,1.64507421875,1.38116796875,1.78709375,4.73018359375,3.7203828125,1.47972265625,1.79369140625,-0.987703125,3.7803984375,7.66522265625
6.23044140625,8.83701171875,5.45783984375,7.3498359375,3.24593359375,0.99378125,9.2949140625,9.85314453125,1.6582421875,4.08725,-0.279640625,2.39212109375,4.33484375,-0.6289140625,1.6627109375,3.802078125,3.0841640625,0.0512265624999999,0.82151953125,4.4122578125,1.35407421875,-1.11183203125,0.52509375,3.48118359375,2.4563828125,1.62172265625,0.465691406249999,-2.631703125,2.2383984375,5.46322265625
3.54344140625,6.20001171875,2.90983984375,6.2648359375,3.01793359375,0.36278125,8.8669140625,9.71014453125,1.2372421875,3.53225,-1.109640625,2.77012109375,1.82284375,-1.4179140625,0.7537109375,1.875078125,3.0931640625,-0.5817734375,0.0255195312500005,2.2292578125,1.00607421875,-3.07383203125,0.0270937500000001,2.54118359375,1.3073828125,1.86772265625,-0.240308593750001,-3.443703125,1.3503984375,3.88322265625
1.98244140625,4.33901171875,0.84283984375,6.0508359375,3.15393359375,0.01578125,7.9729140625,9.33014453125,1.4532421875,2.98925,-2.197640625,2.82212109375,0.44184375,-1.6449140625,-0.0962890624999999,0.107078125,2.7351640625,-0.3767734375,-0.18048046875,0.587257812499997,0.94207421875,-4.33183203125,0.20209375,2.17218359375,0.7253828125,2.55472265625,-0.268308593750001,-3.443703125,1.2253984375,3.25722265625
1.72944140625,3.57401171875,-0.28416015625,6.5758359375,3.61693359375,0.13978125,6.8979140625,9.11614453125,2.0092421875,2.53025,-3.141640625,2.82712109375,0.37384375,-1.5189140625,-0.6172890625,-0.925921875,2.6321640625,0.3312265625,0.0555195312500003,-0.107742187500001,1.40607421875,-4.78783203125,0.74709375,2.38118359375,0.9213828125,3.82672265625,0.16169140625,-2.920703125,1.6583984375,3.53022265625
2.63944140625,3.94501171875,-0.20016015625,7.5018359375,4.25993359375,0.72478125,6.0629140625,9.39114453125,2.5112421875,2.21125,-3.626640625,3.04212109375,1.29184375,-1.3199140625,-0.6782890625,-0.916921875,3.3071640625,1.1282265625,0.47251953125,0.227257812499998,2.40307421875,-4.43383203125,1.25309375,2.91318359375,1.7593828125,5.48572265625,0.64169140625,-2.301703125,2.1903984375,4.29222265625
4.27444140625,5.19401171875,1.04983984375,8.4048359375,4.87193359375,1.56478125,5.8619140625,10.25414453125,2.6342421875,2.06725,-3.508640625,3.64312109375,2.57584375,-1.2629140625,-0.3182890625,0.0940781249999998,4.8941640625,1.6892265625,0.82251953125,1.3152578125,3.70107421875,-3.37483203125,1.37309375,3.39018359375,2.8483828125,7.06772265625,0.780691406249999,-1.945703125,2.3513984375,5.00022265625
6.03344140625,6.87001171875,3.08983984375,8.9088359375,5.22493359375,2.35278125,6.4759140625,11.53514453125,2.2492421875,2.11025,-2.829640625,4.67312109375,3.62284375,-1.4149140625,0.2887109375,1.777078125,7.0231640625,1.8642265625,0.97751953125,2.6412578125,4.94107421875,-1.86483203125,0.96809375,3.49518359375,3.7283828125,8.08372265625,0.381691406249999,-1.991703125,1.9073984375,5.25222265625
7.37044140625,8.49801171875,5.34283984375,8.8068359375,5.15493359375,2.79378125,7.7939140625,12.90014453125,1.4272421875,2.28025,-1.815640625,5.99012109375,4.07384375,-1.7119140625,0.8957109375,3.629078125,8.9551640625,1.6692265625,0.95051953125,3.6392578125,5.76107421875,-0.32083203125,0.12409375,3.09518359375,4.0543828125,8.26872265625,-0.513308593750001,-2.349703125,0.9573984375,4.95322265625
8.02244140625,9.76101171875,7.26483984375,8.1118359375,4.62093359375,2.70578125,9.4629140625,14.03314453125,0.3682421875,2.42125,-0.820640625,7.25712109375,3.84484375,-2.0439140625,1.2457109375,5.113078125,9.9281640625,1.2032265625,0.81951953125,3.8872578125,5.90907421875,0.74616796875,-0.92590625,2.24418359375,3.6893828125,7.68772265625,-1.70030859375,-2.813703125,-0.1636015625,4.28122265625
8.07344140625,10.58201171875,8.56383984375,7.0218359375,3.70193359375,2.06878125,11.0089140625,14.76414453125,-0.6857578125,2.33025,-0.219640625,8.04912109375,3.02484375,-2.3259140625,1.1517109375,5.798078125,9.5481640625,0.5862265625,0.64051953125,3.2172578125,5.31407421875,0.93816796875,-1.91990625,1.11518359375,2.7103828125,6.67772265625,-2.93730859375,-3.193703125,-1.0836015625,3.54022265625
7.80744140625,11.04601171875,9.23383984375,5.7888359375,2.53293359375,1.00078125,11.9679140625,15.06714453125,-1.5187578125,1.85225,-0.272640625,8.02212109375,1.77584375,-2.5399140625,0.5337109375,5.453078125,7.9441640625,-0.0657734375000001,0.37851953125,1.7162578125,4.09407421875,0.197167968750001,-2.66590625,-0.10581640625,1.3423828125,5.65072265625,-4.03630859375,-3.396703125,-1.5706015625,2.96822265625
7.43044140625,11.20001171875,9.39883984375,4.5948359375,1.24793359375,-0.32921875,12.0299140625,14.99114453125,-2.0167578125,0.92625,-1.050640625,7.04312109375,0.30984375,-2.7629140625,-0.5932890625,4.055078125,5.6211640625,-0.6937734375,-0.10548046875,-0.366742187500002,2.48407421875,-1.16383203125,-3.12590625,-1.31581640625,-0.1846171875,4.87272265625,-4.91730859375,-3.461703125,-1.6246015625,2.62422265625
6.89444140625,10.89901171875,9.08783984375,3.5038359375,-0.0460664062500005,-1.79621875,11.1309140625,14.57814453125,-2.2097578125,-0.42675,-2.461640625,5.21412109375,-1.07915625,-3.1699140625,-2.1752890625,1.742078125,3.1141640625,-1.3317734375,-1.02348046875,-2.7617421875,0.70407421875,-2.63183203125,-3.43790625,-2.54381640625,-1.7466171875,4.33172265625,-5.62930859375,-3.537703125,-1.4636015625,2.35422265625
5.91044140625,9.82001171875,8.13983984375,2.4888359375,-1.29106640625,-3.34221875,9.4179140625,13.78814453125,-2.2527578125,-2.11775,-4.310640625,2.81612109375,-2.02415625,-3.9619140625,-4.1302890625,-1.224921875,0.7291640625,-2.0737734375,-2.53348046875,-5.2587421875,-1.11992578125,-3.75583203125,-3.84590625,-3.90181640625,-3.3426171875,3.78872265625,-6.30430859375,-3.826703125,-1.4176015625,1.88022265625
4.15044140625,7.65401171875,6.30083984375,1.5108359375,-2.50206640625,-4.91121875,7.1249140625,12.48914453125,-2.3297578125,-3.98975,-6.357640625,0.23212109375,-2.22415625,-5.2109140625,-6.3022890625,-4.464921875,-1.4998359375,-2.9737734375,-4.58648046875,-7.7017421875,-2.94692578125,-4.33983203125,-4.53990625,-5.46281640625,-5.0056171875,2.95572265625,-7.06830859375,-4.475703125,-1.7806015625,0.933222656249999
1.52744140625,4.35801171875,3.46283984375,0.6038359375,-3.71706640625,-6.37421875,4.5039140625,10.55114453125,-2.5397578125,-5.80775,-8.365640625,-2.15387890625,-1.59315625,-6.7509140625,-8.4162890625,-7.503921875,-3.6338359375,-3.9607734375,-6.83848046875,-9.9187421875,-4.74592578125,-4.49383203125,-5.52290625,-7.13581640625,-6.6966171875,1.69172265625,-7.95130859375,-5.492703125,-2.6866015625,-0.627777343750001
-1.61355859375,0.30701171875,-0.13116015625,-0.0641640624999997,-4.90206640625,-7.49621875,1.8369140625,8.02614453125,-2.8357578125,-7.28675,-10.128640625,-4.05387890625,-0.27515625,-8.1729140625,-10.1002890625,-9.850921875,-5.6218359375,-4.8247734375,-8.70948046875,-11.6657421875,-6.43392578125,-4.52683203125,-6.57390625,-8.64181640625,-8.2626171875,0.0647226562499998,-8.84230859375,-6.721703125,-4.0616015625,-2.74777734375
-4.54155859375,-3.75398828125,-3.84816015625,-0.2501640625,-5.88606640625,-8.00921875,-0.5470859375,5.20714453125,-3.0407578125,-8.15275,-11.483640625,-5.34987890625,1.47584375,-8.9799140625,-10.9832890625,-11.121921875,-7.2518359375,-5.2917734375,-9.59348046875,-12.6497421875,-7.86192578125,-4.72983203125,-7.34890625,-9.59981640625,-9.4716171875,-1.71327734375,-9.51530859375,-7.886703125,-5.6496015625,-5.18377734375
-6.45955859375,-6.98398828125,-6.87916015625,0.1958359375,-6.43606640625,-7.73621875,-2.3560859375,2.51414453125,-2.9407578125,-8.22475,-12.312640625,-6.08487890625,3.42484375,-8.7869140625,-10.8262890625,-11.153921875,-8.2738359375,-5.1137734375,-9.11748046875,-12.6327421875,-8.85292578125,-5.12483203125,-7.51190625,-9.67781640625,-10.0936171875,-3.39627734375,-9.69930859375,-8.668703125,-7.0806015625,-7.55677734375
-6.91155859375,-8.80398828125,-8.58516015625,1.1868359375,-6.39406640625,-6.69121875,-3.4260859375,0.326144531249999,-2.3957578125,-7.49475,-12.548640625,-6.39287890625,5.37584375,-7.4949140625,-9.6372890625,-10.043921875,-8.5908359375,-4.1507734375,-7.31648046875,-11.5517421875,-9.26592578125,-5.36183203125,-6.86490625,-8.74381640625,-9.9786171875,-4.76927734375,-9.16430859375,-8.784703125,-7.9556015625,-9.41977734375
-6.02455859375,-9.14298828125,-8.79116015625,2.4108359375,-5.76106640625,-5.07721875,-3.7250859375,-1.08885546875,-1.3947578125,-6.14775,-12.179640625,-6.37287890625,7.10284375,-5.3279140625,-7.6832890625,-8.106921875,-8.2858359375,-2.4137734375,-4.62448046875,-9.5677421875,-9.02292578125,-4.85683203125,-5.39490625,-6.92781640625,-9.0866171875,-5.63627734375,-7.80430859375,-8.050703125,-7.9166015625,-10.32577734375
-4.48055859375,-8.46498828125,-7.88116015625,3.4778359375,-4.69406640625,-3.19921875,-3.3060859375,-1.57585546875,-0.0427578125,-4.49475,-11.230640625,-6.00187890625,8.28284375,-2.7469140625,-5.3982890625,-5.746921875,-7.4818359375,-0.0987734375000002,-1.70148046875,-7.0287421875,-8.11592578125,-3.16183203125,-3.28590625,-4.59281640625,-7.4936171875,-5.81427734375,-5.69530859375,-6.423703125,-6.7376015625,-9.91577734375
-3.31155859375,-7.60798828125,-6.68516015625,4.0618359375,-3.48406640625,-1.35821875,-2.3220859375,-1.14585546875,1.4642421875,-2.86675,-9.776640625,-5.15487890625,8.51084375,-0.3019140625,-3.2422890625,-3.342921875,-6.1988359375,2.3982265625,0.79151953125,-4.3967421875,-6.60592578125,-0.32383203125,-0.90190625,-2.25181640625,-5.3956171875,-5.18227734375,-3.12930859375,-4.063703125,-4.4556015625,-8.08077734375
-3.57455859375,-7.52598828125,-6.23916015625,3.9478359375,-2.52106640625,0.18378125,-1.0720859375,-0.0508554687500009,2.8392421875,-1.55175,-7.983640625,-3.73787890625,7.40984375,1.4770859375,-1.6082890625,-1.199921875,-4.4038359375,4.5132265625,2.33451953125,-2.1677421875,-4.65492578125,2.96916796875,1.23309375,-0.46281640625,-3.1306171875,-3.79527734375,-0.625308593750001,-1.406703125,-1.4936015625,-5.12677734375
-5.94555859375,-8.95398828125,-7.40216015625,3.0378359375,-2.18906640625,1.21778125,0.0339140625000002,1.26514453125,3.7212421875,-0.79075,-6.164640625,-1.84687890625,4.85884375,2.1610859375,-0.7652890625,0.431078125,-2.1878359375,5.6272265625,2.61751953125,-0.774742187500003,-2.55792578125,5.58316796875,2.51309375,0.29518359375,-1.1666171875,-1.95127734375,1.14569140625,0.844296875,1.3403984375,-1.83577734375
-10.33855859375,-12.04998828125,-10.43316015625,1.3688359375,-2.69006640625,1.62578125,0.6539140625,2.37514453125,3.7722421875,-0.74275,-4.719640625,0.21612109375,1.21484375,1.5280859375,-0.8042890625,1.381078125,0.1381640625,5.2902265625,1.59951953125,-0.449742187500002,-0.66192578125,6.38516796875,2.44609375,-0.21581640625,0.0363828125000001,-0.11227734375,1.56569140625,1.904296875,3.0883984375,0.740222656249999
-15.77355859375,-16.17798828125,-14.71416015625,-0.8531640625,-3.91406640625,1.47278125,0.6759140625,3.09214453125,2.8562421875,-1.39675,-3.953640625,2.10312109375,-2.62615625,-0.3119140625,-1.5532890625,1.666078125,2.1781640625,3.4562265625,-0.43648046875,-1.0977421875,0.79107421875,4.73516796875,0.90209375,-1.84081640625,0.2503828125,1.27672265625,0.355691406249999,1.235296875,3.0393984375,1.68422265625
-20.67555859375,-20.06198828125,-18.90416015625,-3.2851640625,-5.47606640625,1.03478125,0.2609140625,3.55014453125,1.1572421875,-2.51175,-3.896640625,3.62212109375,-5.51115625,-2.8889140625,-2.5802890625,1.545078125,3.7061640625,0.5562265625,-2.90448046875,-2.3027421875,1.78207421875,0.77016796875,-1.76590625,-4.03981640625,-0.3796171875,1.96872265625,-2.24730859375,-1.157703125,1.0603984375,0.62722265625
-23.51455859375,-22.32198828125,-21.50616015625,-5.5251640625,-6.87806640625,0.69678125,-0.2490859375,4.10314453125,-0.8947578125,-3.70475,-4.290640625,4.80112109375,-6.53815625,-5.5109140625,-3.3502890625,1.432078125,4.7911640625,-2.6577734375,-5.09348046875,-3.5067421875,2.46507421875,-4.64083203125,-4.84390625,-6.09681640625,-1.4066171875,1.97272265625,-5.54930859375,-4.680703125,-2.3306015625,-2.08977734375
-23.44355859375,-22.10198828125,-21.53916015625,-7.2131640625,-7.71206640625,0.75878125,-0.4780859375,5.11814453125,-2.8197578125,-4.62175,-4.748640625,5.80112109375,-5.48915625,-7.5349140625,-3.4762890625,1.693078125,5.7081640625,-5.4207734375,-6.43348046875,-4.2387421875,3.01007421875,-10.20983203125,-7.54390625,-7.41981640625,-2.3066171875,1.52072265625,-8.67830859375,-8.365703125,-6.1756015625,-5.56277734375
-20.61955859375,-19.43498828125,-18.91816015625,-8.1211640625,-7.79706640625,1.28578125,-0.1890859375,6.73014453125,-4.2757578125,-5.06875,-4.960640625,6.77912109375,-2.89815625,-8.5819140625,-2.8792890625,2.459078125,6.7041640625,-7.2187734375,-6.69748046875,-4.2687421875,3.48507421875,-14.62383203125,-9.28490625,-7.75181640625,-2.7126171875,0.97572265625,-10.90030859375,-11.227703125,-9.4306015625,-8.68677734375
-16.09255859375,-15.19098828125,-14.44116015625,-8.2251640625,-7.21806640625,2.08378125,0.5939140625,8.69014453125,-5.1337578125,-5.03275,-4.816640625,7.77512109375,0.20584375,-8.6169140625,-1.7992890625,3.579078125,7.7971640625,-7.8957734375,-6.03948046875,-3.6557421875,3.84607421875,-16.92283203125,-9.84190625,-7.20681640625,-2.5416171875,0.707722656250001,-11.83330859375,-12.590703125,-11.3026015625,-10.56977734375
-11.39355859375,-10.72198828125,-9.47416015625,-7.7231640625,-6.26206640625,2.78778125,1.5679140625,10.41014453125,-5.4557578125,-4.63775,-4.428640625,8.65412109375,2.70284375,-7.9059140625,-0.6672890625,4.675078125,8.7171640625,-7.6367734375,-4.90048046875,-2.7007421875,3.98307421875,-16.78283203125,-9.36390625,-6.17281640625,-1.9966171875,0.94472265625,-11.51630859375,-12.285703125,-11.4896015625,-10.82477734375
-8.00155859375,-7.38098828125,-5.49616015625,-6.9621640625,-5.25606640625,3.01078125,2.3059140625,11.23614453125,-5.4137578125,-4.08075,-4.055640625,9.14112109375,3.72384375,-6.8859140625,0.0687109375,5.294078125,9.0161640625,-6.8417734375,-3.82048046875,-1.8517421875,3.78907421875,-14.61783203125,-8.27590625,-5.14881640625,-1.4656171875,1.66572265625,-10.32430859375,-10.672703125,-10.2206015625,-9.64777734375
-6.85355859375,-6.04398828125,-3.59416015625,-6.2851640625,-4.40906640625,2.53878125,2.4669140625,10.79314453125,-5.1667578125,-3.52675,-3.934640625,8.96912109375,2.89384375,-5.9619140625,0.1417109375,5.119078125,8.3561640625,-5.9387734375,-3.21648046875,-1.5237421875,3.24907421875,-11.36683203125,-7.06490625,-4.54081640625,-1.3076171875,2.64572265625,-8.77030859375,-8.440703125,-8.0896015625,-7.65077734375
-8.04555859375,-6.79498828125,-4.06316015625,-5.8531640625,-3.72906640625,1.47278125,1.9679140625,9.19014453125,-4.7327578125,-3.00475,-4.098640625,8.08112109375,0.45284375,-5.3199140625,-0.3862890625,4.160078125,6.8131640625,-5.1837734375,-3.19348046875,-1.8917421875,2.52607421875,-8.03583203125,-6.04990625,-4.46881640625,-1.6236171875,3.62572265625,-7.25230859375,-6.297703125,-5.7576015625,-5.52177734375
-10.86255859375,-8.94498828125,-6.32616015625,-5.5911640625,-3.07506640625,0.23178125,1.0069140625,6.98014453125,-3.9887578125,-2.40575,-4.340640625,6.73312109375,-2.79915625,-4.8739140625,-1.1402890625,2.789078125,4.9751640625,-4.5747734375,-3.51548046875,-2.7837421875,1.95007421875,-5.29083203125,-5.26190625,-4.70081640625,-2.1626171875,4.47672265625,-5.90830859375,-4.691703125,-3.6846015625,-3.74077734375
-14.12755859375,-11.39698828125,-9.24416015625,-5.2681640625,-2.28106640625,-0.63021875,-0.0340859374999999,4.90314453125,-2.8027578125,-1.60575,-4.359640625,5.38312109375,-5.75115625,-4.3949140625,-1.6412890625,1.547078125,3.6791640625,-3.9407734375,-3.76048046875,-3.7617421875,1.86207421875,-3.32983203125,-4.52090625,-4.77681640625,-2.4496171875,5.18472265625,-4.65130859375,-3.717703125,-2.0696015625,-2.46577734375
-16.71655859375,-13.17298828125,-11.66716015625,-4.6851640625,-1.29106640625,-0.68221875,-0.7750859375,3.54214453125,-1.1967578125,-0.61675,-3.985640625,4.45112109375,-7.32815625,-3.6949140625,-1.5632890625,0.870078125,3.5591640625,-3.0957734375,-3.54348046875,-4.3327421875,2.40707421875,-2.01683203125,-3.59690625,-4.25381640625,-2.0466171875,5.73272265625,-3.32030859375,-3.207703125,-0.9266015625,-1.61577734375
-17.97855859375,-13.78498828125,-12.88716015625,-3.8111640625,-0.213066406250001,0.21778125,-1.0250859375,3.06314453125,0.6032421875,0.37725,-3.294640625,4.14112109375,-6.82415625,-2.7169140625,-0.8632890625,0.917078125,4.7101640625,-1.9257734375,-2.67048046875,-4.1647421875,3.45007421875,-1.08383203125,-2.32390625,-2.88981640625,-0.7596171875,6.02172265625,-1.79530859375,-2.868703125,-0.1926015625,-1.00977734375
-17.85655859375,-13.31298828125,-12.78516015625,-2.7871640625,0.739933593749999,1.91278125,-0.8350859375,3.18514453125,2.2742421875,1.12525,-2.557640625,4.40312109375,-4.13015625,-1.4979140625,0.2637109375,1.581078125,6.6691640625,-0.4017734375,-1.15348046875,-3.1897421875,4.66107421875,-0.26083203125,-0.63390625,-0.711816406250001,1.2983828125,5.90972265625,-0.0293085937500006,-2.418703125,0.228398437500001,-0.461777343750001
-16.72355859375,-12.20698828125,-11.71516015625,-1.8241640625,1.39193359375,4.03178125,-0.3990859375,3.40614453125,3.5412421875,1.43525,-2.078640625,4.99912109375,0.19784375,-0.1039140625,1.5027109375,2.610078125,8.6451640625,1.4272265625,0.82951953125,-1.6047421875,5.68907421875,0.63616796875,1.43309375,2.01818359375,3.7713828125,5.34172265625,1.95969140625,-1.682703125,0.458398437500001,0.14322265625
-15.14155859375,-11.03998828125,-10.27116015625,-1.1041640625,1.69493359375,6.09678125,0.0759140625000001,3.28414453125,4.2672421875,1.24625,-2.070640625,5.61112109375,5.07184375,1.3740859375,2.5227109375,3.724078125,9.8411640625,3.3952265625,2.98451953125,0.192257812499998,6.30607421875,1.63216796875,3.71109375,4.87718359375,6.1843828125,4.42972265625,4.07169140625,-0.655703125,0.6043984375,0.814222656249999
-13.71455859375,-10.32998828125,-9.08016015625,-0.7711640625,1.69793359375,7.64378125,0.4079140625,2.59214453125,4.4582421875,0.63725,-2.584640625,5.94812109375,9.21884375,2.8010859375,3.0587109375,4.702078125,9.7201640625,5.2192265625,4.94851953125,1.7152578125,6.47607421875,2.57216796875,5.90309375,7.39018359375,8.0953828125,3.43872265625,6.12769140625,0.511296875,0.7053984375,1.45522265625
-13.01755859375,-10.45998828125,-8.66116015625,-0.9571640625,1.45293359375,8.36878125,0.4179140625,1.31914453125,4.2282421875,-0.19175,-3.507640625,5.85412109375,11.61484375,3.9910859375,2.9977109375,5.432078125,8.1711640625,6.5762265625,6.38251953125,2.5412578125,6.34107421875,3.18616796875,7.67009375,9.18218359375,9.2253828125,2.68172265625,7.89769140625,1.602296875,0.7213984375,1.93722265625
-13.48255859375,-11.60198828125,-9.30916015625,-1.7411640625,0.999933593749999,8.23378125,-0.00508593749999986,-0.342855468750001,3.7622421875,-0.97075,-4.601640625,5.37512109375,11.81684375,4.7660859375,2.4397109375,5.916078125,5.5571640625,7.2502265625,7.08451953125,2.4682578125,6.13707421875,3.25416796875,8.75509375,10.09018359375,9.5323828125,2.38272265625,9.17169140625,2.459296875,0.5803984375,2.19022265625
-15.21655859375,-13.64598828125,-11.01016015625,-3.0591640625,0.415933593749999,7.47578125,-0.8030859375,-2.03085546875,3.2552421875,-1.44275,-5.590640625,4.72412109375,10.06284375,5.0300859375,1.6647109375,6.222078125,2.6141640625,7.2422265625,7.05151953125,1.5862578125,6.08407421875,2.78116796875,9.08109375,10.19518359375,9.1833828125,2.58872265625,9.82569140625,3.033296875,0.2453984375,2.24622265625
-17.91155859375,-16.19398828125,-13.43416015625,-4.6841640625,-0.173066406250001,6.48778125,-1.7420859375,-3.31485546875,2.8402421875,-1.46875,-6.265640625,4.16312109375,7.11184375,4.7990859375,0.9927109375,6.403078125,0.2231640625,6.7772265625,6.44951953125,0.228257812499997,6.28607421875,2.06016796875,8.76009375,9.72618359375,8.4523828125,3.17672265625,9.83769140625,3.371296875,-0.239601562500001,2.19322265625
-20.96455859375,-18.69898828125,-16.06816015625,-6.3181640625,-0.67906640625,5.62878125,-2.5650859375,-3.89985546875,2.5152421875,-1.09675,-6.566640625,3.86112109375,3.95684375,4.1730859375,0.6237109375,6.442078125,-0.8838359375,6.1632265625,5.49351953125,-1.1997421875,6.70107421875,1.54116796875,8.00209375,8.90618359375,7.5973828125,3.91272265625,9.26869140625,3.547296875,-0.781601562500001,2.08322265625
-23.73655859375,-20.68498828125,-18.44116015625,-7.7351640625,-1.14906640625,5.07078125,-3.1690859375,-3.74685546875,2.1332421875,-0.58175,-6.611640625,3.80512109375,1.49484375,3.2590859375,0.5197109375,6.246078125,-0.3998359375,5.5902265625,4.31951953125,-2.4057421875,7.16207421875,1.54816796875,6.98009375,7.83618359375,6.7593828125,4.53972265625,8.19769140625,3.581296875,-1.3216015625,1.86222265625
-25.79855859375,-21.93598828125,-20.30116015625,-8.8591640625,-1.74006640625,4.76178125,-3.6230859375,-3.02885546875,1.4542421875,-0.29075,-6.628640625,3.83112109375,0.28084375,2.1090859375,0.4447109375,5.720078125,1.4241640625,5.0182265625,2.94751953125,-3.3087421875,7.45607421875,2.04716796875,5.75809375,6.48418359375,5.9393828125,4.83372265625,6.67469140625,3.412296875,-1.8986015625,1.37722265625
-27.03655859375,-22.53098828125,-21.62916015625,-9.7371640625,-2.60506640625,4.52778125,-4.0690859375,-1.99185546875,0.2912421875,-0.51575,-6.799640625,3.75012109375,0.40784375,0.7670859375,0.1497109375,4.889078125,3.8961640625,4.2472265625,1.38151953125,-3.9917421875,7.44107421875,2.64316796875,4.32909375,4.81118359375,5.0753828125,4.67172265625,4.75869140625,2.940296875,-2.6216015625,0.50222265625
-27.64255859375,-22.74298828125,-22.54116015625,-10.4681640625,-3.77506640625,4.23778125,-4.6130859375,-0.868855468750001,-1.3497578125,-1.27275,-7.101640625,3.48712109375,1.55084375,-0.6349140625,-0.4252890625,3.974078125,6.1911640625,3.1322265625,-0.25548046875,-4.5677421875,7.12707421875,2.83116796875,2.74709375,2.92718359375,4.1653828125,4.08372265625,2.60469140625,2.136296875,-3.5476015625,-0.723777343750001
-28.00355859375,-22.90598828125,-23.17916015625,-11.1481640625,-5.12406640625,3.90078125,-5.2730859375,0.136144531249999,-3.2327578125,-2.27675,-7.303640625,3.10612109375,3.09684375,-1.8499140625,-1.0832890625,3.314078125,7.6901640625,1.7412265625,-1.68648046875,-5.0797421875,6.65907421875,2.27616796875,1.19509375,1.14218359375,3.3263828125,3.25172265625,0.509691406249999,1.114296875,-4.5816015625,-2.05577734375
-28.52255859375,-23.30198828125,-23.66016015625,-11.8201640625,-6.39106640625,3.62878125,-5.9600859375,0.864144531249999,-4.9977578125,-3.10775,-7.122640625,2.72612109375,4.34384375,-2.6039140625,-1.5132890625,3.177078125,8.1591640625,0.3512265625,-2.58948046875,-5.4757421875,6.20107421875,0.95216796875,-0.0609062499999999,-0.14581640625,2.7373828125,2.41972265625,-1.14330859375,0.109296875,-5.4736015625,-3.13377734375
-29.41155859375,-24.05598828125,-24.04716015625,-12.4591640625,-7.26306640625,3.52778125,-6.4900859375,1.26214453125,-6.3027578125,-3.44975,-6.425640625,2.43412109375,4.71684375,-2.7269140625,-1.4992890625,3.588078125,7.7511640625,-0.7057734375,-2.77248046875,-5.6667421875,5.82607421875,-0.89483203125,-0.79690625,-0.63681640625,2.5163828125,1.79072265625,-2.02330859375,-0.604703125,-5.9296015625,-3.65477734375
-30.57555859375,-25.06698828125,-24.32416015625,-12.9731640625,-7.47406640625,3.63478125,-6.6670859375,1.41214453125,-6.9307578125,-3.21375,-5.304640625,2.27412109375,3.96984375,-2.2259140625,-1.0272890625,4.333078125,6.8861640625,-1.1897734375,-2.25948046875,-5.6007421875,5.50107421875,-2.83683203125,-0.90190625,-0.26581640625,2.6523828125,1.46172265625,-1.97030859375,-0.813703125,-5.7436015625,-3.48577734375
-31.68655859375,-26.05998828125,-24.44016015625,-13.2471640625,-6.91306640625,3.90178125,-6.3960859375,1.50314453125,-6.7977578125,-2.51575,-4.016640625,2.26912109375,2.28284375,-1.2509140625,-0.2612890625,5.075078125,6.0501640625,-1.0257734375,-1.26448046875,-5.3297421875,5.14407421875,-4.37883203125,-0.39190625,0.78118359375,2.9943828125,1.41972265625,-1.05530859375,-0.433703125,-4.9006015625,-2.69577734375
-32.39255859375,-26.76998828125,-24.41716015625,-13.1901640625,-5.66006640625,4.22878125,-5.7480859375,1.72814453125,-5.9657578125,-1.59375,-2.873640625,2.40412109375,0.19284375,-0.0469140625,0.5457109375,5.496078125,5.5751640625,-0.3097734375,-0.0934804687499997,-5.0367421875,4.67307421875,-5.08283203125,0.60209375,2.12718359375,3.2933828125,1.53972265625,0.403691406249999,0.455296875,-3.6036015625,-1.53577734375
-32.54655859375,-27.11298828125,-24.42016015625,-12.7931640625,-3.96306640625,4.48778125,-4.9330859375,2.16314453125,-4.6287578125,-0.73475,-2.154640625,2.59212109375,-1.62015625,1.0940859375,1.1327109375,5.375078125,5.4851640625,0.7422265625,0.94651953125,-5.0177421875,4.02407421875,-4.71383203125,1.86009375,3.29818359375,3.2663828125,1.59572265625,1.90169140625,1.616296875,-2.2346015625,-0.37677734375
-32.27255859375,-27.21998828125,-24.70216015625,-12.1581640625,-2.17906640625,4.54378125,-4.2440859375,2.64914453125,-3.0857578125,-0.19675,-2.037640625,2.68412109375,-2.59715625,1.8890859375,1.2997109375,4.638078125,5.5011640625,1.8762265625,1.61151953125,-5.5827421875,3.17107421875,-3.31983203125,3.10209375,3.84418359375,2.6883828125,1.31472265625,2.89469140625,2.725296875,-1.2226015625,0.370222656249998
-31.86355859375,-27.31298828125,-25.42816015625,-11.4861640625,-0.70306640625,4.29778125,-3.9860859375,2.80614453125,-1.6637578125,-0.13375,-2.564640625,2.54912109375,-2.48815625,2.1400859375,0.9557109375,3.365078125,5.2081640625,2.8762265625,1.76351953125,-6.9037421875,2.15407421875,-1.22783203125,4.05509375,3.46218359375,1.4923828125,0.501722656249999,2.99169140625,3.484296875,-0.8876015625,0.38722265625
-31.53655859375,-27.50298828125,-26.50316015625,-10.9871640625,0.141933593749999,3.70978125,-4.3600859375,2.22514453125,-0.6277578125,-0.56675,-3.630640625,2.14212109375,-1.39315625,1.8000859375,0.1367109375,1.764078125,4.2771640625,3.6012265625,1.37951953125,-8.8997421875,1.09507421875,1.05616796875,4.52909375,2.10118359375,-0.1866171875,-0.85227734375,2.09869140625,3.729296875,-1.3116015625,-0.43777734375
-31.23155859375,-27.64598828125,-27.52116015625,-10.7551640625,0.231933593749999,2.83378125,-5.3250859375,0.752144531249999,-0.1137578125,-1.37675,-5.013640625,1.51912109375,0.35784375,1.0020859375,-1.0022890625,0.105078125,2.6311640625,4.0022265625,0.55751953125,-11.2267421875,0.15907421875,3.02816796875,4.47109375,-0.00581640625000013,-2.0596171875,-2.53927734375,0.435691406249999,3.481296875,-2.3316015625,-1.95077734375
-30.56955859375,-27.33498828125,-27.84916015625,-10.6921640625,-0.29606640625,1.81978125,-6.5610859375,-1.36685546875,-0.0837578125,-2.32875,-6.381640625,0.82612109375,2.38584375,0.0490859374999999,-2.2042890625,-1.331921875,0.5041640625,4.1452265625,-0.48448046875,-13.3927421875,-0.50492578125,4.37116796875,4.00709375,-2.37581640625,-3.7696171875,-4.21827734375,-1.55830859375,2.943296875,-3.6206015625,-3.76177734375
-29.03955859375,-26.05798828125,-26.83416015625,-10.5521640625,-1.10806640625,0.90378125,-7.5940859375,-3.59185546875,-0.3327578125,-3.11575,-7.324640625,0.24912109375,4.38684375,-0.6519140625,-3.1512890625,-2.291921875,-1.6068359375,4.2192265625,-1.42848046875,-14.9367421875,-0.81392578125,5.08516796875,3.43409375,-4.41381640625,-4.9936171875,-5.54327734375,-3.37330859375,2.440296875,-4.8186015625,-5.37677734375
-26.28555859375,-23.46298828125,-24.07516015625,-10.0891640625,-1.81606640625,0.34178125,-8.0120859375,-5.35585546875,-0.5737578125,-3.46275,-7.439640625,-0.0558789062500001,6.15684375,-0.7349140625,-3.5702890625,-2.590921875,-3.0958359375,4.4742265625,-1.94048046875,-15.5917421875,-0.76892578125,5.44716796875,3.11809375,-5.60481640625,-5.5186171875,-6.26327734375,-4.57730859375,2.293296875,-5.6586015625,-6.35677734375
-22.32455859375,-19.60098828125,-19.65216015625,-9.1911640625,-2.12106640625,0.30878125,-7.6210859375,-6.29685546875,-0.5787578125,-3.27175,-6.490640625,-0.0398789062500001,7.55684375,-0.0429140625,-3.3532890625,-2.175921875,-3.4738359375,5.0952265625,-1.80448046875,-15.3617421875,-0.43192578125,5.81416796875,3.32809375,-5.70481640625,-5.2946171875,-6.27327734375,-4.93430859375,2.672296875,-6.0306015625,-6.46377734375
-17.61855859375,-15.01298828125,-14.21016015625,-7.9481640625,-1.90506640625,0.82578125,-6.5140859375,-6.37385546875,-0.2717578125,-2.67275,-4.517640625,0.21012109375,8.49584375,1.2880859375,-2.6172890625,-1.155921875,-2.5858359375,6.0812265625,-1.02148046875,-14.4797421875,0.13407421875,6.39316796875,4.10609375,-4.81581640625,-4.4176171875,-5.61027734375,-4.42430859375,3.516296875,-5.9576015625,-5.71677734375
-13.00055859375,-10.63098828125,-8.85016015625,-6.6211640625,-1.26806640625,1.76178125,-5.0560859375,-5.86085546875,0.2712421875,-1.94575,-1.833640625,0.53512109375,8.94584375,2.9050859375,-1.6472890625,0.212078125,-0.6848359375,7.2462265625,0.19651953125,-13.2747421875,0.91207421875,7.13916796875,5.27209375,-3.28981640625,-3.0676171875,-4.41127734375,-3.18930859375,4.571296875,-5.5186015625,-4.35477734375
-9.50555859375,-7.53098828125,-4.88016015625,-5.5351640625,-0.496066406250001,2.88878125,-3.7660859375,-5.21585546875,0.9052421875,-1.35875,1.091359375,0.79012109375,8.92884375,4.4030859375,-0.7532890625,1.593078125,1.6511640625,8.3142265625,1.53551953125,-12.0227421875,1.90407421875,7.81616796875,6.52209375,-1.55381640625,-1.4476171875,-2.88027734375,-1.45630859375,5.529296875,-4.7826015625,-2.75077734375
-8.11655859375,-6.65398828125,-3.47016015625,-4.9671640625,0.0509335937499991,3.94578125,-3.1120859375,-4.86785546875,1.4702421875,-1.06975,3.779359375,0.89612109375,8.45084375,5.4640859375,-0.1652890625,2.636078125,3.7331640625,9.0242265625,2.68151953125,-10.8817421875,3.04307421875,8.15416796875,7.54609375,0.0361835937499997,0.2353828125,-1.25727734375,0.501691406249999,6.163296875,-3.8146015625,-1.34677734375
-9.48755859375,-8.53398828125,-5.29616015625,-5.0901640625,0.0479335937499989,4.68878125,-3.3410859375,-5.05785546875,1.7952421875,-1.11275,5.856359375,0.82112109375,7.41684375,5.9040859375,0.0137109375000001,3.063078125,4.9701640625,9.1872265625,3.40251953125,-9.9087421875,4.12707421875,7.99416796875,8.09709375,1.24318359375,1.7533828125,0.18572265625,2.37269140625,6.389296875,-2.7366015625,-0.593777343750002
-13.69055859375,-13.09098828125,-10.25816015625,-5.9791640625,-0.717066406250001,4.92678125,-4.4420859375,-5.83485546875,1.6812421875,-1.45275,7.128359375,0.55012109375,5.63284375,5.6530859375,-0.1982890625,2.760078125,5.0191640625,8.7022265625,3.56551953125,-9.1297421875,4.86407421875,7.35616796875,8.01709375,1.94318359375,2.8723828125,1.17072265625,3.83169140625,6.246296875,-1.7636015625,-0.863777343750002
-20.05655859375,-19.54398828125,-17.38116015625,-7.6051640625,-2.30106640625,4.58178125,-6.2200859375,-7.13485546875,0.9442421875,-2.02275,7.604359375,0.0781210937499999,2.95184375,4.7330859375,-0.6832890625,1.846078125,3.8791640625,7.5612265625,3.14751953125,-8.5727421875,5.02007421875,6.39716796875,7.25809375,2.09918359375,3.4173828125,1.46972265625,4.62069140625,5.834296875,-1.1626015625,-2.32977734375
-27.21455859375,-26.52398828125,-25.01316015625,-9.7771640625,-4.55606640625,3.73478125,-8.3480859375,-8.80685546875,-0.5027578125,-2.74675,7.477359375,-0.57287890625,-0.49915625,3.2580859375,-1.2642890625,0.650078125,1.9041640625,5.8702265625,2.25351953125,-8.2427421875,4.56207421875,5.32216796875,5.90209375,1.77218359375,3.3653828125,0.97672265625,4.65369140625,5.263296875,-1.1366015625,-4.83377734375
-33.37755859375,-32.40898828125,-31.27516015625,-12.0831640625,-7.07806640625,2.63578125,-10.3720859375,-10.60385546875,-2.5467578125,-3.51475,7.068359375,-1.31787890625,-4.16515625,1.4550859375,-1.7372890625,-0.405921875,-0.2588359375,3.8672265625,1.11151953125,-8.0757421875,3.70207421875,4.33216796875,4.18609375,1.12418359375,2.8813828125,-0.23027734375,4.07769140625,4.636296875,-1.7076015625,-7.87677734375
-36.88555859375,-35.77398828125,-34.63016015625,-13.9521640625,-9.28006640625,1.63678125,-11.7900859375,-12.22985546875,-4.8487578125,-4.16675,6.736359375,-2.01287890625,-7.13215625,-0.3369140625,-1.9162890625,-0.978921875,-1.8668359375,1.9072265625,0.0405195312500002,-7.9417421875,2.79107421875,3.59016796875,2.47609375,0.39618359375,2.2693828125,-1.88127734375,3.23569140625,4.045296875,-2.6786015625,-10.77277734375
-36.77855859375,-35.84898828125,-34.35216015625,-14.8411640625,-10.58306640625,1.05378125,-12.2290859375,-13.46885546875,-6.9207578125,-4.50775,6.758359375,-2.49787890625,-8.47315625,-1.7269140625,-1.6742890625,-0.955921875,-2.3838359375,0.3702265625,-0.64248046875,-7.7267421875,2.13007421875,3.17416796875,1.16609375,-0.16881640625,1.8233828125,-3.61027734375,2.50169140625,3.546296875,-3.7176015625,-12.91977734375
-33.17055859375,-32.78898828125,-30.76616015625,-14.4681640625,-10.64806640625,1.00578125,-11.6210859375,-14.28085546875,-8.2987578125,-4.40175,7.204359375,-2.69987890625,-7.71415625,-2.4019140625,-1.0212890625,-0.530921875,-1.7818359375,-0.4917734375,-0.76048046875,-7.4387421875,1.79807421875,3.01116796875,0.51509375,-0.43381640625,1.6593828125,-5.10727734375,2.08469140625,3.134296875,-4.5246015625,-14.04577734375
-27.19555859375,-27.63698828125,-25.12616015625,-12.9171640625,-9.49806640625,1.33578125,-10.2370859375,-14.78385546875,-8.7247578125,-3.87375,7.882359375,-2.70487890625,-5.14715625,-2.2609140625,-0.1422890625,-0.151921875,-0.6528359375,-0.6737734375,-0.35648046875,-7.2347421875,1.60807421875,2.86316796875,0.52709375,-0.429816406250001,1.6343828125,-6.24327734375,1.93369140625,2.735296875,-4.9606015625,-14.27377734375
-20.55955859375,-21.93698828125,-19.14716015625,-10.5851640625,-7.47506640625,1.68078125,-8.5740859375,-15.14985546875,-8.2057578125,-3.10875,8.429359375,-2.72887890625,-1.75915625,-1.4499140625,0.6547109375,-0.312921875,0.0521640625000002,-0.3967734375,0.33051953125,-7.3257421875,1.24207421875,2.43016796875,0.97209375,-0.31381640625,1.4433828125,-7.08227734375,1.81869140625,2.279296875,-5.0576015625,-13.97177734375
-14.84955859375,-17.12598828125,-14.33416015625,-7.9901640625,-5.06506640625,1.68378125,-7.1770859375,-15.52685546875,-6.9367578125,-2.32175,8.534359375,-2.98687890625,1.21984375,-0.2659140625,1.0857109375,-1.277921875,-0.4608359375,0.0362265624999998,1.00551953125,-7.8277421875,0.46607421875,1.54316796875,1.55709375,-0.24081640625,0.8313828125,-7.77327734375,1.53369140625,1.794296875,-4.9026015625,-13.50277734375
-10.91155859375,-13.96798828125,-11.41016015625,-5.5511640625,-2.66206640625,1.18378125,-6.4340859375,-15.97785546875,-5.1667578125,-1.62075,8.125359375,-3.55087890625,2.88784375,0.9920859375,1.0477109375,-2.903921875,-2.3668359375,0.4202265625,1.46151953125,-8.6587421875,-0.71092578125,0.34516796875,2.10409375,-0.25781640625,-0.2236171875,-8.41927734375,1.06469140625,1.450296875,-4.5376015625,-13.03977734375
-8.55355859375,-12.28098828125,-10.08716015625,-3.4411640625,-0.402066406250001,0.27978125,-6.4140859375,-16.44485546875,-3.1167578125,-0.96575,7.413359375,-4.31587890625,3.02784375,2.1300859375,0.6537109375,-4.687921875,-5.1418359375,0.7202265625,1.65151953125,-9.5607421875,-2.04492578125,-0.70483203125,2.60509375,-0.29481640625,-1.4876171875,-8.99027734375,0.59369140625,1.480296875,-3.9536015625,-12.55977734375
-6.78555859375,-11.12398828125,-9.31516015625,-1.6131640625,1.80193359375,-0.76321875,-6.8790859375,-16.80285546875,-0.9867578125,-0.24575,6.764359375,-5.07287890625,2.08284375,3.0680859375,0.1527109375,-6.010921875,-7.8338359375,1.0232265625,1.64651953125,-10.2227421875,-3.18292578125,-1.04383203125,3.15109375,-0.24781640625,-2.6036171875,-9.33827734375,0.36069140625,2.031296875,-3.1756015625,-11.98577734375
-4.52555859375,-9.39198828125,-7.93316015625,0.0288359375000002,4.02393359375,-1.65521875,-7.4820859375,-16.99185546875,1.0032421875,0.59225,6.495359375,-5.63087890625,0.82384375,3.7860859375,-0.2192890625,-6.429921875,-9.5048359375,1.4132265625,1.54251953125,-10.4327421875,-3.81892578125,-0.32783203125,3.79109375,-0.0898164062500002,-3.2786171875,-9.28427734375,0.470691406249999,3.073296875,-2.3246015625,-11.33577734375
-1.43055859375,-6.57998828125,-5.45216015625,1.4088359375,6.06193359375,-2.20321875,-8.0360859375,-17.14285546875,2.5752421875,1.43025,6.702359375,-5.90887890625,-0.05015625,4.2430859375,-0.3722890625,-5.876921875,-9.6148359375,1.8632265625,1.38351953125,-10.1917421875,-3.81692578125,1.31716796875,4.43009375,0.0761835937499997,-3.4226171875,-8.73127734375,0.778691406249999,4.383296875,-1.6106015625,-10.77977734375
1.67344140625,-3.29298828125,-2.53716015625,2.1918359375,7.37293359375,-2.38321875,-8.6350859375,-17.56385546875,3.3862421875,1.94025,7.167359375,-5.99287890625,-0.19215625,4.3140859375,-0.4322890625,-4.691921875,-8.2778359375,2.1942265625,1.10251953125,-9.7407421875,-3.26792578125,3.27816796875,4.79709375,0.0151835937499998,-3.1996171875,-7.76627734375,0.885691406249999,5.612296875,-1.2746015625,-10.58077734375
3.11544140625,-1.07198828125,-0.78416015625,1.8918359375,7.29993359375,-2.35521875,-9.5680859375,-18.57985546875,3.1212421875,1.69225,7.426359375,-6.10587890625,0.30884375,3.8000859375,-0.6992890625,-3.484921875,-6.2738359375,2.1212265625,0.53451953125,-9.4947421875,-2.48392578125,4.69316796875,4.51809375,-0.57281640625,-2.9546171875,-6.66927734375,0.278691406249999,6.374296875,-1.5146015625,-10.97077734375
1.43244140625,-1.49198828125,-1.75416015625,0.1898359375,5.48893359375,-2.40721875,-11.0750859375,-20.32685546875,1.6732421875,0.41225,7.009359375,-6.48887890625,1.01384375,2.5680859375,-1.4702890625,-2.863921875,-4.7438359375,1.4112265625,-0.48448046875,-9.8677421875,-1.89492578125,4.87616796875,3.29909375,-1.91381640625,-3.0636171875,-5.81627734375,-1.41030859375,6.366296875,-2.4226015625,-12.01477734375
-3.42155859375,-4.94698828125,-5.73416015625,-2.7101640625,2.28093359375,-2.82721875,-13.0830859375,-22.57085546875,-0.6367578125,-1.71975,5.760359375,-7.23487890625,1.32284375,0.7510859375,-2.8042890625,-3.143921875,-4.6498359375,0.0712265624999999,-1.95948046875,-11.0487421875,-1.86992578125,3.68816796875,1.13609375,-3.99681640625,-3.7466171875,-5.54527734375,-4.15630859375,5.474296875,-3.9416015625,-13.53877734375
-9.45955859375,-9.94598828125,-11.06716015625,-5.8821640625,-1.15606640625,-3.73321875,-15.0250859375,-24.63485546875,-2.9897578125,-3.96775,4.049359375,-8.16387890625,0.71484375,-1.1299140625,-4.3602890625,-4.169921875,-6.2668359375,-1.5537734375,-3.60448046875,-12.8207421875,-2.55292578125,1.62616796875,-1.57690625,-6.47681640625,-4.9336171875,-6.03527734375,-7.45130859375,3.833296875,-5.8576015625,-15.16577734375
-13.26055859375,-13.52298828125,-14.64316015625,-7.8881640625,-3.15706640625,-4.95321875,-15.9310859375,-25.56185546875,-4.2757578125,-5.24475,2.710359375,-8.83687890625,-0.98515625,-2.2579140625,-5.4372890625,-5.346921875,-9.0138359375,-2.8637734375,-4.83948046875,-14.5487421875,-3.76792578125,-0.43783203125,-4.11390625,-8.70381640625,-6.2456171875,-7.23927734375,-10.43530859375,1.799296875,-7.8346015625,-16.42477734375
-11.61455859375,-12.69698828125,-13.42816015625,-7.3891640625,-2.28706640625,-6.02821875,-14.8630859375,-24.55285546875,-3.5357578125,-4.56675,2.701359375,-8.74087890625,-3.40915625,-1.8289140625,-5.2312890625,-5.871921875,-11.7188359375,-3.2427734375,-4.98248046875,-15.3697421875,-5.04892578125,-1.71483203125,-5.66090625,-9.91881640625,-7.0856171875,-8.84527734375,-12.18730859375,-0.135703125,-9.4626015625,-16.89077734375
-3.30155859375,-6.12398828125,-6.16116015625,-3.8481640625,1.88993359375,-6.38821875,-11.4920859375,-21.47285546875,-0.4467578125,-1.53475,4.635359375,-7.55187890625,-5.65415625,0.5470859375,-3.2262890625,-5.082921875,-13.1918359375,-2.3497734375,-3.56448046875,-14.5567421875,-5.81592578125,-1.85583203125,-5.64090625,-9.53981640625,-6.8576171875,-10.32227734375,-12.06130859375,-1.488703125,-10.3686015625,-16.30277734375
10.10944140625,5.05801171875,5.83683984375,2.1018359375,8.49993359375,-5.64621875,-6.4270859375,-17.04085546875,4.4192421875,3.38625,8.402359375,-5.36687890625,-6.59815625,4.5600859375,0.4697109375,-2.790921875,-12.7888359375,-0.3047734375,-0.62548046875,-11.8937421875,-5.63492578125,-1.05083203125,-3.98190625,-7.44881640625,-5.2366171875,-11.09427734375,-9.93530859375,-1.954703125,-10.3376015625,-14.66077734375
24.84344140625,17.63001171875,19.12383984375,8.8538359375,15.69193359375,-3.83121875,-1.0640859375,-12.55685546875,9.7202421875,8.94625,13.104359375,-2.74087890625,-5.46715625,9.2140859375,5.0427109375,0.575078125,-10.6938359375,2.3342265625,3.20051953125,-7.8357421875,-4.42492578125,0.16316796875,-1.16490625,-4.09081640625,-2.3576171875,-10.79027734375,-6.24630859375,-1.517703125,-9.4146015625,-12.25577734375
36.43944140625,27.61001171875,29.52983984375,14.4518359375,21.40293359375,-1.39421875,2.9369140625,-9.34685546875,13.8652421875,13.57125,17.367359375,-0.48487890625,-2.34215625,13.1970859375,9.2467109375,4.133078125,-7.7718359375,4.8352265625,6.91551953125,-3.3557421875,-2.48592578125,1.25516796875,2.01309375,-0.27881640625,1.2173828125,-9.40927734375,-1.79130859375,-0.421703125000001,-7.8796015625,-9.59577734375
41.47244140625,31.84601171875,33.80383984375,17.3358359375,24.16093359375,1.04378125,4.2879140625,-8.24985546875,15.6762421875,16.00225,19.938359375,0.71212109375,1.77484375,15.4510859375,11.9567109375,6.943078125,-5.0838359375,6.6542265625,9.61251953125,0.488257812499997,-0.31692578125,2.01516796875,4.83809375,3.20018359375,4.7613828125,-7.29927734375,2.61869140625,1.000296875,-6.0976015625,-7.21977734375
38.86044140625,29.27201171875,30.89583984375,16.9398359375,23.62493359375,3.00478125,2.6099140625,-9.30185546875,14.8912421875,15.84025,20.239359375,0.62712109375,5.46784375,15.6410859375,12.6817109375,8.420078125,-3.3588359375,7.6782265625,10.89351953125,3.0042578125,1.61607421875,2.63016796875,6.99809375,5.92718359375,7.6923828125,-4.97327734375,6.44969140625,2.503296875,-4.3496015625,-5.50277734375
30.36144140625,21.42101171875,22.46283984375,13.9088359375,20.69193359375,4.32478125,-1.3170859375,-11.69385546875,12.2472421875,13.68525,18.608359375,-0.39787890625,7.66684375,14.2720859375,11.7557109375,8.532078125,-2.7348359375,8.1942265625,11.00851953125,4.0982578125,3.02707421875,3.48316796875,8.61509375,7.92818359375,9.7423828125,-2.91727734375,9.51769140625,3.978296875,-2.7656015625,-4.56377734375
20.00044140625,11.93201171875,12.35383984375,9.8408359375,17.10093359375,5.08778125,-5.7820859375,-14.05685546875,9.1312421875,10.85225,16.111359375,-1.62287890625,8.14584375,12.4010859375,10.1077109375,7.706078125,-2.8578359375,8.6492265625,10.65251953125,4.1882578125,3.83307421875,4.84616796875,10.02809375,9.48918359375,10.9293828125,-1.45427734375,11.86769140625,5.390296875,-1.3676015625,-4.29977734375
12.45944140625,5.10801171875,5.12383984375,6.5958359375,14.67293359375,5.45178125,-8.8580859375,-15.04985546875,6.9712421875,8.76925,14.031359375,-2.26887890625,7.44384375,11.1300859375,8.7757109375,6.554078125,-3.1948359375,9.3682265625,10.55351953125,3.9002578125,4.10407421875,6.68916796875,11.51609375,10.88918359375,11.4213828125,-0.68827734375,13.59969140625,6.694296875,-0.1416015625,-4.47777734375
10.99244140625,3.97501171875,4.01883984375,5.4498359375,14.48393359375,5.51078125,-9.3180859375,-14.00285546875,6.6242421875,8.33725,13.266359375,-1.90887890625,6.35784375,11.1020859375,8.3997109375,5.565078125,-3.3618359375,10.3862265625,11.09351953125,3.7232578125,3.98607421875,8.67316796875,13.10709375,12.21018359375,11.3893828125,-0.51327734375,14.74669140625,7.806296875,0.9083984375,-4.83777734375
15.88144140625,8.79401171875,9.40083984375,6.5088359375,16.39293359375,5.24978125,-7.2380859375,-11.25985546875,8.0052421875,9.50925,13.922359375,-0.69887890625,5.37384375,12.2140859375,8.9427109375,4.895078125,-3.3158359375,11.4192265625,12.11551953125,3.7772578125,3.61307421875,10.29516796875,14.53609375,13.27018359375,10.9183828125,-0.700277343750001,15.23869140625,8.606296875,1.7213984375,-5.16677734375
24.40544140625,17.00501171875,18.61783984375,8.7278359375,19.19593359375,4.59078125,-3.8950859375,-7.98285546875,10.1572421875,11.33925,15.326359375,0.70912109375,4.40884375,13.6940859375,9.7657109375,4.372078125,-3.3528359375,11.9932265625,13.02151953125,3.8212578125,3.05107421875,11.07516796875,15.33709375,13.70518359375,9.9953828125,-1.04327734375,14.93269140625,8.957296875,2.1583984375,-5.36777734375
32.43244140625,24.72401171875,27.54183984375,10.5358359375,21.31993359375,3.47578125,-1.0380859375,-5.51485546875,11.7602421875,12.53625,16.478359375,1.56112109375,2.98984375,14.5270859375,10.0467109375,3.703078125,-3.8938359375,11.6662265625,13.09951953125,3.4542578125,2.32407421875,10.70816796875,15.06009375,13.14318359375,8.5953828125,-1.46327734375,13.70169140625,8.731296875,2.0423984375,-5.47277734375
36.60344140625,28.83201171875,32.77683984375,10.6848359375,21.62793359375,1.95178125,0.0429140625000001,-4.69685546875,11.7912421875,12.18825,16.646359375,1.45512109375,0.67284375,13.9760859375,9.2647109375,2.735078125,-5.1638359375,10.2422265625,11.90451953125,2.4022578125,1.48007421875,9.15416796875,13.47909375,11.41618359375,6.7873828125,-2.02627734375,11.54469140625,7.857296875,1.2463984375,-5.61077734375
35.76744140625,28.30901171875,33.13583984375,8.8298359375,19.90893359375,0.19678125,-0.9100859375,-5.49885546875,9.9622421875,10.19025,15.695359375,0.53312109375,-2.56415625,11.9060859375,7.4517109375,1.558078125,-6.9438359375,7.8462265625,9.46251953125,0.687257812499999,0.60707421875,6.61816796875,10.69709375,8.68118359375,4.7613828125,-2.88027734375,8.62969140625,6.349296875,-0.220601562500001,-5.95277734375
31.03444140625,24.21001171875,29.68983984375,5.5718359375,16.83893359375,-1.51521875,-3.1390859375,-7.15685546875,6.7372421875,7.17525,14.030359375,-0.67387890625,-6.19915625,8.7590859375,5.0947109375,0.440078125,-8.5698359375,4.8492265625,6.22451953125,-1.3837421875,-0.22092578125,3.45616796875,7.08309375,5.38618359375,2.7613828125,-4.17827734375,5.26369140625,4.306296875,-2.1886015625,-6.65077734375
24.72844140625,18.64701171875,24.70783984375,2.0278359375,13.52993359375,-2.90721875,-5.4330859375,-8.70385546875,3.0242421875,4.10125,12.281359375,-1.58287890625,-9.33015625,5.2800859375,2.8377109375,-0.335921875,-9.2328359375,1.7162265625,2.83251953125,-3.3807421875,-1.00192578125,0.0921679687500001,3.12509375,2.10318359375,0.9683828125,-6.00927734375,1.80169140625,1.896296875,-4.3786015625,-7.79777734375
19.04344140625,13.55601171875,20.29083984375,-0.7501640625,10.95793359375,-3.80021875,-6.8300859375,-9.53585546875,-0.2217578125,1.79725,10.982359375,-1.83687890625,-11.02115625,2.1980859375,1.1707109375,-0.584921875,-8.4288359375,-1.1137734375,-0.14348046875,-4.9407421875,-1.79992578125,-3.01783203125,-0.70590625,-0.68081640625,-0.5546171875,-8.34727734375,-1.45230859375,-0.666703125,-6.4976015625,-9.40477734375
15.13644140625,9.89701171875,17.44883984375,-2.2021640625,9.58193359375,-4.17021875,-7.0580859375,-9.66485546875,-2.3327578125,0.65425,10.364359375,-1.41487890625,-10.70315625,-0.0119140625,0.2617109375,-0.275921875,-6.2848359375,-3.3097734375,-2.38248046875,-5.9087421875,-2.65792578125,-5.42983203125,-4.07090625,-2.74781640625,-1.8596171875,-11.03227734375,-4.33630859375,-3.152703125,-8.3476015625,-11.40277734375
12.98944140625,7.57101171875,15.97283984375,-2.3721640625,9.29693359375,-4.16821875,-6.4960859375,-9.55585546875,-3.0847578125,0.55025,10.318359375,-0.57287890625,-8.46415625,-1.2199140625,-0.0662890625,0.452078125,-3.5448359375,-4.6957734375,-3.87748046875,-6.3787421875,-3.54592578125,-6.78683203125,-6.81290625,-4.22181640625,-3.0666171875,-13.79027734375,-6.87830859375,-5.380703125,-9.8956015625,-13.67177734375
11.92144140625,5.91901171875,15.00783984375,-1.7351640625,9.62793359375,-4.05921875,-5.8100859375,-9.73685546875,-2.6837578125,0.98525,10.499359375,0.31712109375,-5.09015625,-1.6019140625,-0.2052890625,1.319078125,-1.2118359375,-5.2797734375,-4.87348046875,-6.6467421875,-4.34892578125,-6.94183203125,-8.94990625,-5.48981640625,-4.2876171875,-16.30827734375,-9.25930859375,-7.260703125,-11.2686015625,-16.04877734375
11.27744140625,4.41901171875,13.87283984375,-0.9181640625,10.00193359375,-4.12621875,-5.5670859375,-10.48685546875,-1.6157578125,1.35125,10.525359375,0.94612109375,-1.81515625,-1.4979140625,-0.5632890625,1.979078125,-0.0578359374999997,-5.2397734375,-5.71448046875,-7.0817421875,-4.92392578125,-6.03983203125,-10.59590625,-6.99381640625,-5.5656171875,-18.30127734375,-11.69330859375,-8.779703125,-12.6376015625,-18.32777734375
10.88744140625,3.11701171875,12.56683984375,-0.4261640625,9.99493359375,-4.57021875,-5.9940859375,-11.71285546875,-0.4507578125,1.19425,10.151359375,1.16712109375,0.13784375,-1.2589140625,-1.3962890625,2.120078125,-0.2968359375,-4.8757734375,-6.68348046875,-7.9627421875,-5.17692578125,-4.52083203125,-11.87490625,-9.00581640625,-6.8386171875,-19.54727734375,-14.28030859375,-9.958703125,-14.0896015625,-20.25377734375
11.09744140625,2.59601171875,11.74783984375,-0.4731640625,9.49293359375,-5.45221875,-6.9260859375,-13.01185546875,0.3202421875,0.35625,9.344359375,0.97912109375,0.02784375,-1.1489140625,-2.7292890625,1.561078125,-1.5558359375,-4.5427734375,-7.88948046875,-9.3547421875,-5.11592578125,-3.01283203125,-12.86490625,-11.49081640625,-7.9676171875,-19.88627734375,-16.93430859375,-10.806703125,-15.5476015625,-21.56677734375
12.47344140625,3.58601171875,12.29783984375,-0.9391640625,8.70993359375,-6.66421875,-7.9170859375,-13.85785546875,0.4312421875,-1.01175,8.274359375,0.47312109375,-2.09215625,-1.2919140625,-4.3612890625,0.321078125,-3.1108359375,-4.5267734375,-9.23548046875,-11.0567421875,-4.84692578125,-2.11083203125,-13.57490625,-14.11781640625,-8.7826171875,-19.23127734375,-19.39030859375,-11.300703125,-16.7966015625,-22.06777734375
15.38644140625,6.50001171875,14.79683984375,-1.4721640625,8.02993359375,-7.94821875,-8.4850859375,-13.86885546875,-0.0987578125,-2.54575,7.250359375,-0.20687890625,-5.35815625,-1.6629140625,-5.9422890625,-1.346921875,-4.2488359375,-4.9287734375,-10.45848046875,-12.6757421875,-4.48992578125,-2.12183203125,-13.91990625,-16.37981640625,-9.1136171875,-17.61027734375,-21.26230859375,-11.392703125,-17.5746015625,-21.69077734375
19.69744140625,11.11801171875,19.16583984375,-1.6931640625,7.76693359375,-8.97621875,-8.3670859375,-13.02785546875,-1.0067578125,-3.82675,6.595359375,-0.89187890625,-8.42815625,-2.1289140625,-7.0922890625,-3.016921875,-4.6108359375,-5.6127734375,-11.22948046875,-13.8007421875,-4.11192578125,-2.92183203125,-13.73990625,-17.76081640625,-8.8306171875,-15.21727734375,-22.14630859375,-11.030703125,-17.6776015625,-20.53177734375
24.70544140625,16.56501171875,24.60483984375,-1.3911640625,7.99393359375,-9.48521875,-7.6400859375,-11.70385546875,-1.9267578125,-4.56475,6.485359375,-1.46087890625,-10.07415625,-2.5309140625,-7.5642890625,-4.266921875,-4.3708359375,-6.2707734375,-11.28948046875,-14.1877421875,-3.71792578125,-4.02983203125,-12.86990625,-17.89381640625,-7.8786171875,-12.42727734375,-21.73430859375,-10.201703125,-17.0226015625,-18.83677734375
29.38044140625,21.59601171875,29.84983984375,-0.6071640625,8.57393359375,-9.38621875,-6.6330859375,-10.44585546875,-2.5427578125,-4.67775,6.860359375,-1.89687890625,-9.72715625,-2.7369140625,-7.3272890625,-4.854921875,-4.1058359375,-6.5677734375,-10.52948046875,-13.8197421875,-3.27292578125,-4.84183203125,-11.22690625,-16.64481640625,-6.3016171875,-9.69027734375,-19.88930859375,-8.937703125,-15.6426015625,-16.89977734375
32.75844140625,25.08701171875,33.66083984375,0.4228359375,9.30093359375,-8.75221875,-5.7350859375,-9.71485546875,-2.6337578125,-4.21475,7.482359375,-2.25787890625,-7.67415625,-2.6109140625,-6.5122890625,-4.784921875,-4.4088359375,-6.2407734375,-8.96848046875,-12.8247421875,-2.72392578125,-4.87883203125,-8.83990625,-14.08381640625,-4.2096171875,-7.36527734375,-16.65530859375,-7.284703125,-13.6006015625,-14.91977734375
34.29244140625,26.45301171875,35.28683984375,1.4088359375,10.03193359375,-7.73021875,-5.2130859375,-9.68785546875,-2.0777578125,-3.23375,8.107359375,-2.59187890625,-4.79015625,-1.9889140625,-5.2902890625,-4.232921875,-5.4708359375,-5.1637734375,-6.70048046875,-11.3587421875,-2.00892578125,-3.93183203125,-5.83690625,-10.43481640625,-1.7526171875,-5.58627734375,-12.23530859375,-5.265703125,-10.9386015625,-12.90477734375
34.00344140625,25.79501171875,34.67883984375,2.1318359375,10.72093359375,-6.45921875,-5.1170859375,-10.22585546875,-0.8817578125,-1.78775,8.609359375,-2.86787890625,-2.06615625,-0.7469140625,-3.8082890625,-3.442921875,-6.9228359375,-3.4027734375,-3.88948046875,-9.5517421875,-1.11292578125,-2.08583203125,-2.45890625,-6.05281640625,0.8683828125,-4.27727734375,-7.01830859375,-2.939703125,-7.7366015625,-10.73077734375
32.37644140625,23.71901171875,32.39383984375,2.4908359375,11.37093359375,-5.06021875,-5.2660859375,-10.97685546875,0.7542421875,-0.01575,8.988359375,-3.00187890625,-0.21615625,1.0450859375,-2.2082890625,-2.641921875,-8.0478359375,-1.2487734375,-0.83548046875,-7.5487421875,-0.12392578125,0.30216796875,0.90409375,-1.45381640625,3.3593828125,-3.31227734375,-1.61030859375,-0.513703125,-4.2596015625,-8.33177734375
30.08844140625,21.00901171875,29.31483984375,2.4748359375,11.94793359375,-3.65221875,-5.3210859375,-11.56485546875,2.4332421875,1.80425,9.335359375,-2.88287890625,0.46384375,3.0550859375,-0.6462890625,-1.962921875,-8.2008359375,0.8182265625,2.02251953125,-5.5207421875,0.79307421875,2.68916796875,3.74609375,2.74718359375,5.3863828125,-2.64127734375,3.23969140625,1.627296875,-1.0116015625,-5.86677734375
27.73444140625,18.34901171875,26.34283984375,2.1258359375,12.34893359375,-2.33421875,-4.9220859375,-11.74685546875,3.6952421875,3.32625,9.801359375,-2.39687890625,0.04384375,4.8050859375,0.7597109375,-1.375921875,-7.1768359375,2.3002265625,4.22851953125,-3.6087421875,1.50807421875,4.47316796875,5.59709375,5.99818359375,6.7133828125,-2.32327734375,6.85169140625,3.046296875,1.3883984375,-3.70477734375
25.73044140625,16.22201171875,24.19883984375,1.5428359375,12.46493359375,-1.15321875,-3.7780859375,-11.43985546875,4.2212421875,4.31625,10.577359375,-1.44187890625,-1.18015625,5.9070859375,2.0127109375,-0.676921875,-5.2998359375,2.8752265625,5.50151953125,-1.8427421875,2.02107421875,5.15816796875,6.20909375,8.01418359375,7.3383828125,-2.44727734375,8.85569140625,3.474296875,2.4653984375,-2.27177734375
24.39044140625,14.95301171875,23.35783984375,0.9298359375,12.32493359375,-0.0702187500000001,-1.6850859375,-10.62585546875,3.9962421875,4.77525,11.842359375,0.0161210937499999,-2.79715625,6.2640859375,3.2707109375,0.418078125,-3.1748359375,2.5302265625,5.86651953125,-0.112742187500002,2.44907421875,4.50716796875,5.67109375,8.87518359375,7.4983828125,-3.03727734375,9.30869140625,2.949296875,2.1033984375,-1.84977734375
24.02544140625,14.78001171875,24.04683984375,0.5948359375,12.19093359375,1.02378125,1.4489140625,-9.27585546875,3.3502421875,4.97625,13.688359375,1.90612109375,-4.32915625,6.1240859375,4.7787109375,2.142078125,-1.3048359375,1.5722265625,5.65651953125,1.7732578125,2.96207421875,2.67316796875,4.38409375,8.98218359375,7.5693828125,-3.98227734375,8.64069140625,1.802296875,0.5933984375,-2.45177734375
24.88944140625,15.80501171875,26.21583984375,0.8498359375,12.47693359375,2.27178125,5.4909140625,-7.41685546875,2.8362421875,5.36425,16.070359375,4.05712109375,-5.24915625,5.9790859375,6.7447109375,4.567078125,0.1611640625,0.5222265625,5.38751953125,3.9892578125,3.72107421875,0.23216796875,2.93909375,8.89118359375,7.9173828125,-5.02627734375,7.47969140625,0.517296875,-1.4846015625,-3.79777734375
26.96044140625,17.83901171875,29.45483984375,1.8428359375,13.51993359375,3.74778125,9.9779140625,-5.26185546875,2.9752421875,6.33225,18.760359375,6.22212109375,-5.10615625,6.3210859375,9.1877109375,7.534078125,1.3581640625,-0.0847734375000002,5.54851953125,6.5722578125,4.81007421875,-1.98083203125,1.89909375,9.07918359375,8.7473828125,-5.84827734375,6.41969140625,-0.467703125,-3.4906015625,-5.39477734375
29.76744140625,20.26901171875,32.95983984375,3.4228359375,15.34393359375,5.35878125,14.1419140625,-3.22485546875,3.9732421875,7.95325,21.318359375,8.08212109375,-3.74015625,7.3710859375,11.8127109375,10.617078125,2.4221640625,0.0412265624999999,6.35751953125,9.3302578125,6.14907421875,-3.23383203125,1.56809375,9.72918359375,9.9893828125,-6.21727734375,5.79669140625,-0.931703125,-4.9596015625,-6.72277734375
32.42244140625,22.16101171875,35.70783984375,5.1438359375,17.54893359375,6.79878125,17.1229140625,-1.80085546875,5.5602421875,9.85225,23.169359375,9.28412109375,-1.44015625,8.9190859375,14.0357109375,13.181078125,3.2691640625,0.7832265625,7.62351953125,11.8112578125,7.44507421875,-3.27283203125,1.84809375,10.62418359375,11.2613828125,-6.13627734375,5.56769140625,-0.956703125,-5.7496015625,-7.42977734375
33.90844140625,22.61101171875,36.81283984375,6.4068359375,19.41093359375,7.64878125,18.2529140625,-1.38485546875,7.0912421875,11.34225,23.788359375,9.55512109375,1.11984375,10.4160859375,15.1857109375,14.573078125,3.6221640625,1.6692265625,8.81051953125,13.4152578125,8.26707421875,-2.44083203125,2.29009375,11.23918359375,11.9873828125,-5.86427734375,5.35969140625,-0.844703125000001,-6.0206015625,-7.46777734375
33.47544140625,21.16101171875,35.89183984375,6.7118359375,20.15693359375,7.57378125,17.3109140625,-2.11385546875,7.8602421875,11.75125,22.948359375,8.85012109375,3.17384375,11.2540859375,14.8157109375,14.377078125,3.2391640625,2.1332265625,9.29151953125,13.6132578125,8.21207421875,-1.41683203125,2.33409375,10.98518359375,11.6253828125,-5.82927734375,4.65569140625,-0.944703125,-6.0966015625,-7.11477734375
30.98944140625,18.02601171875,33.22583984375,5.8808359375,19.34293359375,6.49378125,14.6399140625,-3.76985546875,7.4592421875,10.75425,20.843359375,7.40212109375,4.16984375,11.0850859375,12.9237109375,12.604078125,2.1421640625,1.8392265625,8.64751953125,12.1962578125,7.07707421875,-0.77283203125,1.58009375,9.47318359375,9.8783828125,-6.46427734375,3.02069140625,-1.474703125,-6.3126015625,-6.87177734375
27.03744140625,14.01101171875,29.63483984375,4.1518359375,17.10593359375,4.64078125,11.0519140625,-5.82585546875,5.9772421875,8.52125,18.031359375,5.63712109375,3.93684375,9.9770859375,9.9657109375,9.703078125,0.6681640625,0.8672265625,6.86651953125,9.4192578125,4.93707421875,-0.64583203125,-0.0229062500000001,6.66818359375,6.8003828125,-8.07027734375,0.24869140625,-2.446703125,-6.9226015625,-7.29777734375
22.69044140625,10.15201171875,26.09883984375,2.0508359375,14.12793359375,2.46778125,7.5089140625,-7.67985546875,3.9532421875,5.64725,15.226359375,3.99912109375,2.68184375,8.3680859375,6.6707109375,6.407078125,-0.6848359375,-0.3287734375,4.33051953125,5.9482578125,2.13107421875,-0.71783203125,-2.16290625,2.88218359375,2.7893828125,-10.70327734375,-3.59130859375,-3.709703125,-8.0806015625,-8.80977734375
18.96944140625,7.21001171875,23.27683984375,0.1208359375,11.31393359375,0.46978125,4.7119140625,-8.97385546875,2.0992421875,2.90525,13.022359375,2.77312109375,0.86884375,6.8380859375,3.7577109375,3.477078125,-1.5468359375,-1.1737734375,1.63251953125,2.6072578125,-0.82792578125,-0.50283203125,-4.31990625,-1.35581640625,-1.5216171875,-14.12227734375,-8.19530859375,-5.053703125,-9.8536015625,-11.49877734375
16.25344140625,5.23201171875,21.09483984375,-1.3561640625,9.34693359375,-0.99621875,2.8339140625,-9.79185546875,0.9292421875,0.89925,11.652359375,1.97412109375,-0.96015625,5.8120859375,1.6677109375,1.443078125,-1.9058359375,-1.2877734375,-0.69348046875,0.065257812499997,-3.40792578125,0.25716796875,-6.00590625,-5.47581640625,-5.4366171875,-17.79327734375,-13.10630859375,-6.305703125,-12.2096015625,-15.03877734375
13.95044140625,3.37501171875,18.60483984375,-2.5011640625,8.36793359375,-1.80421875,1.5269140625,-10.59585546875,0.4662421875,-0.21975,10.885359375,1.33812109375,-2.36515625,5.3470859375,0.4207109375,0.423078125,-2.1028359375,-0.7247734375,-2.38848046875,-1.4087421875,-5.21592578125,1.33416796875,-6.97790625,-9.01881640625,-8.3596171875,-20.97427734375,-17.78330859375,-7.379703125,-14.9836015625,-18.72577734375
10.62644140625,0.13701171875,14.27283984375,-3.7971640625,7.89193359375,-2.04221875,0.1119140625,-12.01285546875,0.2042421875,-0.82375,10.114359375,0.41812109375,-3.16015625,5.1050859375,-0.3532890625,0.107078125,-2.5708359375,0.0262265624999998,-3.53448046875,-1.9867421875,-6.11392578125,2.07816796875,-7.29490625,-11.71981640625,-9.9296171875,-22.86927734375,-21.66230859375,-8.242703125,-17.8306015625,-21.66677734375
4.64144140625,-6.00298828125,6.65783984375,-5.8861640625,7.00093359375,-1.93221875,-2.1580859375,-14.60385546875,-0.6427578125,-1.62275,8.619359375,-1.21987890625,-3.47315625,4.5290859375,-1.2172890625,-0.092921875,-3.5238359375,0.2762265625,-4.45448046875,-2.1597421875,-6.22392578125,1.78016796875,-7.22690625,-13.50681640625,-10.0706171875,-22.87127734375,-24.23030859375,-8.848703125,-20.2566015625,-23.07177734375
-4.83655859375,-15.66898828125,-4.65216015625,-9.2241640625,4.81993359375,-1.74221875,-5.7780859375,-18.62885546875,-2.7047578125,-3.27675,5.915359375,-3.78987890625,-3.71415625,3.1470859375,-2.6562890625,-0.795921875,-4.8578359375,-0.5087734375,-5.50548046875,-2.4807421875,-5.86292578125,0.12416796875,-7.08290625,-14.44881640625,-9.0076171875,-20.83127734375,-25.13630859375,-9.115703125,-21.7596015625,-22.54477734375
-16.81355859375,-27.73098828125,-18.18616015625,-13.6921640625,1.11593359375,-1.72921875,-10.6380859375,-23.81485546875,-6.0227578125,-5.97175,2.077359375,-7.10687890625,-4.39915625,0.8770859375,-4.8132890625,-2.372921875,-6.2748359375,-2.3937734375,-6.85048046875,-3.2957421875,-5.38692578125,-2.53483203125,-7.03590625,-14.65381640625,-7.1786171875,-17.21527734375,-24.28130859375,-8.943703125,-21.9986015625,-20.20977734375
-28.10455859375,-39.01798828125,-30.34616015625,-18.3861640625,-3.32906640625,-2.05621875,-15.8560859375,-29.25485546875,-9.8347578125,-9.14975,-2.096640625,-10.49987890625,-5.88415625,-1.8049140625,-7.3202890625,-4.738921875,-7.4548359375,-4.8407734375,-8.29748046875,-4.5367421875,-5.01592578125,-5.20683203125,-7.00290625,-14.13281640625,-5.0566171875,-12.97227734375,-21.78230859375,-8.231703125,-20.8716015625,-16.59277734375
-34.22655859375,-45.15498828125,-36.34916015625,-21.8561640625,-6.94106640625,-2.73321875,-20.0460859375,-33.66885546875,-12.7827578125,-11.60475,-5.267640625,-12.94287890625,-8.16215625,-3.9819140625,-9.3722890625,-7.328921875,-8.1388359375,-6.8797734375,-9.31948046875,-5.7327421875,-4.70592578125,-6.64283203125,-6.63690625,-12.73081640625,-2.9286171875,-9.13127734375,-17.83030859375,-6.865703125,-18.4536015625,-12.31477734375
-31.48955859375,-42.54198828125,-32.35616015625,-22.8041640625,-8.18406640625,-3.61721875,-22.0110859375,-35.99785546875,-13.5677578125,-12.07475,-6.155640625,-13.48187890625,-10.90515625,-4.7279140625,-10.1082890625,-9.389921875,-8.1588359375,-7.5667734375,-9.32348046875,-6.2827421875,-4.20892578125,-5.89583203125,-5.51190625,-10.22881640625,-0.8136171875,-6.36227734375,-12.60930859375,-4.749703125,-14.9066015625,-7.81377734375
-19.25055859375,-30.54398828125,-17.82216015625,-20.8841640625,-6.52006640625,-4.52721875,-21.4490859375,-36.00485546875,-11.7407578125,-10.05575,-4.329640625,-11.83087890625,-13.72815625,-3.6839140625,-9.1662890625,-10.470921875,-7.5088359375,-6.5417734375,-8.06148046875,-5.8677421875,-3.30892578125,-2.81883203125,-3.43990625,-6.59181640625,1.4103828125,-4.73327734375,-6.35130859375,-1.910703125,-10.4776015625,-3.27377734375
-0.83955859375,-12.45098828125,3.50383984375,-17.0511640625,-2.84506640625,-5.37421875,-19.2150859375,-34.49885546875,-8.1107578125,-6.27875,-0.645640625,-8.70187890625,-16.45415625,-1.3849140625,-7.0312890625,-10.763921875,-6.4258359375,-4.3107734375,-5.89748046875,-4.7137421875,-2.04992578125,1.77116796875,-0.67990625,-2.18981640625,3.7923828125,-3.79427734375,0.53269140625,1.394296875,-5.5496015625,1.27422265625
-0.83955859375,-12.45098828125,3.50383984375,-17.0511640625,-2.84506640625,-5.37421875,-19.2150859375,-34.49885546875,-8.1107578125,-6.27875,-0.645640625,-8.70187890625,-16.45415625,-1.3849140625,-7.0312890625,-10.763921875,-6.4258359375,-4.3107734375,-5.89748046875,-4.7137421875,-2.04992578125,1.77116796875,-0.67990625,-2.18981640625,3.7923828125,-3.79427734375,0.53269140625,1.394296875,-5.5496015625,1.27422265625
