"Fp1","Fpz","Fp2","F7","F3","Fz","F4","F8","FC5","FC1","FC2","FC6","T7","C3","Cz","C4","T8","CP5","CP1","CP2","CP6","P7","P3","Pz","P4","P8","POz","O1","Oz","O2"
7.75516015625,0.39094921875,-0.0614179687499998,2.95365625,7.45438671875,-0.3059453125,4.91804296875,8.7550390625,9.01541015625,8.9492890625,3.88111328125,4.93456640625,12.62803125,14.613609375,10.8575859375,11.68901953125,-11.55997265625,9.4896328125,17.6217578125,18.470859375,11.06794140625,0.0948984375000002,7.79430859375,17.780625,13.74835546875,4.21229296875,12.2847421875,3.328890625,4.106734375,3.67371875
9.66916015625,2.66494921875,1.74858203125,4.93065625,10.61238671875,0.7350546875,4.74404296875,7.9530390625,10.99841015625,9.2222890625,2.69411328125,2.87856640625,13.44203125,15.104609375,9.2065859375,7.92901953125,2.43402734375,8.1976328125,15.4487578125,15.596859375,5.53194140625,-1.6511015625,6.66630859375,15.308625,10.83735546875,2.01929296875,11.5007421875,1.713890625,4.054734375,4.07771875
10.69116015625,3.89794921875,2.61258203125,6.36565625,11.69438671875,0.5960546875,2.78904296875,7.2570390625,12.21341015625,8.4202890625,0.92211328125,1.29156640625,14.05403125,14.977609375,6.7475859375,4.52301953125,10.41802734375,7.2266328125,13.0957578125,12.589859375,1.53994140625,-2.6981015625,5.16830859375,12.813625,8.31835546875,-0.0497070312500005,10.5897421875,0.421890625,4.215734375,4.99871875
10.79516015625,4.13694921875,2.62958203125,7.19865625,10.87138671875,-0.5299453125,-0.55395703125,6.6730390625,12.68341015625,6.7762890625,-1.14688671875,0.17756640625,14.31003125,14.292609375,3.8325859375,1.82101953125,12.30702734375,6.5646328125,10.7427578125,9.828859375,-0.681058593750001,-3.0191015625,3.39730859375,10.559625,6.44735546875,-1.72170703125,9.6607421875,-0.562109375,4.546734375,6.38571875
10.24316015625,3.74494921875,2.20558203125,7.51565625,9.03838671875,-2.0229453125,-4.15895703125,6.2530390625,12.62641015625,4.9412890625,-2.93188671875,-0.55743359375,14.14203125,13.294609375,1.2075859375,0.17901953125,9.84402734375,6.1076328125,8.6957578125,7.853859375,-1.33305859375,-2.7671015625,1.63930859375,8.896625,5.44135546875,-2.70370703125,8.9047421875,-1.324109375,4.930734375,7.96771875
9.49816015625,3.23094921875,1.86058203125,7.53465625,7.36338671875,-3.1229453125,-6.67795703125,6.1790390625,12.33641015625,3.6632890625,-3.82888671875,-0.95143359375,13.69403125,12.289609375,-0.3294140625,-0.172980468750001,5.63802734375,5.7836328125,7.2777578125,7.100859375,-0.87205859375,-2.0811015625,0.29330859375,8.121625,5.40635546875,-2.83270703125,8.5297421875,-1.911109375,5.270734375,9.38371875
9.07316015625,3.08794921875,2.06258203125,7.57465625,6.79238671875,-3.2199453125,-7.07695703125,6.7030390625,12.11841015625,3.4802890625,-3.48288671875,-0.89843359375,13.36403125,11.572609375,-0.285414062499999,0.74501953125,2.16402734375,5.6966328125,6.7267578125,7.680859375,0.227941406249999,-0.9181015625,-0.24269140625,8.356625,6.27735546875,-2.11870703125,8.6917421875,-2.258109375,5.545734375,10.35471875
9.35416015625,3.63894921875,3.05358203125,7.96565625,7.67638671875,-2.0919453125,-5.03095703125,7.9680390625,12.23341015625,4.5052890625,-1.98288671875,-0.25943359375,13.64603125,11.374609375,1.2985859375,2.59101953125,1.00002734375,6.1256328125,7.1047578125,9.269859375,1.60694140625,0.8888984375,0.26930859375,9.459625,7.76835546875,-0.72670703125,9.3947421875,-2.245109375,5.780734375,10.76971875
10.41916015625,4.89794921875,4.70158203125,8.87865625,9.66238671875,-0.0189453125000001,-1.06195703125,9.8070390625,12.82641015625,6.3772890625,0.12011328125,0.91056640625,14.84603125,11.799609375,3.8445859375,4.70801953125,2.46502734375,7.3416328125,8.2427578125,11.176859375,2.99794140625,3.3468984375,1.75330859375,11.012625,9.37635546875,1.08329296875,10.4027421875,-1.814109375,5.951734375,10.67171875
11.99016015625,6.54194921875,6.51258203125,10.21365625,11.88338671875,2.3190546875,3.65504296875,11.7170390625,13.84741015625,8.4252890625,2.03411328125,2.25456640625,16.85603125,12.778609375,6.4925859375,6.32301953125,5.74802734375,9.3646328125,9.7817578125,12.606859375,4.17794140625,6.0458984375,3.80630859375,12.431625,10.51235546875,3.03529296875,11.2557421875,-1.049109375,5.953734375,10.18971875
13.58216015625,8.05494921875,7.85258203125,11.62265625,13.38638671875,4.1530546875,7.77804296875,13.0830390625,15.03741015625,9.9752890625,3.09711328125,3.24956640625,19.15803125,14.073609375,8.4895859375,6.87401953125,9.43102734375,11.8206328125,11.3037578125,13.017859375,4.97394140625,8.1628984375,5.84530859375,13.180625,10.72835546875,4.89729296875,11.4177421875,-0.130109375,5.667734375,9.47671875
14.73916015625,8.96894921875,8.29458203125,12.67465625,13.57738671875,4.9740546875,10.31304296875,13.5320390625,16.02341015625,10.6412890625,3.10711328125,3.51456640625,21.06203125,15.337609375,9.4995859375,6.28601953125,12.15402734375,14.0336328125,12.4877578125,12.352859375,5.32794140625,8.8038984375,7.34330859375,12.984625,9.89535546875,6.49329296875,10.4837421875,0.753890625,5.038734375,8.64571875
15.23816015625,9.06094921875,7.84758203125,13.04165625,12.47338671875,4.7260546875,10.88304296875,13.1680390625,16.46141015625,10.4462890625,2.39811328125,3.02956640625,22.01203125,16.215609375,9.6645859375,5.00501953125,13.07602734375,15.2836328125,13.1787578125,11.011859375,5.32794140625,7.4758984375,7.99930859375,11.873625,8.22035546875,7.65629296875,8.3267421875,1.452890625,4.073734375,7.70471875
15.12216015625,8.42394921875,6.94658203125,12.60965625,10.65238671875,3.7870546875,9.69004296875,12.5060390625,16.17941015625,9.7382890625,1.64111328125,2.16356640625,21.77803125,16.451609375,9.4265859375,3.77601953125,12.04802734375,15.1346328125,13.3607578125,9.602859375,5.18694140625,4.4348984375,7.78130859375,10.100625,6.09935546875,8.23029296875,5.1167421875,1.860890625,2.766734375,6.52071875
14.60016015625,7.39994921875,6.21458203125,11.48065625,8.94238671875,2.7670546875,7.30304296875,12.1670390625,15.24141015625,8.9732890625,1.51111328125,1.50556640625,20.47103125,15.964609375,9.2445859375,3.29801953125,9.53402734375,13.6246328125,13.0927578125,8.638859375,5.16994140625,0.6428984375,6.86630859375,7.991625,3.94235546875,8.14929296875,1.2607421875,1.893890625,1.075734375,4.88071875
13.89616015625,6.42594921875,6.13858203125,9.90365625,8.02538671875,2.2500546875,4.42504296875,12.5480390625,13.88541015625,8.4902890625,2.39211328125,1.60256640625,18.41703125,14.845609375,9.3725859375,3.93101953125,6.43002734375,11.2316328125,12.4467578125,8.339859375,5.48994140625,-2.6401015625,5.52830859375,5.849625,2.06435546875,7.53729296875,-2.6922578125,1.523890625,-1.007265625,2.64571875
13.15516015625,5.85894921875,6.84458203125,8.18965625,8.13938671875,2.5550546875,1.74604296875,13.6690390625,12.39141015625,8.3852890625,4.24211328125,2.73356640625,16.00803125,13.306609375,9.7855859375,5.58701953125,3.83002734375,8.6256328125,11.4957578125,8.627859375,6.24794140625,-4.4301015625,4.04130859375,3.946625,0.696355468749999,6.72829296875,-6.1282578125,0.832890625,-3.309265625,-0.05728125
12.43616015625,5.85194921875,8.05558203125,6.62865625,9.03738671875,3.6440546875,-0.112957031250001,15.2240390625,10.96341015625,8.5422890625,6.66411328125,4.81956640625,13.61203125,11.616609375,10.2855859375,7.83401953125,2.72902734375,6.3976328125,10.3687578125,9.280859375,7.44194140625,-4.3981015625,2.65230859375,2.567625,0.0653554687499991,6.19629296875,-8.4172578125,0.0718906250000002,-5.394265625,-2.73828125
11.77216015625,6.34494921875,9.24658203125,5.43765625,10.17238671875,5.2080546875,-0.612957031250001,16.7560390625,9.70141015625,8.7822890625,9.11511328125,7.48656640625,11.56803125,10.095609375,10.6945859375,10.16101953125,3.69502734375,4.8986328125,9.3107578125,10.148859375,9.04894140625,-2.8671015625,1.61330859375,2.050625,0.47435546875,6.41929296875,-8.9752578125,-0.352109375,-6.618265625,-4.61328125
11.22016015625,7.11194921875,9.89858203125,4.71165625,10.98438671875,6.8500546875,0.60004296875,17.8230390625,8.64941015625,9.0042890625,11.13611328125,10.19356640625,10.18003125,9.079609375,10.9965859375,12.20701953125,6.55802734375,4.2406328125,8.6787578125,11.261859375,11.05194140625,-0.5051015625,1.18830859375,2.726625,2.24035546875,7.69429296875,-7.3942578125,-0.0261093749999997,-6.367265625,-4.88928125
10.84816015625,7.84694921875,9.71058203125,4.41165625,11.10138671875,8.2130546875,3.49104296875,18.1080390625,7.84441015625,9.2042890625,12.47111328125,12.34056640625,9.66203125,8.832609375,11.3155859375,13.81501953125,10.34102734375,4.3746328125,8.8037578125,12.743859375,13.33594140625,2.0358984375,1.58630859375,4.745625,5.47335546875,9.91929296875,-3.6562578125,1.245890625,-4.377265625,-3.14428125
10.68616015625,8.25194921875,8.71558203125,4.37665625,10.41538671875,9.0480546875,7.47604296875,17.4600390625,7.33441015625,9.3992890625,13.06611328125,13.36456640625,10.03203125,9.427609375,11.7835859375,14.93101953125,13.56102734375,5.1656328125,9.8077578125,14.617859375,15.55694140625,4.3288984375,2.83430859375,7.903625,9.83435546875,12.48329296875,1.7097421875,3.242890625,-0.953265625,0.38471875
10.70516015625,8.15094921875,7.27658203125,4.40565625,9.04538671875,9.2450546875,11.48604296875,15.9060390625,7.15341015625,9.5632890625,13.02211328125,12.92056640625,11.06303125,10.674609375,12.4205859375,15.50701953125,14.88702734375,6.4296328125,11.5037578125,16.676859375,17.15594140625,6.1738984375,4.69830859375,11.614625,14.50135546875,14.43729296875,7.6837421875,5.345890625,3.073734375,4.82871875
10.85416015625,7.59294921875,5.95458203125,4.35765625,7.28838671875,8.8790546875,14.34204296875,13.6630390625,7.30241015625,9.6552890625,12.55811328125,11.08156640625,12.36403125,12.175609375,13.1255859375,15.50801953125,13.80502734375,7.9366328125,13.4537578125,18.544859375,17.58794140625,7.4678984375,6.71630859375,15.092625,18.42535546875,14.90429296875,13.0607421875,6.781890625,6.662734375,9.02871875
11.10816015625,6.85494921875,5.28158203125,4.23765625,5.55938671875,8.2190546875,15.25204296875,11.1580390625,7.73541015625,9.6972890625,11.97811328125,8.41556640625,13.53003125,13.479609375,13.7625859375,15.01101953125,10.88402734375,9.3886328125,15.1547578125,19.864859375,16.63494140625,8.0648984375,8.34030859375,17.651625,20.76635546875,13.52029296875,16.8807421875,7.002890625,8.993734375,12.00971875
11.47516015625,6.34194921875,5.53258203125,4.19365625,4.32838671875,7.6860546875,14.19304296875,9.0000390625,8.38141015625,9.8322890625,11.62011328125,5.83456640625,14.26203125,14.266609375,14.2755859375,14.26701953125,7.47902734375,10.4676328125,16.2577578125,20.489859375,14.59494140625,7.7678984375,9.14530859375,18.975625,21.24635546875,10.61829296875,18.7527421875,5.967890625,9.792734375,13.35871875
11.99216015625,6.43894921875,6.65758203125,4.44465625,4.03138671875,7.7480546875,11.97304296875,7.8530390625,9.17941015625,10.3012890625,11.80011328125,4.29256640625,14.45603125,14.480609375,14.7565859375,13.69401953125,5.07402734375,10.9526328125,16.7227578125,20.568859375,12.23394140625,6.4868984375,9.02230859375,19.233625,20.25235546875,7.08829296875,18.9507421875,4.189890625,9.415734375,13.30971875
12.71516015625,7.37494921875,8.38858203125,5.16565625,4.97938671875,8.7830546875,9.91104296875,8.2030390625,10.10841015625,11.3482890625,12.74011328125,4.45456640625,14.23703125,14.346609375,15.4195859375,13.74701953125,4.65502734375,10.8436328125,16.8197578125,20.477859375,10.50194140625,4.4628984375,8.26130859375,18.979625,18.62835546875,4.02429296875,18.2237421875,2.500890625,8.643734375,12.56371875
13.70216015625,9.13094921875,10.39558203125,6.38465625,7.24438671875,10.8950546875,9.24704296875,10.1100390625,11.16541015625,13.0702890625,14.47211328125,6.45356640625,13.92403125,14.225609375,16.4605859375,14.70101953125,6.40002734375,10.3816328125,16.9537578125,20.613859375,10.12694140625,2.3348984375,7.43230859375,18.856625,17.27135546875,2.32929296875,17.4247421875,1.662890625,8.302734375,11.92071875
14.94716015625,11.37794921875,12.34358203125,7.92865625,10.53838671875,13.7610546875,10.54704296875,13.0750390625,12.27041015625,15.2782890625,16.73911328125,9.78056640625,13.85703125,14.383609375,17.8685859375,16.41301953125,9.71902734375,9.8796328125,17.3797578125,21.128859375,11.24994140625,0.8668984375,7.07130859375,19.221625,16.69835546875,2.38929296875,17.0937421875,2.009890625,8.854734375,11.89571875
16.31316015625,13.52494921875,13.90758203125,9.45065625,14.17838671875,16.6490546875,13.42104296875,16.1330390625,13.20641015625,17.4942890625,18.97611328125,13.39656640625,14.19303125,14.813609375,19.3265859375,18.24401953125,13.51102734375,9.4796328125,17.9947578125,21.759859375,13.29694140625,0.5038984375,7.34930859375,19.900625,16.80635546875,3.92829296875,17.2007421875,3.295890625,10.176734375,12.49071875
17.52216015625,14.92494921875,14.81558203125,10.58365625,17.25038671875,18.6870546875,16.69004296875,18.2130390625,13.68841015625,19.1252890625,20.48511328125,16.09656640625,14.81503125,15.267609375,20.3205859375,19.29201953125,16.54402734375,9.0416328125,18.3827578125,21.921859375,15.20594140625,1.0888984375,7.96930859375,20.268625,16.96835546875,6.12229296875,17.1947421875,4.822890625,11.626734375,13.23471875
18.27116015625,15.17794921875,14.96358203125,11.13865625,19.01038671875,19.2840546875,18.93804296875,18.6100390625,13.55041015625,19.7822890625,20.75611328125,17.01556640625,15.43203125,15.492609375,20.4345859375,18.84601953125,17.84302734375,8.3096328125,18.0967578125,21.048859375,15.94194140625,2.0098984375,8.36930859375,19.619625,16.41935546875,7.97429296875,16.3237421875,5.782890625,12.367734375,13.45771875
18.39316015625,14.35494921875,14.49458203125,11.24565625,19.28838671875,18.4500546875,19.22104296875,17.3380390625,12.93441015625,19.5052890625,19.76011328125,16.01556640625,15.79703125,15.477609375,19.6215859375,16.82501953125,17.01502734375,7.2276328125,17.0087578125,18.977859375,15.01394140625,2.6718984375,8.10630859375,17.624625,14.69635546875,8.78229296875,14.0557421875,5.621890625,11.755734375,12.61771875
17.98116015625,12.99494921875,13.78458203125,11.31265625,18.59938671875,16.8220546875,17.59704296875,15.1290390625,12.31841015625,18.7622890625,18.00711328125,13.74856640625,15.89103125,15.530609375,18.2705859375,13.88701953125,14.39202734375,6.1456328125,15.4417578125,16.115859375,12.72294140625,2.9378984375,7.13830859375,14.563625,11.87735546875,8.45429296875,10.3357421875,4.240890625,9.570734375,10.50871875
17.37416015625,11.87594921875,13.30658203125,11.81265625,17.84138671875,15.3570546875,15.14504296875,13.0540390625,12.32041015625,18.1892890625,16.32511328125,11.34356640625,15.96703125,16.095609375,17.0055859375,11.14901953125,10.91202734375,5.6996328125,14.0177578125,13.275859375,9.97094140625,3.2028984375,5.83530859375,11.195625,8.48935546875,7.46329296875,5.5697421875,1.944890625,6.009734375,7.26471875
16.99716015625,11.63994921875,13.42158203125,13.01265625,17.77138671875,14.8550546875,13.39904296875,11.9980390625,13.37241015625,18.2342890625,15.45011328125,9.86956640625,16.41103125,17.438609375,16.3375859375,9.65401953125,7.76302734375,6.4336328125,13.2927578125,11.270859375,7.78594140625,4.0578984375,4.71430859375,8.359625,5.19235546875,6.49329296875,0.4007421875,-0.767109375,1.527734375,3.21871875
17.12616015625,12.46194921875,14.15358203125,14.79165625,18.59438671875,15.5350546875,13.45204296875,12.2680390625,15.42841015625,18.9002890625,15.65111328125,9.83956640625,17.46903125,19.388609375,16.3765859375,9.86801953125,5.88802734375,8.3986328125,13.4247578125,10.505859375,6.80994140625,5.7838984375,4.11230859375,6.550625,2.45535546875,5.97829296875,-4.5502578125,-3.428109375,-3.327265625,-1.22528125
17.69016015625,13.91094921875,15.10258203125,16.63565625,19.86538671875,16.8920546875,15.28604296875,13.5180390625,17.87741015625,19.7252890625,16.58611328125,11.00656640625,18.99303125,21.325609375,16.7655859375,11.47301953125,5.57102734375,11.0046328125,14.0587578125,10.800859375,7.03694140625,8.0548984375,4.00530859375,5.732625,0.41335546875,5.84729296875,-8.8032578125,-5.702109375,-8.002265625,-5.62928125
18.26016015625,15.12494921875,15.59358203125,17.84465625,20.72038671875,17.9280546875,17.74304296875,14.9560390625,19.74941015625,20.0122890625,17.45711328125,12.53556640625,20.40203125,22.418609375,16.8625859375,13.54201953125,6.32902734375,13.2466328125,14.5147578125,11.524859375,7.90094140625,10.0608984375,4.08930859375,5.478625,-1.02364453125,5.63429296875,-11.9892578125,-7.342109375,-11.932265625,-9.47928125
18.24316015625,15.21494921875,15.01958203125,17.82965625,20.29138671875,17.6290546875,19.15004296875,15.7060390625,20.11341015625,19.1532890625,17.37311328125,13.43956640625,20.92903125,21.987609375,16.0395859375,14.95601953125,7.23402734375,14.1806328125,14.1347578125,11.914859375,8.61594140625,10.9518984375,4.02530859375,5.279625,-1.97264453125,4.85029296875,-13.7772578125,-8.109109375,-14.543265625,-12.18028125
17.16916015625,13.67694921875,13.16358203125,16.37465625,18.10238671875,15.4200546875,18.18804296875,15.1650390625,18.48041015625,16.8652890625,15.71311328125,13.00656640625,20.05303125,19.769609375,13.9245859375,14.84301953125,7.44302734375,13.3686328125,12.5707578125,11.390859375,8.54994140625,10.3018984375,3.65330859375,4.814625,-2.44064453125,3.36529296875,-13.9012578125,-7.779109375,-15.337265625,-13.16728125
14.93216015625,10.61694921875,10.30158203125,13.73165625,14.29138671875,11.3820546875,14.53804296875,13.2370390625,15.01941015625,13.2602890625,12.34411328125,11.04356640625,17.86803125,15.997609375,10.5005859375,12.85401953125,6.60102734375,11.0396328125,9.9027578125,9.727859375,7.46194140625,8.2948984375,3.04530859375,4.037625,-2.34264453125,1.54429296875,-12.2822578125,-6.251109375,-14.074265625,-12.10928125
11.85116015625,6.69994921875,7.04158203125,10.53765625,9.60338671875,6.2210546875,8.99404296875,10.3490390625,10.52541015625,8.8032890625,7.66311328125,7.87156640625,15.10403125,11.313609375,6.1065859375,9.24101953125,4.90902734375,7.9296328125,6.5747578125,7.088859375,5.54894140625,5.5648984375,2.41430859375,3.118625,-1.59164453125,0.10429296875,-9.1392578125,-3.668109375,-10.894265625,-9.05428125
8.55716015625,2.89494921875,4.05658203125,7.59265625,5.14438671875,1.0350546875,3.06304296875,7.2740390625,6.15241015625,4.2042890625,2.50811328125,4.18856640625,12.77103125,6.598609375,1.3735859375,4.78001953125,2.95902734375,4.9226328125,3.2387578125,3.976859375,3.32494140625,2.8498984375,1.99230859375,2.335625,-0.18264453125,-0.23670703125,-4.9562578125,-0.431109375,-6.315265625,-4.42728125
5.76716015625,0.133949218750001,1.85958203125,5.60665625,1.99138671875,-3.0339453125,-1.70895703125,4.8370390625,3.01941015625,0.2612890625,-2.06488671875,0.83056640625,11.60503125,2.754609375,-2.8854140625,0.528019531249999,1.47702734375,2.6986328125,0.562757812500001,1.095859375,1.41494140625,0.6888984375,1.93330859375,1.971625,1.78535546875,0.849292968749999,-0.3322578125,2.908890625,-1.073265625,1.09871875
4.03816015625,-1.01005078125,0.695582031250001,5.00165625,0.797386718749998,-5.1779453125,-4.33095703125,3.6090390625,1.82641015625,-2.3417109375,-5.10488671875,-1.49843359375,11.69103125,0.479609374999999,-5.8814140625,-2.52598046875,1.04202734375,1.5746328125,-0.947242187500001,-0.866140624999998,0.293941406249999,-0.6881015625,2.29630859375,2.231625,4.10235546875,3.04429296875,4.2017421875,5.816890625,4.068734375,6.75071875
3.59716015625,-0.50005078125,0.53258203125,5.81165625,1.58838671875,-5.1739453125,-4.64495703125,3.6810390625,2.63741015625,-3.2287109375,-6.08088671875,-2.46143359375,12.49703125,0.100609374999999,-7.0684140625,-3.79298046875,1.82702734375,1.5596328125,-1.0482421875,-1.455140625,0.10394140625,-1.2691015625,3.08830859375,3.198625,6.47635546875,5.41329296875,8.2997421875,7.943890625,8.512734375,11.80171875
4.31916015625,1.20394921875,1.13258203125,7.70365625,3.82238671875,-3.3899453125,-3.20395703125,4.6470390625,4.93841015625,-2.4217109375,-5.05188671875,-2.17543359375,13.26303125,1.534609375,-6.3104140625,-3.25898046875,3.47002734375,2.5336328125,0.2537578125,-0.579140624999999,0.60394140625,-1.0741015625,4.34230859375,4.846625,8.58835546875,6.76329296875,11.8267421875,9.242890625,11.941734375,15.68271875
5.82216015625,3.36294921875,2.16758203125,10.09865625,6.63738671875,-0.5969453125,-0.92695703125,5.8080390625,7.91341015625,-0.2997109375,-2.61188671875,-1.11643359375,13.47603125,4.368609375,-3.9104140625,-1.42298046875,5.14902734375,4.3976328125,2.7507578125,1.486859375,1.29894140625,-0.0441015624999999,6.14130859375,7.056625,10.16735546875,6.14829296875,14.7927421875,9.958890625,14.317734375,18.06371875
7.61416015625,5.23694921875,3.30858203125,12.35365625,9.15538671875,2.3070546875,1.26504296875,6.5010390625,10.76841015625,2.5232890625,0.33911328125,0.0845664062500004,13.12203125,7.980609375,-0.5404140625,0.92101953125,5.85502734375,7.0816328125,6.0667578125,4.182859375,1.66494140625,1.9098984375,8.53430859375,9.592625,11.03935546875,3.29829296875,17.2137421875,10.471890625,15.763734375,18.84371875
9.19516015625,6.30094921875,4.25958203125,13.93265625,10.71038671875,4.5390546875,2.69204296875,6.3670390625,12.96941015625,5.3382890625,2.88311328125,0.84956640625,12.59203125,11.660609375,2.9185859375,2.93601953125,4.76902734375,10.4326328125,9.6457578125,6.778859375,1.35194140625,4.7358984375,11.38330859375,12.047625,11.12135546875,-1.23170703125,18.9717421875,11.061890625,16.388734375,18.09971875
10.12616015625,6.34794921875,4.72958203125,14.53165625,10.96438671875,5.5890546875,3.00504296875,5.4060390625,14.29041015625,7.4902890625,4.31311328125,0.80856640625,12.35203125,14.712609375,5.5795859375,3.95801953125,1.61502734375,14.0836328125,12.7637578125,8.535859375,0.295941406249999,8.0998984375,14.25330859375,13.856625,10.40235546875,-6.21370703125,19.7657421875,11.741890625,16.187734375,16.04571875
10.09816015625,5.46494921875,4.45958203125,14.10765625,9.91038671875,5.2780546875,2.14804296875,3.8670390625,14.72541015625,8.4782890625,4.24911328125,-0.14143359375,12.61903125,16.548609375,6.7375859375,3.63301953125,-3.11397265625,17.4196328125,14.6327578125,8.866859375,-1.29205859375,11.3878984375,16.43830859375,14.403625,8.93835546875,-10.13270703125,19.1847421875,12.247890625,15.049734375,13.02671875
9.02016015625,3.93594921875,3.30458203125,12.83365625,7.79338671875,3.7060546875,0.26904296875,2.0830390625,14.34541015625,8.0152890625,2.65711328125,-1.85243359375,13.26003125,16.774609375,6.0165859375,1.94501953125,-8.19797265625,19.7056328125,14.6007578125,7.494859375,-3.02705859375,13.8698984375,17.16030859375,13.228625,6.84935546875,-11.68470703125,16.8837421875,12.173890625,12.856734375,9.49971875
7.08616015625,2.11394921875,1.37358203125,11.03665625,5.04038671875,1.1420546875,-2.33495703125,0.3310390625,13.22541015625,6.0802890625,-0.195886718750001,-4.01543359375,13.94903125,15.296609375,3.4545859375,-0.801980468750001,-12.06897265625,20.3426328125,12.3977578125,4.539859375,-4.49205859375,14.9848984375,15.87430859375,10.226625,4.33035546875,-10.23970703125,12.7867421875,11.191890625,9.614734375,5.94171875
4.74216015625,0.340949218750001,-0.92541796875,9.12265625,2.18138671875,-2.0319453125,-5.23295703125,-1.2299609375,11.48841015625,2.9642890625,-3.79788671875,-6.23943359375,14.41303125,12.405609375,-0.481414062500001,-4.06298046875,-13.44097265625,19.1246328125,8.3287578125,0.520859375000001,-5.36205859375,14.5968984375,12.56130859375,5.764625,1.63435546875,-6.10070703125,7.2267421875,9.236890625,5.561734375,2.73571875
2.54616015625,-1.12305078125,-3.01641796875,7.49065625,-0.272613281250003,-5.3679453125,-7.92095703125,-2.5479609375,9.36341015625,-0.7397109375,-7.49988671875,-8.15543359375,14.54403125,8.748609375,-4.9904140625,-7.17998046875,-11.91097265625,16.3506328125,3.2497578125,-3.769140625,-5.51705859375,13.0748984375,7.80830859375,0.607625000000001,-0.97564453125,-0.46570703125,0.9327421875,6.572890625,1.178734375,0.0727187499999999
0.945160156249999,-2.16605078125,-4.43441796875,6.40465625,-1.99961328125,-8.4269453125,-9.96795703125,-3.6089609375,7.17141015625,-4.2957109375,-10.69388671875,-9.51343359375,14.33603125,5.125609375,-9.1834140625,-9.60398046875,-8.18197265625,12.7096328125,-1.7052421875,-7.537140625,-5.11605859375,11.0778984375,2.60430859375,-4.346375,-3.31964453125,4.91929296875,-5.1762578125,3.668890625,-2.936265625,-2.07028125
0.108160156249999,-2.85605078125,-5.08541796875,5.90265625,-2.96961328125,-10.9009453125,-11.18195703125,-4.3839609375,5.22441015625,-7.0837109375,-13.00688671875,-10.28043359375,13.78903125,2.199609375,-12.3884140625,-11.10098046875,-3.71697265625,9.0136328125,-5.5512421875,-10.263140625,-4.58205859375,9.1788984375,-2.03769140625,-8.384375,-5.35364453125,8.33329296875,-10.2762578125,0.985890625,-6.283265625,-3.85428125
-0.0858398437499996,-3.37005078125,-5.25541796875,5.81565625,-3.35261328125,-12.6479453125,-11.64095703125,-4.8169609375,3.75041015625,-8.7677109375,-14.35588671875,-10.60043359375,12.90603125,0.315609374999999,-14.3094140625,-11.78498046875,-0.0299726562499991,5.9546328125,-7.7592421875,-11.818140625,-4.40205859375,7.5878984375,-5.40269140625,-11.151375,-7.11864453125,8.72629296875,-13.8402578125,-1.184109375,-8.613265625,-5.43428125
0.11616015625,-3.82405078125,-5.35341796875,5.92265625,-3.26761328125,-13.5919453125,-11.56195703125,-4.8509609375,2.89941015625,-9.2837109375,-14.82388671875,-10.63443359375,11.75903125,-0.467390625000002,-14.9594140625,-11.91998046875,1.97402734375,3.9736328125,-8.3092421875,-12.335140625,-4.83805859375,6.1548984375,-7.17469140625,-12.583375,-8.58864453125,6.15229296875,-15.6622578125,-2.728109375,-9.928265625,-6.83128125
0.531160156249999,-4.15405078125,-5.60141796875,6.12465625,-2.62261328125,-13.5949453125,-11.13895703125,-4.4469609375,2.80341015625,-8.6857109375,-14.48388671875,-10.38343359375,10.47303125,-0.230390625000002,-14.4594140625,-11.66898046875,2.22802734375,3.2356328125,-7.5182421875,-11.988140625,-5.73805859375,4.5928984375,-7.37069140625,-12.744375,-9.57664453125,1.70429296875,-15.7732578125,-3.634109375,-10.366265625,-7.88928125
1.12816015625,-4.14405078125,-5.89041796875,6.49665625,-1.19861328125,-12.4729453125,-10.46795703125,-3.5769609375,3.56841015625,-7.0567109375,-13.30988671875,-9.68943359375,9.11703125,0.920609375,-12.9114140625,-10.98498046875,1.24402734375,3.6326328125,-5.8262421875,-10.869140625,-6.63205859375,2.7278984375,-6.24769140625,-11.722375,-9.78464453125,-3.02970703125,-14.3512578125,-3.913109375,-10.074265625,-8.34328125
1.97116015625,-3.58405078125,-5.88341796875,7.19065625,1.07138671875,-10.1629453125,-9.57995703125,-2.2369609375,5.19541015625,-4.5457109375,-11.26188671875,-8.38043359375,7.63303125,2.827609375,-10.4034140625,-9.71198046875,-0.31597265625,4.8146328125,-3.6352421875,-9.012140625,-7.01805859375,0.6308984375,-4.21869140625,-9.644375,-8.97164453125,-6.67470703125,-11.6732578125,-3.576109375,-9.136265625,-7.93228125
3.09516015625,-2.41405078125,-5.21941796875,8.25765625,3.86638671875,-6.8899453125,-8.47995703125,-0.502960937499999,7.46441015625,-1.4667109375,-8.43788671875,-6.45743359375,5.92003125,5.205609375,-7.1164140625,-7.79298046875,-1.93797265625,6.2706328125,-1.2732421875,-6.514140625,-6.63005859375,-1.4081015625,-1.78769140625,-6.745375,-7.12364453125,-8.51670703125,-8.1132578125,-2.655109375,-7.578265625,-6.51428125
4.40816015625,-0.79605078125,-3.71041796875,9.53165625,6.48038671875,-3.2239453125,-7.15695703125,1.4230390625,9.88941015625,1.6462890625,-5.19088671875,-4.19043359375,3.99603125,7.566609375,-3.4424140625,-5.43898046875,-3.27297265625,7.4406328125,0.966757812500001,-3.642140625,-5.55205859375,-3.0501015625,0.51330859375,-3.430375,-4.53364453125,-8.54770703125,-4.1502578125,-1.244109375,-5.438265625,-4.15828125
5.66316015625,0.91694921875,-1.45941796875,10.62765625,8.09938671875,0.0360546875000001,-5.59895703125,3.2090390625,11.78441015625,4.1152890625,-2.10888671875,-2.04843359375,2.07003125,9.271609375,-0.0034140624999992,-3.12698046875,-4.05397265625,7.8306328125,2.7517578125,-0.855140624999999,-4.13405859375,-4.1191015625,2.18830859375,-0.257375,-1.72964453125,-7.20870703125,-0.3492578125,0.459890625,-2.856265625,-1.17728125
6.54716015625,2.29694921875,1.14058203125,11.08965625,8.22538671875,2.1440546875,-3.80395703125,4.4960390625,12.49141015625,5.3492890625,0.174113281249999,-0.48743359375,0.450031249999999,9.723609375,2.4945859375,-1.40298046875,-4.07497265625,7.1276328125,3.7317578125,1.323859375,-2.77305859375,-4.7131015625,2.85830859375,2.192625,0.71735546875,-5.05470703125,2.7497421875,2.183890625,-0.0852656249999999,1.95371875
6.84916015625,3.03494921875,3.55458203125,10.62965625,6.99138671875,2.7580546875,-1.78295703125,5.0320390625,11.69741015625,5.1552890625,1.29611328125,0.29356640625,-0.60296875,8.670609375,3.5655859375,-0.560980468750001,-3.28097265625,5.3096328125,3.6867578125,2.535859375,-1.69105859375,-5.1091015625,2.38630859375,3.525625,2.45435546875,-2.52570703125,4.8157421875,3.681890625,2.602734375,4.79471875
6.63516015625,3.11294921875,5.34658203125,9.32265625,5.17838671875,2.1740546875,0.45504296875,4.8240390625,9.65341015625,3.9272890625,1.41411328125,0.49456640625,-0.966968750000001,6.426609375,3.2215859375,-0.41898046875,-1.84097265625,2.7286328125,2.7037578125,2.798859375,-0.832058593750001,-5.5351015625,0.97730859375,3.717625,3.48835546875,0.10629296875,5.8697421875,4.846890625,5.046734375,7.13671875
6.27416015625,2.85794921875,6.39558203125,7.63565625,3.87738671875,1.2360546875,2.91104296875,4.1940390625,7.13741015625,2.5442890625,1.18411328125,0.62756640625,-0.64896875,3.832609375,2.0355859375,-0.38398046875,-0.10397265625,0.0576328125000014,1.2287578125,2.508859375,0.0409414062499991,-5.9711015625,-0.84569140625,3.111625,4.11335546875,2.66529296875,6.2597421875,5.748890625,7.239734375,9.05671875
6.27316015625,2.78594921875,6.91658203125,6.24965625,3.98438671875,0.9600546875,5.55404296875,3.7060390625,5.14341015625,1.9862890625,1.44511328125,1.24156640625,0.261031249999998,1.930609375,0.8865859375,0.21001953125,1.54502734375,-1.9033671875,-0.0922421875000001,2.215859375,1.13594140625,-6.1461015625,-2.42369140625,2.234625,4.66835546875,4.97729296875,6.4487421875,6.581890625,9.244734375,10.76471875
6.99716015625,3.33394921875,7.29258203125,5.74165625,5.79238671875,2.0470546875,8.25704296875,3.9160390625,4.44241015625,2.8752890625,2.77511328125,2.61256640625,1.61803125,1.498609375,0.5265859375,1.68601953125,2.79402734375,-2.5243671875,-0.697242187500001,2.297859375,2.43494140625,-5.6941015625,-3.21369140625,1.536625,5.28235546875,6.83929296875,6.7607421875,7.541890625,11.072734375,12.37871875
8.45716015625,4.62494921875,7.83058203125,6.31065625,8.88738671875,4.5870546875,10.75604296875,5.0810390625,5.24941015625,5.1882890625,5.18611328125,4.58056640625,3.22403125,2.704609375,1.2275859375,3.79201953125,3.42002734375,-1.5853671875,-0.360242187499999,2.743859375,3.65794140625,-4.3471015625,-2.97969140625,1.211625,5.78535546875,8.08029296875,7.2327421875,8.703890625,12.612734375,13.78571875
10.28816015625,6.38994921875,8.62658203125,7.68465625,12.36138671875,8.0470546875,12.68904296875,7.0170390625,7.14341015625,8.2952890625,8.15111328125,6.62956640625,4.83803125,5.036609375,2.6885859375,5.81701953125,3.26702734375,0.627632812500001,0.726757812500001,3.182859375,4.41094140625,-2.0811015625,-1.84469140625,1.169625,5.82735546875,8.65529296875,7.6457421875,9.974890625,13.673734375,14.68771875
11.93716015625,8.10894921875,9.59558203125,9.25965625,15.21638671875,11.5380546875,13.73904296875,9.2030390625,9.27141015625,11.2722890625,10.88811328125,8.15556640625,6.20903125,7.554609375,4.2415859375,6.96501953125,2.29002734375,3.4416328125,2.0607578125,3.139859375,4.42694140625,0.8388984375,-0.20569140625,1.156625,5.12235546875,8.71129296875,7.6827421875,11.134890625,14.101734375,14.79471875
12.94216015625,9.28194921875,10.60258203125,10.39965625,16.75338671875,14.2160546875,13.80704296875,11.0440390625,10.74641015625,13.3372890625,12.76111328125,8.76256640625,7.14203125,9.344609375,5.2425859375,6.79101953125,0.672027343750001,6.0576328125,3.0907578125,2.358859375,3.74094140625,3.9098984375,1.44730859375,0.937625000000001,3.66135546875,8.52229296875,7.1167421875,11.956890625,13.897734375,14.03671875
13.14016015625,9.69794921875,11.57558203125,10.74265625,16.81238671875,15.6390546875,13.11204296875,12.1040390625,11.06541015625,14.1742890625,13.56011328125,8.43856640625,7.57103125,9.940609375,5.4105859375,5.46101953125,-1.07597265625,7.8766328125,3.5007578125,1.016859375,2.69194140625,6.5398984375,2.73130859375,0.460625,1.79435546875,8.34229296875,5.9297421875,12.337890625,13.249734375,12.66171875
12.70116015625,9.51694921875,12.48458203125,10.34365625,15.74538671875,15.8830546875,12.12304296875,12.2240390625,10.30741015625,13.9992890625,13.52311328125,7.51056640625,7.59303125,9.485609375,4.9275859375,3.67701953125,-2.21897265625,8.7086328125,3.3477578125,-0.338140624999999,1.75394140625,8.2568984375,3.49330859375,-0.111374999999999,0.11135546875,8.22929296875,4.3227421875,12.347890625,12.459734375,11.15371875
11.97316015625,9.12894921875,13.25858203125,9.57765625,14.15638671875,15.3870546875,11.34704296875,11.5240390625,9.01141015625,13.3322890625,13.12211328125,6.44756640625,7.43703125,8.539609375,4.2525859375,2.31201953125,-2.11997265625,8.7636328125,2.9677578125,-1.071140625,1.31594140625,8.8678984375,3.79630859375,-0.508374999999999,-0.79164453125,8.00729296875,2.6197421875,12.179890625,11.792734375,10.02471875
11.27816015625,8.91094921875,13.74458203125,8.89265625,12.58638671875,14.6630546875,11.10004296875,10.3420390625,7.83941015625,12.6862890625,12.76811328125,5.65856640625,7.40503125,7.723609375,3.8105859375,1.99901953125,-0.54997265625,8.4766328125,2.7487578125,-0.785140624999999,1.55094140625,8.5348984375,3.82830859375,-0.511374999999999,-0.533644531249999,7.44229296875,1.1767421875,12.059890625,11.368734375,9.58371875
10.80216015625,9.07194921875,13.78958203125,8.59565625,11.34438671875,14.0940546875,11.44104296875,9.1420390625,7.28041015625,12.3572890625,12.65811328125,5.40156640625,7.78203125,7.425609375,3.7915859375,2.89201953125,2.24002734375,8.2816328125,2.9417578125,0.513859375000001,2.45694140625,7.7238984375,3.82230859375,-0.0393749999999997,0.97235546875,6.49129296875,0.3237421875,12.192890625,11.192734375,9.84871875
10.62716015625,9.61994921875,13.36458203125,8.77465625,10.54738671875,13.8940546875,12.25904296875,8.3860390625,7.53741015625,12.4242890625,12.79711328125,5.78456640625,8.73103125,7.739609375,4.1465859375,4.69501953125,5.70502734375,8.4986328125,3.6137578125,2.496859375,3.94594140625,7.0758984375,4.03030859375,0.885625000000001,3.56335546875,5.42329296875,0.367742187499999,12.761890625,11.268734375,10.61171875
10.78716015625,10.41794921875,12.61258203125,9.35065625,10.25938671875,14.1330546875,13.39204296875,8.4240390625,8.56541015625,12.8322890625,13.12011328125,6.77456640625,10.15903125,8.557609375,4.7205859375,6.85901953125,9.22602734375,9.3196328125,4.7207578125,4.703859375,5.89194140625,7.1988984375,4.71730859375,2.220625,6.93035546875,4.68529296875,1.5537421875,13.917890625,11.693734375,11.59971875
11.28716015625,11.23894921875,11.78758203125,10.17765625,10.56038671875,14.7540546875,14.64604296875,9.3760390625,10.15541015625,13.4692890625,13.56311328125,8.20256640625,11.69003125,9.703609375,5.3745859375,8.82401953125,12.24602734375,10.8306328125,6.1867578125,6.752859375,8.12394140625,8.4518984375,6.11930859375,3.948625,10.69335546875,4.65229296875,3.9897421875,15.724890625,12.634734375,12.61971875
12.06916015625,11.83494921875,11.13758203125,11.13065625,11.48538671875,15.5800546875,15.77304296875,11.0410390625,11.99241015625,14.1902890625,14.07511328125,9.77556640625,12.79403125,10.994609375,6.0495859375,10.20901953125,14.30702734375,12.9776328125,7.9547578125,8.443859375,10.41594140625,10.7698984375,8.35630859375,6.081625,14.46335546875,5.48629296875,7.5717421875,18.097890625,14.210734375,13.63971875
12.95916015625,12.01094921875,10.80058203125,12.13965625,12.91138671875,16.3540546875,16.51704296875,12.8990390625,13.68741015625,14.8212890625,14.57711328125,11.15456640625,13.03303125,12.256609375,6.7435859375,10.90701953125,15.09402734375,15.4976328125,9.9727578125,9.774859375,12.53794140625,13.6198984375,11.33630859375,8.620625,17.90935546875,7.15329296875,11.9567421875,20.784890625,16.387734375,14.80071875
13.68216015625,11.69194921875,10.74758203125,13.16565625,14.49738671875,16.8260546875,16.72104296875,14.2880390625,14.84941015625,15.1692890625,14.95611328125,12.05256640625,12.25703125,13.298609375,7.4575859375,11.05701953125,14.51502734375,17.9006328125,12.1367578125,10.872859375,14.30694140625,16.1378984375,14.72430859375,11.503625,20.80435546875,9.48429296875,16.6367421875,23.402890625,18.932734375,16.32871875
13.93416015625,10.94294921875,10.82058203125,14.11365625,15.76438671875,16.8330546875,16.39804296875,14.7030390625,15.18041015625,15.0602890625,15.09611328125,12.31756640625,10.65203125,13.923609375,8.1585859375,10.93601953125,12.77802734375,19.5786328125,14.2497578125,11.873859375,15.60594140625,17.4288984375,17.99330859375,14.559625,23.03735546875,12.20629296875,21.0437421875,25.530890625,21.457734375,18.36471875
13.50016015625,9.93994921875,10.83158203125,14.78465625,16.29338671875,16.3570546875,15.68004296875,14.0230390625,14.57441015625,14.4152890625,14.94011328125,11.97556640625,8.60703125,13.970609375,8.7835859375,10.83801953125,10.40102734375,20.0306328125,16.0377578125,12.846859375,16.38694140625,16.9398984375,20.57330859375,17.499625,24.58535546875,14.96029296875,24.6607421875,26.813890625,23.524734375,20.79871875
12.34416015625,8.89294921875,10.65058203125,14.90865625,15.90038671875,15.5110546875,14.70704296875,12.5240390625,13.15341015625,13.2832890625,14.51411328125,11.20256640625,6.48603125,13.361609375,9.2515859375,10.96101953125,8.07202734375,19.0666328125,17.2087578125,13.739859375,16.66994140625,14.6968984375,21.99630859375,19.945625,25.46035546875,17.35829296875,27.0797421875,27.035890625,24.745734375,23.18571875
10.60716015625,7.93994921875,10.20358203125,14.26665625,14.66938671875,14.4400546875,13.56004296875,10.6870390625,11.21541015625,11.8032890625,13.87411328125,10.22456640625,4.45303125,12.095609375,9.4495859375,11.31801953125,6.37002734375,16.8776328125,17.5107578125,14.383859375,16.51694140625,11.2948984375,21.98030859375,21.476625,25.64535546875,19.07929296875,28.0097421875,26.146890625,24.845734375,24.83171875
8.54716015625,7.08594921875,9.41358203125,12.84965625,12.84938671875,13.2190546875,12.28404296875,8.9510390625,9.11841015625,10.1152890625,13.03111328125,9.20556640625,2.46903125,10.231609375,9.2225859375,11.71501953125,5.52702734375,13.9496328125,16.7707578125,14.538859375,16.01694140625,7.6368984375,20.46330859375,21.726625,25.08135546875,19.98129296875,27.2927421875,24.248890625,23.710734375,25.05571875
6.49816015625,6.25894921875,8.21758203125,10.93965625,10.72338671875,11.8420546875,10.95004296875,7.5700390625,7.19841015625,8.3282890625,11.95011328125,8.22156640625,0.47603125,7.901609375,8.4355859375,11.85401953125,5.43002734375,10.9046328125,14.9787578125,14.008859375,15.28294140625,4.5998984375,17.64730859375,20.531625,23.72735546875,20.19329296875,24.9947421875,21.582890625,21.455734375,23.53671875
4.84016015625,5.44594921875,6.66458203125,9.06365625,8.54338671875,10.3200546875,9.63704296875,6.6070390625,5.73741015625,6.5522890625,10.62911328125,7.32856640625,-1.40496875,5.365609375,7.0825859375,11.51901953125,5.87102734375,8.3486328125,12.3597578125,12.770859375,14.45994140625,2.7668984375,14.03330859375,18.066625,21.67135546875,20.11029296875,21.4927421875,18.532890625,18.484734375,20.55571875
3.92216015625,4.74594921875,4.98358203125,7.78865625,6.51438671875,8.7370546875,8.36004296875,5.9840390625,4.91241015625,4.9222890625,9.14111328125,6.59956640625,-2.84696875,2.981609375,5.3255859375,10.66201953125,6.76302734375,6.7216328125,9.3507578125,10.973859375,13.66794140625,2.3008984375,10.33030859375,14.818625,19.13935546875,20.17229296875,17.4437421875,15.563890625,15.429734375,16.92771875
3.88716015625,4.26194921875,3.49058203125,7.43965625,4.76138671875,7.1780546875,7.01804296875,5.5300390625,4.70741015625,3.5222890625,7.56611328125,6.05656640625,-3.51996875,1.050609375,3.3755859375,9.31801953125,8.07902734375,6.1536328125,6.4267578125,8.789859375,12.87294140625,2.9598984375,7.22830859375,11.371625,16.36735546875,20.51129296875,13.5427421875,13.073890625,12.896734375,13.60871875
4.53116015625,3.93794921875,2.38158203125,7.92765625,3.30538671875,5.6120546875,5.46804296875,5.0000390625,4.86141015625,2.2912890625,5.86911328125,5.54556640625,-3.34396875,-0.350390625000001,1.3315859375,7.44601953125,9.59902734375,6.4296328125,3.9007578125,6.260859375,11.82194140625,4.2498984375,5.14430859375,8.151625,13.45135546875,20.73329296875,10.2367421875,11.222890625,11.170734375,11.21071875
5.32416015625,3.52094921875,1.61058203125,8.79765625,2.10238671875,3.8920546875,3.67404296875,4.1170390625,4.96741015625,1.0362890625,3.89611328125,4.74656640625,-2.56096875,-1.388390625,-0.853414062500001,4.92401953125,10.77302734375,7.0906328125,1.8507578125,3.327859375,10.15994140625,5.6328984375,4.12530859375,5.323625,10.35035546875,20.07529296875,7.5927421875,9.879890625,10.093734375,9.74571875
5.63416015625,2.72694921875,0.94458203125,9.48965625,1.10338671875,1.8970546875,1.77904296875,2.6710390625,4.66841015625,-0.4197109375,1.51411328125,3.35656640625,-1.56496875,-2.330390625,-3.2374140625,1.70901953125,10.93302734375,7.6396328125,0.2207578125,0.0218593750000018,7.69194140625,6.6698984375,3.94030859375,2.877625,7.06135546875,17.91129296875,5.3987421875,8.744890625,9.218734375,8.74671875
5.01716015625,1.44994921875,0.14858203125,9.62765625,0.297386718749998,-0.3309453125,0.0260429687499997,0.644039062500001,3.81741015625,-2.0977109375,-1.20388671875,1.30756640625,-0.649968750000001,-3.356390625,-5.7194140625,-1.97098046875,9.71902734375,7.7046328125,-1.0332421875,-3.359140625,4.58494140625,7.0368984375,4.25130859375,0.805625000000001,3.78935546875,14.22529296875,3.4077421875,7.549890625,8.118734375,7.63171875
3.40516015625,-0.14105078125,-0.87341796875,9.14765625,-0.326613281250003,-2.5529453125,-1.39995703125,-1.7179609375,2.49441015625,-3.8227109375,-3.92088671875,-1.11843359375,0.10503125,-4.464390625,-7.9754140625,-5.57098046875,7.38302734375,7.0946328125,-1.8622421875,-6.247140625,1.36894140625,6.4968984375,4.74930859375,-0.789375,0.98035546875,9.69629296875,1.5397421875,6.235890625,6.661734375,6.07671875
1.10416015625,-1.67405078125,-2.04441796875,8.24465625,-0.813613281250001,-4.4089453125,-2.44795703125,-3.9499609375,0.915410156250001,-5.2897109375,-6.12488671875,-3.35043359375,0.75903125,-5.477390625,-9.5194140625,-8.37198046875,4.71302734375,5.8286328125,-2.1352421875,-7.979140625,-1.25305859375,4.9678984375,5.24030859375,-1.690375,-0.81364453125,5.37629296875,-0.0482578125000002,4.989890625,5.082734375,4.17771875
-1.32983984375,-2.75905078125,-3.18041796875,7.21465625,-1.21561328125,-5.5499453125,-3.15895703125,-5.5279609375,-0.65058984375,-6.1827109375,-7.32188671875,-4.73443359375,1.33103125,-6.116390625,-9.8784140625,-9.71398046875,2.63802734375,4.1506328125,-1.7122421875,-8.043140625,-2.66605859375,2.6668984375,5.68930859375,-1.645375,-1.16064453125,2.20629296875,-1.0402578125,4.142890625,3.842734375,2.37171875
-3.28483984375,-3.16805078125,-4.06141796875,6.32265625,-1.52861328125,-5.7849453125,-3.59295703125,-6.0759609375,-1.91958984375,-6.2947109375,-7.25688671875,-4.81543359375,1.70303125,-6.098390625,-8.8054140625,-9.24998046875,1.73102734375,2.5006328125,-0.536242187499999,-6.296140625,-2.57205859375,0.1628984375,6.18730859375,-0.514374999999999,0.0523554687499992,0.64429296875,-1.1412578125,3.964890625,3.344734375,1.17471875
-4.27483984375,-2.93905078125,-4.50741796875,5.74365625,-1.67461328125,-5.1699453125,-3.79295703125,-5.5439609375,-2.61958984375,-5.6047109375,-6.04688671875,-3.56843359375,1.65603125,-5.251390625,-6.4424140625,-7.08298046875,1.92102734375,1.3966328125,1.2887578125,-3.070140625,-1.09905859375,-1.7871015625,6.86130859375,1.602625,2.52035546875,0.55229296875,-0.2592578125,4.479890625,3.699734375,0.90371875
-4.08583984375,-2.32605078125,-4.42841796875,5.56465625,-1.53361328125,-3.9799453125,-3.77295703125,-4.2399609375,-2.54458984375,-4.2807109375,-4.14888671875,-1.43143359375,1.01103125,-3.596390625,-3.3174140625,-3.75598046875,2.57102734375,1.2186328125,3.5037578125,0.896859375000002,1.23094140625,-2.5591015625,7.77030859375,4.344625,5.60135546875,1.33429296875,1.4337421875,5.416890625,4.652734375,1.51071875
-2.83483984375,-1.65605078125,-3.85541796875,5.78065625,-1.01061328125,-2.5519453125,-3.49795703125,-2.7069609375,-1.63058984375,-2.5827109375,-2.15488671875,0.89056640625,-0.22496875,-1.353390625,-0.1684140625,-0.0699804687500007,2.87802734375,2.0456328125,5.7607578125,4.699859375,3.67894140625,-1.9341015625,8.87330859375,7.190625,8.52835546875,2.24529296875,3.5687421875,6.345890625,5.726734375,2.61971875
-0.935839843749999,-1.17005078125,-2.94341796875,6.29165625,-0.0976132812500019,-1.1449453125,-2.89495703125,-1.4629609375,-0.0335898437499988,-0.772710937499999,-0.55588671875,2.74156640625,-1.79696875,1.100609375,2.3195859375,3.15901953125,2.31602734375,3.5846328125,7.7157578125,7.558859375,5.52894140625,-0.1741015625,10.02930859375,9.619625,10.64435546875,2.67629296875,5.7247421875,6.876890625,6.446734375,3.68871875
1.01616015625,-0.970050781249999,-1.92341796875,6.89465625,1.08838671875,0.0730546875,-1.92495703125,-0.7389609375,1.83941015625,0.9202890625,0.39611328125,3.76656640625,-3.28796875,3.298609375,3.6965859375,5.29901953125,0.86202734375,5.2546328125,9.0717578125,9.006859375,6.28694140625,2.1088984375,11.01330859375,11.208625,11.55035546875,2.32129296875,7.5217421875,6.802890625,6.507734375,4.20371875
2.40616015625,-1.04005078125,-1.02041796875,7.33165625,2.30538671875,0.9490546875,-0.681957031250001,-0.374960937499999,3.41241015625,2.2742890625,0.67111328125,3.97756640625,-4.29296875,4.780609375,3.8155859375,6.02301953125,-1.08297265625,6.3936328125,9.5847578125,8.948859375,5.82394140625,4.2058984375,11.53930859375,11.696625,11.15635546875,1.23029296875,8.6777421875,6.138890625,5.855734375,3.86771875
2.79216015625,-1.31705078125,-0.37741796875,7.38665625,3.24238671875,1.2830546875,0.57604296875,0.00703906250000053,4.13941015625,3.0632890625,0.35511328125,3.64456640625,-4.61896875,5.209609375,2.7935859375,5.34601953125,-2.94197265625,6.5326328125,9.1087578125,7.611859375,4.41094140625,5.5878984375,11.35730859375,11.031625,9.68335546875,-0.20270703125,9.0667421875,5.110890625,4.709734375,2.74471875
2.04416015625,-1.75205078125,-0.0534179687499998,6.97365625,3.59138671875,0.8490546875,1.46604296875,0.654039062500001,3.72541015625,3.0752890625,-0.47388671875,3.05556640625,-4.40496875,4.481609375,0.9215859375,3.57501953125,-4.21897265625,5.5876328125,7.6457578125,5.428859375,2.61894140625,6.0508984375,10.36030859375,9.383625,7.61035546875,-1.32170703125,8.7617421875,4.102890625,3.530734375,1.30571875
0.362160156250001,-2.36705078125,-0.0984179687499998,6.12965625,3.11238671875,-0.5399453125,1.58204296875,1.3800390625,2.21441015625,2.1502890625,-1.82088671875,2.30856640625,-4.10296875,2.723609375,-1.4754140625,1.16601953125,-4.66097265625,3.8256328125,5.3387578125,2.875859375,1.06794140625,5.6778984375,8.62630859375,7.081625,5.51535546875,-1.44370703125,7.9837421875,3.511890625,2.857734375,0.26571875
-1.84583984375,-3.26605078125,-0.59641796875,4.92265625,1.66738671875,-2.9269453125,0.64504296875,1.5960390625,-0.0945898437500006,0.233289062500001,-3.74988671875,1.25956640625,-4.30296875,0.194609374999999,-4.1514140625,-1.44798046875,-4.36997265625,1.6426328125,2.4017578125,0.306859375000002,0.144941406249999,4.6778984375,6.34930859375,4.458625,3.84335546875,-0.19270703125,6.9477421875,3.539890625,3.059734375,0.250718750000001
-4.13183984375,-4.54605078125,-1.62241796875,3.39965625,-0.703613281250002,-6.0869453125,-1.36095703125,0.638039062500001,-2.79958984375,-2.5437109375,-6.25388671875,-0.300433593749999,-5.45296875,-2.810390625,-6.9564140625,-3.93598046875,-3.81097265625,-0.668367187499999,-0.9452421875,-2.115140625,-0.129058593750001,3.2558984375,3.73430859375,1.718625,2.73335546875,2.25929296875,5.7147421875,4.042890625,4.112734375,1.46771875
-6.10783984375,-6.16105078125,-3.12641796875,1.63665625,-3.70161328125,-9.4679453125,-4.11495703125,-1.7879609375,-5.48658984375,-5.7957109375,-9.07988671875,-2.37343359375,-7.59096875,-5.984390625,-9.7454140625,-6.03998046875,-3.62097265625,-2.9803671875,-4.4682421875,-4.341140625,-0.0160585937500004,1.5688984375,0.94130859375,-1.076375,2.02735546875,5.22229296875,4.1737421875,4.571890625,5.566734375,3.59571875
-7.45183984375,-7.81205078125,-4.84241796875,-0.13734375,-6.71861328125,-12.2649453125,-7.01195703125,-5.3169609375,-7.74558984375,-8.9077109375,-11.67488671875,-4.59043359375,-10.24296875,-8.965390625,-12.2674140625,-7.49598046875,-4.21097265625,-5.2233671875,-7.8802421875,-6.292140625,0.198941406249999,-0.2481015625,-1.88469140625,-3.899375,1.46235546875,7.84129296875,2.1687421875,4.596890625,6.742734375,5.94071875
-7.88483984375,-8.96605078125,-6.28141796875,-1.48034375,-8.92261328125,-13.6509453125,-9.26095703125,-8.9429609375,-9.15358984375,-11.1707109375,-13.30188671875,-6.23843359375,-12.54896875,-11.299390625,-14.1314140625,-8.00298046875,-5.38397265625,-7.2293671875,-10.8002421875,-7.750140625,0.461941406249999,-2.0321015625,-4.54169140625,-6.620375,0.90235546875,9.55829296875,-0.3172578125,3.810890625,7.062734375,7.75771875
-7.17983984375,-8.99805078125,-6.84341796875,-1.82534375,-9.48761328125,-13.0419453125,-10.03695703125,-11.3599609375,-9.29258984375,-11.9667109375,-13.28988671875,-6.49543359375,-13.58096875,-12.471390625,-14.8814140625,-7.27198046875,-6.28997265625,-8.6543671875,-12.7882421875,-8.360140625,1.03094140625,-3.5291015625,-6.72369140625,-8.935375,0.46435546875,10.36829296875,-3.0452578125,2.316890625,6.345734375,8.55471875
-5.27283984375,-7.44905078125,-6.04541796875,-0.72634375,-7.93161328125,-10.3069453125,-8.70295703125,-11.4999609375,-7.87558984375,-10.9737109375,-11.32288671875,-4.79943359375,-12.71996875,-12.063390625,-14.1744140625,-5.17798046875,-5.84997265625,-9.0653671875,-13.4552421875,-7.795140625,2.28394140625,-4.3861015625,-8.06669140625,-10.431375,0.43935546875,10.67229296875,-5.5592578125,0.595890625,4.876734375,8.24671875
-2.42383984375,-4.31505078125,-3.79941796875,1.84065625,-4.40361328125,-5.8929453125,-5.08995703125,-9.0419609375,-4.97058984375,-8.3377109375,-7.64088671875,-1.22543359375,-9.95496875,-10.006390625,-11.9954140625,-1.95598046875,-3.45297265625,-8.1803671875,-12.6702421875,-5.998140625,4.34794140625,-4.2951015625,-8.31269140625,-10.792375,1.03035546875,10.83229296875,-7.3802578125,-0.767109375,3.194734375,7.09571875
0.73616015625,-0.20505078125,-0.57641796875,5.31265625,0.239386718749998,-0.7709453125,0.26404296875,-4.6199609375,-1.16058984375,-4.7127109375,-3.05888671875,3.36156640625,-5.93996875,-6.779390625,-8.7904140625,1.69601953125,0.52402734375,-6.1223671875,-10.7002421875,-3.369140625,6.80394140625,-3.2301015625,-7.49069140625,-10.015375,2.10535546875,10.81129296875,-8.2462578125,-1.410109375,1.755734375,5.50371875
3.37316015625,3.79894921875,2.72658203125,8.67165625,4.67138671875,3.8220546875,6.11004296875,0.361039062500002,2.53841015625,-1.0827109375,1.27811328125,7.54556640625,-1.76196875,-3.351390625,-5.3654140625,4.76701953125,4.76902734375,-3.4723671875,-8.1732421875,-0.696140624999998,8.74094140625,-1.5681015625,-5.95669140625,-8.460375,3.15935546875,10.19529296875,-8.2302578125,-1.362109375,0.711734375,3.79871875
4.80716015625,6.55294921875,5.16058203125,10.83765625,7.59638671875,6.8290546875,10.84204296875,4.2670390625,5.03241015625,1.6192890625,4.31711328125,9.95856640625,1.49103125,-0.796390625000001,-2.5684140625,6.30701953125,7.70002734375,-1.0543671875,-5.8152421875,1.168859375,9.17294140625,0.0648984375000001,-4.23969140625,-6.693375,3.54935546875,8.54029296875,-7.6602578125,-0.951109375,-0.0532656249999999,2.14471875
4.80816015625,7.34494921875,6.11458203125,11.11965625,8.27038671875,7.7670546875,13.13404296875,5.8750390625,5.61241015625,2.8982890625,5.51111328125,9.89556640625,3.10803125,0.192609374999998,-0.930414062500001,5.85601953125,8.30702734375,0.445632812500001,-4.1362421875,1.704859375,7.57994140625,1.1308984375,-2.78669140625,-5.195375,2.85435546875,5.73229296875,-6.9052578125,-0.548109375,-0.712265625,0.58971875
3.64016015625,6.16094921875,5.49358203125,9.48465625,6.79238671875,6.8690546875,12.53504296875,4.8340390625,4.23941015625,2.8472890625,4.99311328125,7.59456640625,2.92903125,-0.376390625000001,-0.4724140625,3.65401953125,6.63702734375,0.787632812500001,-3.2372421875,0.956859375000001,4.19894140625,1.4658984375,-1.76969140625,-4.142375,1.12535546875,2.13029296875,-6.1702578125,-0.336109375,-1.303265625,-0.83128125
1.85316015625,3.63394921875,3.64658203125,6.51265625,4.00538671875,4.9170546875,9.67604296875,1.7350390625,1.54541015625,2.0182890625,3.45911328125,4.05756640625,1.30303125,-1.835390625,-0.7544140625,0.54001953125,3.65202734375,0.2486328125,-2.8282421875,-0.515140624999999,-0.0700585937500007,1.3098984375,-1.04869140625,-3.358375,-1.11164453125,-1.55670703125,-5.4152578125,-0.221109375,-1.705265625,-2.03828125
0.00716015625000033,0.73894921875,1.18758203125,3.11665625,1.09038671875,2.8760546875,5.93504296875,-2.2299609375,-1.44358984375,1.1102890625,1.82711328125,0.57156640625,-1.08896875,-3.202390625,-1.1144140625,-2.38298046875,0.60702734375,-0.564367187499998,-2.4032421875,-1.898140625,-4.05005859375,1.1108984375,-0.29069140625,-2.443375,-3.06864453125,-4.52970703125,-4.4102578125,0.0848906250000003,-1.726265625,-2.91028125
-1.51283984375,-1.60805078125,-1.21141796875,0.17765625,-0.942613281250003,1.5080546875,2.74104296875,-5.8159609375,-3.71458984375,0.6442890625,0.84111328125,-1.82143359375,-3.44096875,-3.645390625,-0.975414062500001,-4.17198046875,-1.61597265625,-1.0453671875,-1.4912421875,-2.473140625,-6.74305859375,1.2398984375,0.83430859375,-1.012375,-4.02964453125,-6.21270703125,-2.9032578125,0.868890625,-1.259265625,-3.33528125
-2.53683984375,-2.89105078125,-3.02341796875,-1.75234375,-1.63961328125,1.0990546875,0.89804296875,-8.2019609375,-4.65958984375,0.7652890625,0.78011328125,-2.66243359375,-5.08196875,-2.864390625,-0.1074140625,-4.39098046875,-2.82897265625,-0.884367187499999,0.094757812500001,-1.916140625,-7.66705859375,1.7808984375,2.43230859375,1.060625,-3.63464453125,-6.47370703125,-0.8082578125,2.214890625,-0.382265625,-3.25028125
-3.05683984375,-3.13405078125,-4.04141796875,-2.57534375,-1.19261328125,1.4240546875,0.32404296875,-9.2019609375,-4.28058984375,1.2372890625,1.38111328125,-2.14943359375,-5.69596875,-1.204390625,1.2695859375,-3.23498046875,-3.38897265625,-0.188367187499999,2.1237578125,-0.419140624999999,-6.95005859375,2.5168984375,4.28530859375,3.508625,-1.99764453125,-5.65470703125,1.6807421875,3.915890625,0.652734375,-2.65528125
-3.15483984375,-2.77705078125,-4.41741796875,-2.57734375,-0.206613281250002,1.9690546875,0.33004296875,-9.1819609375,-3.11258984375,1.6262890625,2.03911328125,-0.920433593749999,-5.41396875,0.550609374999999,2.5975859375,-1.39098046875,-3.74897265625,0.6266328125,4.0167578125,1.407859375,-5.19205859375,3.0898984375,5.91930859375,5.743625,0.37435546875,-4.36370703125,4.1377421875,5.570890625,1.563734375,-1.58528125
-2.95483984375,-2.36005078125,-4.51041796875,-2.22834375,0.694386718749998,2.2710546875,0.24004296875,-8.7549609375,-1.91758984375,1.5752890625,2.16011328125,0.297566406250001,-4.67796875,1.585609375,3.2665859375,0.295019531249999,-4.06297265625,1.1036328125,5.0917578125,2.816859375,-3.17905859375,3.2398984375,6.82330859375,7.086625,2.79635546875,-3.15170703125,6.0727421875,6.820890625,2.215734375,-0.0862812499999999
-2.60083984375,-2.21505078125,-4.63341796875,-1.95234375,1.15038671875,2.1630546875,-0.11895703125,-8.4279609375,-1.31358984375,0.9682890625,1.46911328125,1.00756640625,-3.96596875,1.416609375,2.8915859375,1.14801953125,-4.13297265625,0.968632812500001,4.8537578125,3.212859375,-1.60605859375,2.9398984375,6.67830859375,7.025625,4.62035546875,-2.27870703125,7.0927421875,7.529890625,2.700734375,1.76271875
-2.27883984375,-2.35705078125,-4.88141796875,-1.99334375,1.09338671875,1.7600546875,-0.423957031250001,-8.3759609375,-1.56858984375,-0.0947109375000004,0.0911132812500002,1.07456640625,-3.58196875,0.0136093749999997,1.4355859375,0.86801953125,-3.68697265625,0.189632812500001,3.1747578125,2.332859375,-0.890058593750001,2.3608984375,5.44330859375,5.377625,5.37335546875,-1.67470703125,6.9767421875,7.792890625,3.226734375,3.76771875
-2.19483984375,-2.60205078125,-5.13741796875,-2.40834375,0.562386718749998,1.2700546875,-0.26095703125,-8.4579609375,-2.61858984375,-1.4527109375,-1.59088671875,0.68356640625,-3.60496875,-2.327390625,-0.837414062500001,-0.442980468750001,-2.72497265625,-1.1263671875,0.300757812500001,0.282859375000001,-1.09705859375,1.7248984375,3.31530859375,2.317625,4.83835546875,-1.07970703125,5.6617421875,7.795890625,3.917734375,5.56671875
-2.51783984375,-2.77305078125,-5.23341796875,-3.13534375,-0.443613281250002,0.8010546875,0.46504296875,-8.4199609375,-4.22558984375,-3.0217109375,-3.16488671875,0.19356640625,-3.97896875,-5.205390625,-3.5054140625,-2.37198046875,-1.62297265625,-2.8483671875,-3.2672421875,-2.545140625,-1.94905859375,1.1708984375,0.63130859375,-1.690375,3.08935546875,-0.21670703125,3.2257421875,7.644890625,4.677734375,6.70171875
-3.28383984375,-2.85305078125,-5.11541796875,-4.06434375,-1.96661328125,0.2750546875,1.43704296875,-8.1139609375,-6.12658984375,-4.8207109375,-4.39388671875,-0.0464335937499998,-4.64196875,-8.251390625,-6.1454140625,-4.38198046875,-0.909972656249999,-4.8613671875,-6.9572421875,-5.633140625,-2.97105859375,0.6798984375,-2.24169140625,-6.036375,0.45135546875,1.05029296875,-0.1192578125,7.287890625,5.188734375,6.77771875
-4.38383984375,-3.01105078125,-4.92041796875,-5.08734375,-4.02161328125,-0.5409453125,2.09604296875,-7.6079609375,-8.12258984375,-6.9307109375,-5.31488671875,0.10556640625,-5.60296875,-11.183390625,-8.4864140625,-6.06098046875,-0.939972656249999,-7.0473671875,-10.3242421875,-8.543140625,-3.73805859375,0.0538984375000002,-5.01569140625,-10.171375,-2.64264453125,2.59929296875,-4.0682578125,6.518890625,5.031734375,5.60871875
-5.63083984375,-3.50005078125,-4.91341796875,-6.13434375,-6.55461328125,-1.9209453125,1.87604296875,-7.1719609375,-10.06658984375,-9.4257109375,-6.22488671875,0.47456640625,-6.92696875,-13.792390625,-10.4914140625,-7.30798046875,-1.69897265625,-9.2723671875,-13.1642421875,-11.080140625,-4.13005859375,-0.9971015625,-7.54769140625,-13.783375,-5.83964453125,4.00329296875,-8.2872578125,5.056890625,3.837734375,3.27071875
-6.86883984375,-4.48905078125,-5.33041796875,-7.17734375,-9.42961328125,-3.9999453125,0.40704296875,-7.1719609375,-11.82858984375,-12.2717109375,-7.50488671875,0.61756640625,-8.61496875,-15.911390625,-12.3134140625,-8.34198046875,-2.85497265625,-11.3813671875,-15.4862421875,-13.292140625,-4.39505859375,-2.6751015625,-9.82169140625,-16.827375,-8.95164453125,4.63629296875,-12.4592578125,2.706890625,1.461734375,0.0647187499999999
-8.01283984375,-5.90605078125,-6.19641796875,-8.18034375,-12.37561328125,-6.6229453125,-2.33195703125,-7.8849609375,-13.24458984375,-15.2437109375,-9.37188671875,0.0715664062500005,-10.45196875,-17.395390625,-14.0984140625,-9.49498046875,-3.94597265625,-13.1723671875,-17.3662421875,-15.309140625,-4.94405859375,-4.8851015625,-11.83569140625,-19.394375,-11.87664453125,3.95729296875,-16.2712578125,-0.476109375,-1.895265625,-3.54028125
-9.01883984375,-7.42105078125,-7.26741796875,-9.05434375,-14.94061328125,-9.3139453125,-5.91195703125,-9.3199609375,-14.13758984375,-17.8957109375,-11.68188671875,-1.35843359375,-12.00196875,-18.134390625,-15.7954140625,-10.93498046875,-4.58997265625,-14.4273671875,-18.8092421875,-17.140140625,-6.03305859375,-7.1961015625,-13.51369140625,-21.513375,-14.44464453125,1.83929296875,-19.4002578125,-4.103109375,-5.685265625,-6.99328125
-9.83983984375,-8.59405078125,-8.15641796875,-9.65934375,-16.55861328125,-11.4389453125,-9.51495703125,-11.1529609375,-14.40658984375,-19.6867109375,-13.93088671875,-3.42943359375,-12.79196875,-18.114390625,-17.0964140625,-12.51298046875,-4.61097265625,-15.0063671875,-19.7162421875,-18.580140625,-7.53505859375,-9.0391015625,-14.69969140625,-23.045375,-16.34364453125,-1.24470703125,-21.5482578125,-7.551109375,-9.170265625,-9.79128125
-10.40983984375,-9.09505078125,-8.57641796875,-9.88334375,-16.79161328125,-12.4589453125,-12.17795703125,-12.8409609375,-14.11358984375,-20.1947109375,-15.45688671875,-5.53743359375,-12.58896875,-17.483390625,-17.5794140625,-13.80198046875,-4.08297265625,-14.9763671875,-19.9712421875,-19.288140625,-8.97205859375,-10.0421015625,-15.27069140625,-23.730375,-17.20164453125,-4.33870703125,-22.5282578125,-10.211109375,-11.705265625,-11.61328125
-10.65983984375,-8.87705078125,-8.52341796875,-9.71134375,-15.62761328125,-12.1629453125,-13.14395703125,-13.8559609375,-13.49158984375,-19.3447109375,-15.74088671875,-6.99643359375,-11.55596875,-16.553390625,-16.9604140625,-14.32298046875,-3.29797265625,-14.6473671875,-19.5492421875,-18.974140625,-9.77805859375,-10.2601015625,-15.24869140625,-23.336375,-16.77364453125,-6.40770703125,-22.3372578125,-11.750109375,-12.983265625,-12.40028125
-10.56083984375,-8.17805078125,-8.25641796875,-9.23334375,-13.58861328125,-10.7629453125,-12.16495703125,-13.8769609375,-12.83958984375,-17.4837109375,-14.65588671875,-7.36343359375,-10.18296875,-15.699390625,-15.2954140625,-13.79598046875,-2.68997265625,-14.4343671875,-18.5642421875,-17.574140625,-9.60905859375,-10.1101015625,-14.82069140625,-21.823375,-15.11164453125,-6.81670703125,-21.1692578125,-12.239109375,-13.124265625,-12.34228125
-10.17083984375,-7.38505078125,-8.10341796875,-8.59534375,-11.51261328125,-8.8149453125,-9.62095703125,-12.9079609375,-12.37258984375,-15.2527109375,-12.55088671875,-6.63343359375,-9.05596875,-15.210390625,-13.0114140625,-12.29398046875,-2.68797265625,-14.6163671875,-17.2222421875,-15.318140625,-8.52405859375,-10.0531015625,-14.23669140625,-19.409375,-12.60864453125,-5.62070703125,-19.3552578125,-12.076109375,-12.561265625,-11.78228125
-9.66183984375,-6.85005078125,-8.25541796875,-7.94034375,-10.15361328125,-7.0059453125,-6.41395703125,-11.2929609375,-12.15358984375,-13.3377109375,-10.13988671875,-5.22343359375,-8.62296875,-15.168390625,-10.7434140625,-10.22498046875,-3.52397265625,-15.1643671875,-15.7502421875,-12.678140625,-6.95005859375,-10.2731015625,-13.68469140625,-16.523375,-9.89864453125,-3.51370703125,-17.2822578125,-11.755109375,-11.802265625,-11.08028125
-9.29883984375,-6.76705078125,-8.69741796875,-7.39334375,-9.87061328125,-5.9329453125,-3.68995703125,-9.6449609375,-12.12058984375,-12.2287109375,-8.25588671875,-3.78843359375,-9.04596875,-15.460390625,-9.0944140625,-8.18698046875,-5.11997265625,-15.7983671875,-14.3542421875,-10.229140625,-5.49405859375,-10.6041015625,-13.22469140625,-13.682375,-7.66164453125,-1.48870703125,-15.3142578125,-11.627109375,-11.207265625,-10.51628125
-9.34683984375,-7.16405078125,-9.30741796875,-7.06734375,-10.57761328125,-5.9529453125,-2.47895703125,-8.6349609375,-12.18858984375,-12.1137109375,-7.56788671875,-2.97843359375,-10.18796875,-15.883390625,-8.4374140625,-6.77198046875,-7.13497265625,-16.1843671875,-13.2242421875,-8.500140625,-4.72305859375,-10.7351015625,-12.82869140625,-11.369375,-6.43664453125,-0.41070703125,-13.7492578125,-11.795109375,-10.904265625,-10.23528125
-9.94783984375,-7.96105078125,-10.00741796875,-7.05034375,-11.92261328125,-7.1249453125,-3.35595703125,-8.7039609375,-12.31058984375,-12.8957109375,-8.35988671875,-3.21143359375,-11.70396875,-16.264390625,-8.8224140625,-6.38798046875,-9.14997265625,-16.1303671875,-12.5322421875,-7.831140625,-4.97805859375,-10.4861015625,-12.45969140625,-9.930375,-6.46464453125,-0.72370703125,-12.7642578125,-12.168109375,-10.842265625,-10.23928125
-11.02183984375,-9.01005078125,-10.81741796875,-7.35834375,-13.48061328125,-9.1909453125,-6.24095703125,-9.8549609375,-12.46558984375,-14.2457109375,-10.41488671875,-4.52243359375,-13.19296875,-16.504390625,-9.9944140625,-7.11498046875,-10.80897265625,-15.6583671875,-12.3792421875,-8.261140625,-6.25005859375,-9.9201015625,-12.09669140625,-9.484375,-7.60664453125,-2.34670703125,-12.3572578125,-12.582109375,-10.883265625,-10.39328125
-12.24883984375,-10.10405078125,-11.77141796875,-7.88734375,-14.87761328125,-11.6189453125,-10.43195703125,-11.6299609375,-12.59958984375,-15.6867109375,-13.07288671875,-6.52143359375,-14.33896875,-16.535390625,-11.4844140625,-8.65798046875,-11.82597265625,-14.9353671875,-12.7132421875,-9.486140625,-8.12905859375,-9.2781015625,-11.71769140625,-9.867375,-9.36064453125,-4.73870703125,-12.3172578125,-12.888109375,-10.876265625,-10.46128125
-13.18583984375,-10.98705078125,-12.78141796875,-8.43634375,-15.83461328125,-13.7379453125,-14.83095703125,-13.3179609375,-12.62158984375,-16.7137109375,-15.45888671875,-8.52043359375,-15.00096875,-16.295390625,-12.7764140625,-10.41798046875,-11.92397265625,-14.1833671875,-13.3112421875,-10.949140625,-9.89905859375,-8.8321015625,-11.28169140625,-10.680375,-11.01264453125,-7.06270703125,-12.2802578125,-12.989109375,-10.693265625,-10.19728125
-13.47583984375,-11.42605078125,-13.59941796875,-8.81734375,-16.18461328125,-14.9759453125,-18.31295703125,-14.2679609375,-12.48458984375,-16.9637109375,-16.82188671875,-9.79643359375,-15.20096875,-15.750390625,-13.4704140625,-11.70098046875,-10.85997265625,-13.6013671875,-13.8612421875,-12.037140625,-10.77605859375,-8.7841015625,-10.75769140625,-11.435375,-11.88764453125,-8.41470703125,-11.8762578125,-12.830109375,-10.255265625,-9.44828125
-13.03483984375,-11.30805078125,-13.93441796875,-8.97334375,-15.89661328125,-15.0789453125,-20.06795703125,-14.1759609375,-12.26158984375,-16.3567109375,-16.81688671875,-9.87643359375,-15.06996875,-14.944390625,-13.4024140625,-11.97498046875,-8.55997265625,-13.3293671875,-14.1012421875,-12.319140625,-10.21905859375,-9.2001015625,-10.15369140625,-11.745375,-11.60764453125,-8.11770703125,-10.8942578125,-12.365109375,-9.531265625,-8.23228125
-12.09283984375,-10.68605078125,-13.65141796875,-9.00234375,-15.07161328125,-14.1739453125,-19.81995703125,-13.1859609375,-12.11358984375,-15.1207109375,-15.59288671875,-8.71143359375,-14.77396875,-14.012390625,-12.6534140625,-11.06998046875,-5.26697265625,-13.4123671875,-13.9252421875,-11.693140625,-8.17805859375,-9.9831015625,-9.53569140625,-11.464375,-10.22864453125,-6.01370703125,-9.3662578125,-11.549109375,-8.539265625,-6.74128125
-11.07183984375,-9.76205078125,-12.88541796875,-9.07534375,-13.91961328125,-12.6829453125,-17.84995703125,-11.7629609375,-12.17258984375,-13.7027109375,-13.68188671875,-6.69243359375,-14.47896875,-13.149390625,-11.4914140625,-9.26898046875,-1.58897265625,-13.8083671875,-13.4422421875,-10.414140625,-5.17705859375,-10.9001015625,-9.02969140625,-10.736375,-8.22764453125,-2.63970703125,-7.5792578125,-10.398109375,-7.363265625,-5.29828125
-10.38783984375,-8.81205078125,-11.99441796875,-9.30934375,-12.71661328125,-11.1399453125,-14.86495703125,-10.4249609375,-12.41658984375,-12.5877109375,-11.76688671875,-4.52643359375,-14.32396875,-12.573390625,-10.2934140625,-7.24198046875,1.60602734375,-14.4443671875,-12.9512421875,-9.010140625,-2.17705859375,-11.7141015625,-8.83169140625,-9.968375,-6.34264453125,0.87629296875,-5.9962578125,-9.091109375,-6.218265625,-4.28728125
-10.25883984375,-8.08805078125,-11.36341796875,-9.67534375,-11.73461328125,-9.9979453125,-11.77395703125,-9.5179609375,-12.66458984375,-12.1147109375,-10.43688671875,-2.99943359375,-14.39496875,-12.462390625,-9.4384140625,-5.81698046875,3.45202734375,-15.2813671875,-12.8452421875,-8.099140625,-0.253058593750001,-12.3211015625,-9.18269140625,-9.691375,-5.32864453125,3.20729296875,-5.1342578125,-8.020109375,-5.460265625,-4.07228125
-10.59583984375,-7.74105078125,-11.18141796875,-9.97834375,-11.13361328125,-9.4599453125,-9.42095703125,-9.1749609375,-12.66058984375,-12.3217109375,-9.99488671875,-2.69143359375,-14.67396875,-12.868390625,-9.1824140625,-5.61998046875,3.38002734375,-16.2933671875,-13.4082421875,-8.142140625,-0.152058593750001,-12.7811015625,-10.25669140625,-10.345375,-5.68764453125,3.40429296875,-5.3952578125,-7.682109375,-5.482265625,-4.87728125
-11.03683984375,-7.76305078125,-11.37441796875,-9.93834375,-10.84661328125,-9.4149453125,-8.34595703125,-9.3889609375,-12.19658984375,-12.9197109375,-10.36988671875,-3.73843359375,-15.01896875,-13.632390625,-9.5264140625,-6.77998046875,1.31902734375,-17.3813671875,-14.6292421875,-9.239140625,-1.96405859375,-13.2021015625,-12.00769140625,-12.067375,-7.46864453125,1.34129296875,-6.9022578125,-8.434109375,-6.512265625,-6.68028125
-11.14883984375,-8.02805078125,-11.72841796875,-9.31934375,-10.57161328125,-9.5199453125,-8.61295703125,-10.1089609375,-11.21158984375,-13.4137109375,-11.18588671875,-5.79743359375,-15.19796875,-14.401390625,-10.1914140625,-8.85698046875,-2.33997265625,-18.2923671875,-16.1432421875,-11.081140625,-5.09005859375,-13.5921015625,-14.09269140625,-14.599375,-10.25764453125,-2.27070703125,-9.4352578125,-10.290109375,-8.457265625,-9.18028125
-10.67983984375,-8.36305078125,-12.10941796875,-8.06934375,-9.92661328125,-9.3819453125,-9.81595703125,-11.2659609375,-9.83558984375,-13.3217109375,-11.94088671875,-8.20843359375,-14.98396875,-14.752390625,-10.7324140625,-11.06798046875,-6.94697265625,-18.6573671875,-17.3732421875,-13.082140625,-8.53005859375,-13.8121015625,-15.95869140625,-17.380375,-13.33664453125,-6.28270703125,-12.4992578125,-12.853109375,-10.896265625,-11.87128125
-9.70483984375,-8.61805078125,-12.53641796875,-6.37734375,-8.68461328125,-8.7299453125,-11.24595703125,-12.7289609375,-8.33858984375,-12.3677109375,-12.20488671875,-10.27843359375,-14.25596875,-14.370390625,-10.7304140625,-12.63798046875,-11.78397265625,-18.1343671875,-17.7822421875,-14.602140625,-11.29605859375,-13.6381015625,-17.03069140625,-19.735375,-15.91864453125,-9.59770703125,-15.4682578125,-15.437109375,-13.218265625,-14.18628125
-8.57083984375,-8.67105078125,-13.05641796875,-4.63834375,-6.94161328125,-7.4969453125,-12.16595703125,-14.2219609375,-7.02858984375,-10.5627109375,-11.73788671875,-11.48443359375,-13.08096875,-13.187390625,-9.9484140625,-13.08998046875,-16.09597265625,-16.5913671875,-17.1072421875,-15.164140625,-12.72705859375,-12.8751015625,-16.92269140625,-21.077375,-17.35664453125,-11.47870703125,-17.7392578125,-17.292109375,-14.825265625,-15.63128125
-7.69383984375,-8.43305078125,-13.54641796875,-3.34334375,-5.11261328125,-5.8099453125,-12.08795703125,-15.2669609375,-6.16058984375,-8.1747109375,-10.51888671875,-11.56543359375,-11.74096875,-11.422390625,-8.4104140625,-12.34898046875,-19.09797265625,-14.2323671875,-15.4612421875,-14.583140625,-12.59905859375,-11.4871015625,-15.58069140625,-21.076375,-17.29364453125,-11.63170703125,-18.8822578125,-17.879109375,-15.344265625,-15.90828125
-7.35783984375,-7.87805078125,-13.66741796875,-2.96134375,-3.75761328125,-3.9529453125,-10.92795703125,-15.2629609375,-5.90558984375,-5.6547109375,-8.71088671875,-10.50843359375,-10.67696875,-9.534390625,-6.3734140625,-10.68298046875,-20.09197265625,-11.6023671875,-13.2882421875,-13.008140625,-11.09505859375,-9.6891015625,-13.32469140625,-19.746375,-15.75264453125,-10.20170703125,-18.7572578125,-17.105109375,-14.772265625,-15.02428125
-7.59683984375,-7.08005078125,-13.02741796875,-3.79834375,-3.31761328125,-2.2599453125,-8.98895703125,-13.7359609375,-6.34058984375,-3.4937109375,-6.58288671875,-8.50843359375,-10.28496875,-8.058390625,-4.2214140625,-8.52998046875,-18.75297265625,-9.4153671875,-11.1682421875,-10.823140625,-8.67705859375,-7.9281015625,-10.74969140625,-17.425375,-13.11964453125,-7.69070703125,-17.5292578125,-15.363109375,-13.473265625,-13.29528125
-8.20383984375,-6.19805078125,-11.44841796875,-5.86134375,-3.87261328125,-0.9919453125,-6.77895703125,-10.6639609375,-7.41658984375,-2.0507109375,-4.42288671875,-5.92243359375,-10.67196875,-7.380390625,-2.3114140625,-6.30698046875,-15.36097265625,-8.2343671875,-9.5602421875,-8.471140625,-5.90205859375,-6.6951015625,-8.47769140625,-14.620375,-9.98964453125,-4.79970703125,-15.5562578125,-13.328109375,-11.981265625,-11.22328125
-8.83483984375,-5.41205078125,-9.12941796875,-8.77734375,-5.08161328125,-0.2489453125,-4.82095703125,-6.6269609375,-8.92158984375,-1.4467109375,-2.48188671875,-3.21643359375,-11.52396875,-7.564390625,-0.862414062499999,-4.28898046875,-10.78097265625,-8.1753671875,-8.6172421875,-6.284140625,-3.25605859375,-6.2281015625,-6.89869140625,-11.808375,-6.95064453125,-2.18570703125,-13.2132578125,-11.629109375,-10.747265625,-9.29428125
-9.17583984375,-4.86105078125,-6.61141796875,-11.86234375,-6.36661328125,-0.00594531249999974,-3.55395703125,-2.6489609375,-10.50758984375,-1.5677109375,-0.97088671875,-0.896433593749999,-12.24896875,-8.326390625,0.0705859375000006,-2.60498046875,-6.14897265625,-8.8183671875,-8.1662421875,-4.430140625,-1.08805859375,-6.3541015625,-6.03769140625,-9.296375,-4.42164453125,-0.291707031250001,-10.7712578125,-10.596109375,-9.962265625,-7.82028125
-9.09883984375,-4.61205078125,-4.55941796875,-14.36034375,-7.24861328125,-0.1959453125,-3.29795703125,0.201039062500001,-11.78158984375,-2.1797109375,-0.0678867187500005,0.59656640625,-12.31696875,-9.187390625,0.5375859375,-1.31798046875,-2.45597265625,-9.4163671875,-7.8512421875,-2.958140625,0.368941406249999,-6.5801015625,-5.60769140625,-7.201375,-2.61764453125,0.68329296875,-8.3982578125,-10.195109375,-9.556265625,-6.89828125
-8.72583984375,-4.65705078125,-3.49841796875,-15.74734375,-7.60261328125,-0.7629453125,-4.16195703125,1.2340390625,-12.43658984375,-3.0397109375,0.11111328125,1.01056640625,-11.55596875,-9.670390625,0.6455859375,-0.47998046875,-0.284972656249999,-9.2623671875,-7.3122421875,-1.864140625,0.958941406249999,-6.3771015625,-5.18169140625,-5.494375,-1.58464453125,0.72629296875,-6.2062578125,-10.122109375,-9.305265625,-6.45728125
-8.33683984375,-4.92905078125,-3.62641796875,-15.91534375,-7.63161328125,-1.6419453125,-5.88495703125,0.3990390625,-12.33458984375,-3.9387109375,-0.40788671875,0.38356640625,-10.21896875,-9.446390625,0.5285859375,-0.12698046875,0.24502734375,-8.0123671875,-6.3142421875,-1.108140625,0.623941406249999,-5.4701015625,-4.38269140625,-4.057375,-1.24764453125,-0.0537070312500001,-4.2832578125,-9.968109375,-8.945265625,-6.33228125
-8.20283984375,-5.33005078125,-4.79541796875,-15.15234375,-7.63161328125,-2.7189453125,-7.79095703125,-1.7159609375,-11.52558984375,-4.7007109375,-1.41688671875,-0.94743359375,-8.82396875,-8.411390625,0.332585937499999,-0.22698046875,-0.606972656249999,-5.7963671875,-4.8042421875,-0.610140624999998,-0.519058593750001,-3.9481015625,-3.03669140625,-2.745375,-1.44264453125,-1.45670703125,-2.6872578125,-9.391109375,-8.281265625,-6.32628125
-8.43483984375,-5.76405078125,-6.62541796875,-13.95134375,-7.74661328125,-3.8219453125,-9.01395703125,-4.1559609375,-10.21058984375,-5.1797109375,-2.57688671875,-2.46443359375,-7.87196875,-6.693390625,0.172585937500001,-0.660980468750001,-2.35597265625,-3.1213671875,-2.9202421875,-0.258140624999999,-2.14405859375,-2.1831015625,-1.23569140625,-1.459375,-1.95764453125,-3.22470703125,-1.4262578125,-8.264109375,-7.265265625,-6.26528125
-8.94583984375,-6.15805078125,-8.64941796875,-12.78434375,-7.90061328125,-4.7599453125,-8.95495703125,-6.0399609375,-8.68458984375,-5.2917109375,-3.54288671875,-3.67143359375,-7.62096875,-4.614390625,0.0975859374999999,-1.24298046875,-4.45397265625,-0.6233671875,-0.9422421875,0.0448593750000015,-3.79905859375,-0.6251015625,0.70830859375,-0.199375,-2.56264453125,-5.10270703125,-0.451257812500001,-6.733109375,-6.026265625,-6.03528125
-9.54083984375,-6.47005078125,-10.42541796875,-11.95334375,-7.92261328125,-5.3839453125,-7.65695703125,-6.9379609375,-7.27158984375,-5.0507109375,-4.09688671875,-4.28743359375,-7.99896875,-2.607390625,0.0855859374999994,-1.78898046875,-6.45097265625,1.1966328125,0.799757812500001,0.341859375000002,-5.07505859375,0.4238984375,2.41330859375,0.929625,-3.05764453125,-6.87970703125,0.322742187499999,-5.151109375,-4.820265625,-5.59728125
-10.04583984375,-6.68405078125,-11.60141796875,-11.54334375,-7.72161328125,-5.6449453125,-5.81795703125,-6.9539609375,-6.26758984375,-4.5737109375,-4.19888671875,-4.32443359375,-8.69996875,-1.091390625,0.0745859375000002,-2.16998046875,-8.06897265625,2.1506328125,2.0517578125,0.616859375000001,-5.74805859375,0.9318984375,3.60530859375,1.784625,-3.29264453125,-8.39670703125,0.9997421875,-3.904109375,-3.910265625,-4.96528125
-10.38283984375,-6.79405078125,-11.93941796875,-11.46334375,-7.37261328125,-5.6009453125,-4.39695703125,-6.4999609375,-5.85258984375,-4.0297109375,-3.93088671875,-4.00443359375,-9.36696875,-0.330390625000001,0.0295859375000003,-2.31598046875,-9.19597265625,2.3736328125,2.7327578125,0.839859375000001,-5.81405859375,1.1228984375,4.24130859375,2.273625,-3.17864453125,-9.50470703125,1.6657421875,-3.214109375,-3.422265625,-4.17228125
-10.54283984375,-6.77305078125,-11.35541796875,-11.51234375,-7.05361328125,-5.3529453125,-4.05595703125,-5.9509609375,-6.01458984375,-3.5467109375,-3.39488671875,-3.57443359375,-9.75996875,-0.330390625000001,-0.0114140625000001,-2.18698046875,-9.83297265625,2.1796328125,2.9487578125,1.028859375,-5.39905859375,1.3098984375,4.48430859375,2.426625,-2.69064453125,-10.04870703125,2.3657421875,-3.036109375,-3.274265625,-3.25928125
-10.51983984375,-6.56505078125,-9.95141796875,-11.45534375,-6.89061328125,-4.9679453125,-4.79195703125,-5.3969609375,-6.53058984375,-3.1647109375,-2.65088671875,-3.15343359375,-9.78896875,-0.860390625000001,0.0505859374999993,-1.75098046875,-10.04497265625,1.8396328125,2.9017578125,1.241859375,-4.65905859375,1.6858984375,4.55130859375,2.364625,-1.89164453125,-9.90670703125,3.0577421875,-3.119109375,-3.233265625,-2.30928125
-10.26583984375,-6.10905078125,-8.01141796875,-11.10134375,-6.83861328125,-4.4609453125,-5.96695703125,-4.6409609375,-7.04458984375,-2.8547109375,-1.74688671875,-2.71443359375,-9.45296875,-1.578390625,0.300585937499999,-1.01998046875,-9.91597265625,1.4316328125,2.7327578125,1.506859375,-3.71705859375,2.1858984375,4.52030859375,2.176625,-0.96564453125,-9.08970703125,3.5717421875,-3.199109375,-3.101265625,-1.50128125
-9.71283984375,-5.38105078125,-5.92941796875,-10.35334375,-6.67461328125,-3.8369453125,-6.69895703125,-3.3859609375,-7.22158984375,-2.5757109375,-0.767886718750001,-2.18243359375,-8.74996875,-2.209390625,0.7195859375,-0.109980468750001,-9.48697265625,0.855632812500001,2.4187578125,1.757859375,-2.67105859375,2.5368984375,4.23830859375,1.813625,-0.210644531250001,-7.83270703125,3.6127421875,-3.202109375,-2.895265625,-1.10328125
-8.81883984375,-4.41305078125,-4.07541796875,-9.24034375,-6.10461328125,-3.1129453125,-6.33595703125,-1.4839609375,-6.87658984375,-2.3077109375,0.15611328125,-1.51943359375,-7.68396875,-2.634390625,1.1885859375,0.78301953125,-8.69697265625,-0.0173671874999997,1.8157578125,1.847859375,-1.61605859375,2.4428984375,3.42130859375,1.110625,0.0653554687499991,-6.57570703125,2.8657421875,-3.283109375,-2.887265625,-1.37728125
-7.61683984375,-3.27805078125,-2.66641796875,-7.90634375,-4.93761328125,-2.2969453125,-4.73195703125,0.907039062500001,-6.03258984375,-2.0267109375,0.90911328125,-0.739433593749999,-6.34996875,-2.876390625,1.5675859375,1.46401953125,-7.40597265625,-1.1893671875,0.809757812500001,1.653859375,-0.66105859375,1.7488984375,1.86630859375,-0.0883749999999992,-0.32364453125,-5.78070703125,1.1737421875,-3.707109375,-3.440265625,-2.44428125
-6.22783984375,-2.08905078125,-1.71541796875,-6.57134375,-3.21561328125,-1.3669453125,-2.22695703125,3.3610390625,-4.89158984375,-1.6857109375,1.44711328125,0.11356640625,-5.02596875,-3.034390625,1.7915859375,1.82201953125,-5.56097265625,-2.4933671875,-0.562242187499999,1.147859375,0.053941406249999,0.4838984375,-0.37569140625,-1.792375,-1.35564453125,-5.71170703125,-1.3482578125,-4.652109375,-4.768265625,-4.19428125
-4.85683984375,-0.99205078125,-1.06941796875,-5.47234375,-1.24761328125,-0.3099453125,0.54304296875,5.3600390625,-3.75658984375,-1.2457109375,1.77711328125,0.96156640625,-4.13296875,-3.222390625,1.8765859375,1.82901953125,-3.41597265625,-3.6673671875,-2.1052421875,0.389859375000002,0.360941406249999,-1.1811015625,-2.98769140625,-3.839375,-2.84164453125,-6.31870703125,-4.3132578125,-6.083109375,-6.770265625,-6.29628125
-3.76683984375,-0.15805078125,-0.50641796875,-4.81034375,0.501386718749998,0.7940546875,2.86304296875,6.4950390625,-2.92358984375,-0.7387109375,1.88711328125,1.66056640625,-4.06696875,-3.529390625,1.8635859375,1.48701953125,-1.59797265625,-4.4863671875,-3.5792421875,-0.554140624999999,0.10094140625,-2.9751015625,-5.51569140625,-5.968375,-4.52764453125,-7.30170703125,-7.1942578125,-7.740109375,-9.016265625,-8.28128125
-3.22283984375,0.26794921875,0.13558203125,-4.71534375,1.57138671875,1.7390546875,4.10804296875,6.5480390625,-2.60658984375,-0.3067109375,1.68011328125,2.00556640625,-4.97496875,-4.009390625,1.7265859375,0.78801953125,-0.857972656249999,-4.8703671875,-4.8242421875,-1.671140625,-0.787058593750001,-4.5481015625,-7.54469140625,-7.924375,-6.20264453125,-8.28070703125,-9.5062578125,-9.208109375,-10.894265625,-9.67628125
-3.42583984375,0.19094921875,0.83158203125,-5.22934375,1.63338671875,2.2280546875,3.88304296875,5.4750390625,-2.91858984375,-0.1877109375,0.98511328125,1.77856640625,-6.67896875,-4.706390625,1.3305859375,-0.301980468750001,-1.62597265625,-4.9543671875,-5.8422421875,-3.016140625,-2.20005859375,-5.5511015625,-8.84869140625,-9.557375,-7.74664453125,-8.93970703125,-10.9672578125,-10.055109375,-11.838265625,-10.16728125
-4.44883984375,-0.42405078125,1.30358203125,-6.31334375,0.551386718749997,1.9600546875,2.12504296875,3.3370390625,-3.91858984375,-0.6527109375,-0.38388671875,0.80956640625,-8.76596875,-5.696390625,0.4685859375,-1.82098046875,-3.68697265625,-5.0883671875,-6.8042421875,-4.672140625,-3.88705859375,-5.7921015625,-9.47169140625,-10.856375,-9.14464453125,-9.10270703125,-11.5932578125,-9.991109375,-11.555265625,-9.72328125
-6.20083984375,-1.56705078125,1.09958203125,-7.85134375,-1.61761328125,0.7550546875,-0.878957031250001,0.2800390625,-5.61558984375,-1.8937109375,-2.51388671875,-0.97043359375,-10.80696875,-7.079390625,-1.0184140625,-3.78298046875,-6.24497265625,-5.7083671875,-7.9552421875,-6.667140625,-5.56105859375,-5.3441015625,-9.67869140625,-11.917375,-10.44064453125,-8.77870703125,-11.6602578125,-8.985109375,-10.131265625,-8.61428125
-8.41983984375,-3.16105078125,-0.163417968749999,-9.65834375,-4.63061328125,-1.3359453125,-4.54995703125,-3.4259609375,-7.91558984375,-3.9067109375,-5.27888671875,-3.47143359375,-12.49696875,-8.885390625,-3.0854140625,-6.09998046875,-8.34497265625,-7.0973671875,-9.4492421875,-8.877140625,-6.99105859375,-4.4851015625,-9.78669140625,-12.835375,-11.66164453125,-8.11870703125,-11.5402578125,-7.269109375,-7.975265625,-7.29128125
-10.71883984375,-5.02505078125,-2.54441796875,-11.50134375,-8.10261328125,-3.9939453125,-8.13595703125,-7.3399609375,-10.55458984375,-6.4237109375,-8.29288671875,-6.40743359375,-13.66996875,-10.972390625,-5.4214140625,-8.53098046875,-9.36797265625,-9.1653671875,-11.2072421875,-10.988140625,-8.04105859375,-3.5081015625,-9.97169140625,-13.596375,-12.73564453125,-7.31270703125,-11.5032578125,-5.241109375,-5.631265625,-6.16928125
-12.67683984375,-6.89005078125,-5.66841796875,-13.14834375,-11.57161328125,-6.7269453125,-10.87495703125,-10.8499609375,-13.12358984375,-8.9827109375,-11.00088671875,-9.32643359375,-14.21596875,-13.020390625,-7.5444140625,-10.70698046875,-9.26797265625,-11.4283671875,-12.9172421875,-12.598140625,-8.65805859375,-2.5671015625,-10.20469140625,-14.082375,-13.48664453125,-6.47770703125,-11.6052578125,-3.337109375,-3.618265625,-5.48328125
-13.95983984375,-8.45405078125,-8.81441796875,-14.42034375,-14.57461328125,-9.0479453125,-12.20295703125,-13.3159609375,-15.17458984375,-11.0917109375,-12.86888671875,-11.72943359375,-14.04296875,-14.643390625,-9.0104140625,-12.25298046875,-8.42197265625,-13.2423671875,-14.1782421875,-13.395140625,-8.86005859375,-1.6951015625,-10.34169140625,-14.160375,-13.73564453125,-5.66970703125,-11.7252578125,-1.943109375,-2.333265625,-5.28028125
-14.40583984375,-9.45005078125,-11.14341796875,-15.20634375,-16.69361328125,-10.6039453125,-11.92995703125,-14.2939609375,-16.35858984375,-12.3807109375,-13.57088671875,-13.21043359375,-13.13896875,-15.523390625,-9.5804140625,-12.90898046875,-7.27097265625,-14.1113671875,-14.6772421875,-13.294140625,-8.72005859375,-0.9311015625,-10.26069140625,-13.780375,-13.40564453125,-4.97570703125,-11.6782578125,-1.311109375,-2.011265625,-5.49628125
-14.05183984375,-9.68705078125,-11.95541796875,-15.44334375,-17.59661328125,-11.2209453125,-10.29995703125,-13.7009609375,-16.49658984375,-12.6737109375,-13.05088671875,-13.52443359375,-11.66596875,-15.487390625,-9.2374140625,-12.57098046875,-6.04797265625,-13.8723671875,-14.2652421875,-12.408140625,-8.30205859375,-0.3901015625,-9.91869140625,-12.957375,-12.55464453125,-4.55070703125,-11.3042578125,-1.496109375,-2.664265625,-6.01628125
-13.09183984375,-9.10305078125,-10.95041796875,-15.10634375,-17.13061328125,-10.8919453125,-7.90895703125,-11.7999609375,-15.61358984375,-12.0017109375,-11.50088671875,-12.60743359375,-9.97296875,-14.514390625,-8.1044140625,-11.26298046875,-4.77497265625,-12.6683671875,-12.9332421875,-10.924140625,-7.59605859375,-0.2071015625,-9.30069140625,-11.692375,-11.31564453125,-4.52970703125,-10.4832578125,-2.329109375,-4.049265625,-6.68228125
-11.82083984375,-7.82705078125,-8.40741796875,-14.23734375,-15.45661328125,-9.7969453125,-5.54495703125,-9.0629609375,-13.93458984375,-10.6087109375,-9.30388671875,-10.58743359375,-8.47396875,-12.736390625,-6.3774140625,-9.12298046875,-3.47697265625,-10.8023671875,-10.7782421875,-9.010140625,-6.52305859375,-0.3981015625,-8.36569140625,-9.941375,-9.82464453125,-4.88870703125,-9.1422578125,-3.500109375,-5.717265625,-7.30528125
-10.56783984375,-6.20105078125,-5.14441796875,-13.00634375,-13.11561328125,-8.3119453125,-3.97295703125,-6.0379609375,-11.85458984375,-8.9237109375,-6.97488671875,-7.83643359375,-7.47496875,-10.442390625,-4.3404140625,-6.45098046875,-2.40497265625,-8.6083671875,-8.0132421875,-6.828140625,-5.04405859375,-0.7831015625,-7.05369140625,-7.686375,-8.19864453125,-5.43670703125,-7.2892578125,-4.704109375,-7.174265625,-7.71128125
-9.65283984375,-4.72705078125,-2.24641796875,-11.71434375,-10.90061328125,-6.9399453125,-3.71795703125,-3.3059609375,-9.86358984375,-7.4707109375,-5.06388671875,-4.96243359375,-7.07496875,-8.063390625,-2.3844140625,-3.72698046875,-2.04997265625,-6.3943671875,-5.0122421875,-4.625140625,-3.32005859375,-1.0581015625,-5.38869140625,-5.069375,-6.58164453125,-5.95970703125,-5.0652578125,-5.763109375,-8.056265625,-7.82728125
-9.32983984375,-3.91305078125,-0.66541796875,-10.74034375,-9.53961328125,-6.1639453125,-4.89395703125,-1.4589609375,-8.45558984375,-6.7117109375,-4.02388671875,-2.71043359375,-7.21496875,-6.120390625,-0.9734140625,-1.56198046875,-2.88197265625,-4.4843671875,-2.3302421875,-2.791140625,-1.78505859375,-1.0131015625,-3.58069140625,-2.477375,-5.19664453125,-6.40670703125,-2.7722578125,-6.656109375,-8.243265625,-7.72728125
-9.73983984375,-4.09005078125,-0.89141796875,-10.41034375,-9.38761328125,-6.2709453125,-7.12595703125,-0.967960937499999,-7.99258984375,-6.8807109375,-4.06988671875,-1.74843359375,-7.79496875,-5.104390625,-0.509414062499999,-0.52198046875,-4.99197265625,-3.2363671875,-0.5982421875,-1.797140625,-1.04405859375,-0.7411015625,-2.03869140625,-0.468375,-4.32264453125,-6.95470703125,-0.815257812500001,-7.452109375,-7.858265625,-7.59828125
-10.84083984375,-5.24805078125,-2.79941796875,-10.84934375,-10.30361328125,-7.2249453125,-9.62495703125,-1.9759609375,-8.57158984375,-7.8847109375,-5.07788671875,-2.39443359375,-8.72196875,-5.298390625,-1.1534140625,-0.885980468750001,-7.86097265625,-2.9553671875,-0.299242187499999,-1.990140625,-1.58605859375,-0.6171015625,-1.21469140625,0.449625000000001,-4.17764453125,-7.87270703125,0.455742187499999,-8.196109375,-7.137265625,-7.63628125
-12.34083984375,-6.98305078125,-5.67941796875,-11.87634375,-11.78161328125,-8.6539453125,-11.42795703125,-4.1409609375,-9.92258984375,-9.3097109375,-6.59788671875,-4.40343359375,-9.84596875,-6.607390625,-2.6924140625,-2.45698046875,-10.48197265625,-3.7093671875,-1.5052421875,-3.356140625,-3.45605859375,-1.0391015625,-1.33469140625,0.0986250000000002,-4.75864453125,-9.26970703125,0.915742187499999,-8.798109375,-6.268265625,-7.91828125
-13.70383984375,-8.61205078125,-8.45041796875,-13.02634375,-13.21061328125,-9.9839453125,-11.78495703125,-6.6729609375,-11.44958984375,-10.5787109375,-7.99988671875,-6.96743359375,-10.86196875,-8.521390625,-4.5834140625,-4.56498046875,-11.77297265625,-5.1863671875,-3.7752421875,-5.440140625,-6.11405859375,-2.0951015625,-2.22769140625,-1.243375,-5.78764453125,-10.90070703125,0.7247421875,-9.027109375,-5.303265625,-8.33928125
-14.30383984375,-9.45805078125,-10.04541796875,-13.73334375,-14.13061328125,-10.7089453125,-10.51195703125,-8.6119609375,-12.46158984375,-11.2097109375,-8.73588671875,-9.00543359375,-11.35596875,-10.313390625,-6.1994140625,-6.33998046875,-11.05297265625,-6.7633671875,-6.3212421875,-7.533140625,-8.61505859375,-3.4521015625,-3.40469140625,-2.988375,-6.84064453125,-12.18570703125,0.1957421875,-8.655109375,-4.237265625,-8.69028125
-13.71283984375,-9.15905078125,-9.83841796875,-13.59034375,-14.35061328125,-10.6349453125,-8.06995703125,-9.2249609375,-12.47958984375,-11.0377109375,-8.59388671875,-9.65543359375,-10.98896875,-11.358390625,-7.1354140625,-7.11698046875,-8.31597265625,-7.8013671875,-8.3702421875,-9.028140625,-10.05305859375,-4.5591015625,-4.34769140625,-4.559375,-7.57964453125,-12.47270703125,-0.4202578125,-7.673109375,-3.169265625,-8.80128125
-11.94983984375,-7.82305078125,-7.91241796875,-12.53834375,-13.90861328125,-9.9339453125,-5.31695703125,-8.3279609375,-11.44058984375,-10.2617109375,-7.77088671875,-8.67943359375,-9.70296875,-11.385390625,-7.3634140625,-6.72998046875,-4.21797265625,-7.9643671875,-9.4762421875,-9.676140625,-9.99205859375,-5.0001015625,-4.79069140625,-5.646375,-7.91064453125,-11.39470703125,-1.0632578125,-6.378109375,-2.367265625,-8.66328125
-9.52183984375,-5.93705078125,-4.98941796875,-10.86734375,-12.93361328125,-8.9769453125,-3.08795703125,-6.3249609375,-9.67358984375,-9.2757109375,-6.71888671875,-6.54543359375,-7.80596875,-10.522390625,-7.1484140625,-5.52698046875,0.158027343750001,-7.3643671875,-9.6122421875,-9.616140625,-8.64305859375,-4.7501015625,-4.81369140625,-6.258375,-7.98564453125,-9.12470703125,-1.8232578125,-5.264109375,-2.173265625,-8.44728125
-7.19883984375,-4.11805078125,-2.08541796875,-9.04834375,-11.54161328125,-8.0949453125,-1.86095703125,-3.9349609375,-7.70058984375,-8.4367109375,-5.87988671875,-4.14743359375,-5.89996875,-9.156390625,-6.8364140625,-4.15398046875,3.64902734375,-6.4493671875,-9.0682421875,-9.202140625,-6.70705859375,-4.1611015625,-4.72569140625,-6.599375,-8.08064453125,-6.37370703125,-2.8102578125,-4.779109375,-2.816265625,-8.40928125
-5.62883984375,-2.85005078125,-0.0624179687499993,-7.50334375,-9.82961328125,-7.4109453125,-1.64395703125,-1.8149609375,-5.98358984375,-7.8797109375,-5.45288671875,-2.35843359375,-4.63196875,-7.710390625,-6.6364140625,-3.22198046875,5.39702734375,-5.7313671875,-8.2382421875,-8.783140625,-5.01105859375,-3.7301015625,-4.84969140625,-6.893375,-8.44564453125,-4.13370703125,-4.0282578125,-5.100109375,-4.255265625,-8.74028125
-5.00783984375,-2.28405078125,0.70458203125,-6.42134375,-7.92661328125,-6.7919453125,-2.07795703125,-0.319960937499999,-4.74958984375,-7.4627109375,-5.30488671875,-1.63443359375,-4.35196875,-6.444390625,-6.5114140625,-3.01298046875,5.15302734375,-5.5083671875,-7.4182421875,-8.532140625,-4.11905859375,-3.7861015625,-5.31869140625,-7.238375,-9.15964453125,-3.24470703125,-5.3072578125,-6.022109375,-6.115265625,-9.41728125
-4.99083984375,-2.20505078125,0.42258203125,-5.70434375,-6.00961328125,-5.9309453125,-2.67495703125,0.516039062500001,-3.96058984375,-6.8427109375,-5.03988671875,-1.84943359375,-4.88796875,-5.378390625,-6.2034140625,-3.34898046875,3.38102734375,-5.7253671875,-6.6922421875,-8.370140625,-4.10905859375,-4.2671015625,-5.97869140625,-7.521375,-10.04464453125,-3.99970703125,-6.3112578125,-7.026109375,-7.766265625,-10.14628125
-4.96083984375,-2.18305078125,-0.29841796875,-5.08934375,-4.26361328125,-4.5479453125,-3.06295703125,0.8700390625,-3.43658984375,-5.6787109375,-4.21188671875,-2.41943359375,-5.63496875,-4.390390625,-5.3844140625,-3.69198046875,1.03002734375,-6.0623671875,-5.9642421875,-8.029140625,-4.59305859375,-4.7531015625,-6.47269140625,-7.459375,-10.70664453125,-5.99570703125,-6.6472578125,-7.515109375,-8.542265625,-10.48328125
-4.45983984375,-1.85205078125,-0.79041796875,-4.36734375,-2.83761328125,-2.6199453125,-3.11895703125,0.9920390625,-3.05458984375,-3.8857109375,-2.59788671875,-2.67143359375,-5.95796875,-3.400390625,-3.8904140625,-3.47098046875,-0.931972656249999,-6.1833671875,-5.1182421875,-7.236140625,-4.98705859375,-4.7471015625,-6.46369140625,-6.761375,-10.70864453125,-8.33070703125,-6.0412578125,-7.114109375,-8.037265625,-10.06128125
-3.51183984375,-1.11505078125,-0.63541796875,-3.55134375,-1.82861328125,-0.4609453125,-2.92095703125,1.0620390625,-2.84758984375,-1.7407109375,-0.37188671875,-2.22443359375,-5.60496875,-2.506390625,-1.8554140625,-2.41998046875,-1.94797265625,-5.9693671875,-4.1602421875,-5.895140625,-4.85005859375,-4.0011015625,-5.85969140625,-5.313375,-9.79964453125,-10.03670703125,-4.4992578125,-5.859109375,-6.320265625,-8.80428125
-2.57883984375,-0.14605078125,0.205582031250001,-2.88034375,-1.28361328125,1.4360546875,-2.55795703125,1.1120390625,-2.94358984375,0.245289062499999,1.96411328125,-1.16743359375,-4.81696875,-1.931390625,0.336585937500001,-0.71998046875,-1.98897265625,-5.5663671875,-3.2292421875,-4.155140625,-4.10005859375,-2.6721015625,-4.86769140625,-3.267375,-8.04964453125,-10.49270703125,-2.3272578125,-4.169109375,-3.919265625,-6.97428125
-2.21283984375,0.771949218750001,1.46158203125,-2.64734375,-1.18261328125,2.6810546875,-1.98095703125,1.0390390625,-3.40758984375,1.6222890625,3.83911328125,0.0555664062500005,-4.06396875,-1.849390625,2.2475859375,1.11201953125,-1.36197265625,-5.2413671875,-2.4862421875,-2.335140625,-2.99905859375,-1.2141015625,-3.88369140625,-0.993375,-5.83564453125,-9.64170703125,-0.00925781250000046,-2.619109375,-1.598265625,-5.05528125
-2.65583984375,1.42894921875,2.72158203125,-2.99234375,-1.42261328125,3.1930546875,-1.01995703125,0.744039062500001,-4.13658984375,2.2312890625,4.89711328125,0.93956640625,-3.65796875,-2.239390625,3.5655859375,2.49601953125,-0.399972656249999,-5.1743671875,-1.9942421875,-0.794140624999999,-1.96605859375,-0.1241015625,-3.27469140625,1.066625,-3.68564453125,-7.92770703125,1.9927421875,-1.666109375,-0.0342656249999997,-3.54228125
-3.67383984375,1.76994921875,3.61758203125,-3.78634375,-1.83661328125,3.1850546875,0.44504296875,0.257039062500001,-4.87258984375,2.2472890625,5.12911328125,1.20756640625,-3.55596875,-2.868390625,4.1835859375,3.05401953125,0.69402734375,-5.3313671875,-1.6732421875,0.184859375000002,-1.35005859375,0.3118984375,-3.17569140625,2.563625,-2.08264453125,-6.04470703125,3.4027421875,-1.444109375,0.454734375,-2.73928125
-4.70983984375,1.85494921875,3.94958203125,-4.69734375,-2.25961328125,3.0020546875,2.31304296875,-0.2739609375,-5.33058984375,2.0152890625,4.80211328125,0.91956640625,-3.50396875,-3.397390625,4.1685859375,2.74601953125,1.81402734375,-5.5003671875,-1.3552421875,0.474859375000001,-1.29705859375,0.1288984375,-3.40769140625,3.368625,-1.30464453125,-4.62670703125,4.2047421875,-1.717109375,0.0217343750000003,-2.64728125
-5.25283984375,1.74394921875,3.69558203125,-5.39034375,-2.62961328125,2.8930546875,4.24004296875,-0.717960937499999,-5.35458984375,1.8182890625,4.26011328125,0.34956640625,-3.35396875,-3.559390625,3.6735859375,1.82501953125,2.81502734375,-5.4433671875,-0.8842421875,0.108859375000002,-1.76805859375,-0.3951015625,-3.55669140625,3.578625,-1.37464453125,-4.05170703125,4.5727421875,-2.033109375,-0.827265625,-3.01028125
-5.15983984375,1.40894921875,2.93758203125,-5.72834375,-3.02161328125,2.8550546875,5.73104296875,-1.1099609375,-5.02158984375,1.7002890625,3.71611328125,-0.25443359375,-3.25196875,-3.305390625,2.8495859375,0.648019531249999,3.43902734375,-5.0733671875,-0.2212421875,-0.762140624999999,-2.64905859375,-0.9321015625,-3.20469140625,3.414625,-2.10864453125,-4.37270703125,4.7187421875,-1.989109375,-1.529265625,-3.47028125
-4.71583984375,0.75794921875,1.81458203125,-5.84134375,-3.57661328125,2.6690546875,6.31904296875,-1.6399609375,-4.59458984375,1.4822890625,3.18911328125,-0.83343359375,-3.51696875,-2.801390625,1.8215859375,-0.48898046875,3.37902734375,-4.4923671875,0.550757812500001,-1.912140625,-3.80105859375,-1.2681015625,-2.14369140625,3.102625,-3.20364453125,-5.33370703125,4.7857421875,-1.443109375,-1.743265625,-3.74228125
-4.41883984375,-0.22305078125,0.554582031250001,-6.01534375,-4.34561328125,2.1060546875,5.75904296875,-2.5229609375,-4.33758984375,0.9592890625,2.60511328125,-1.47743359375,-4.28996875,-2.271390625,0.7535859375,-1.38398046875,2.44002734375,-3.8693671875,1.3197578125,-3.035140625,-5.00605859375,-1.3181015625,-0.45369140625,2.828625,-4.28264453125,-6.41170703125,4.8417421875,-0.532109375,-1.442265625,-3.70128125
-4.64583984375,-1.34905078125,-0.50841796875,-6.48834375,-5.17861328125,1.1690546875,4.16704296875,-3.8429609375,-4.34858984375,0.1382890625,1.96911328125,-2.26043359375,-5.27596875,-1.818390625,-0.0804140624999992,-1.87398046875,0.64102734375,-3.2693671875,2.0587578125,-3.746140625,-5.90805859375,-1.0661015625,1.58430859375,2.745625,-4.94064453125,-6.96770703125,4.9387421875,0.470890625,-0.812265625,-3.38128125
-5.43783984375,-2.27805078125,-1.01641796875,-7.31834375,-5.76461328125,0.1500546875,2.01604296875,-5.4709609375,-4.52758984375,-0.6987109375,1.44711328125,-3.10343359375,-5.84096875,-1.378390625,-0.3384140625,-1.80698046875,-1.77597265625,-2.6133671875,2.8237578125,-3.670140625,-6.08405859375,-0.5421015625,3.60930859375,2.976625,-4.82964453125,-6.49670703125,5.1457421875,1.322890625,-0.0912656249999997,-2.90428125
-6.50083984375,-2.68605078125,-0.76541796875,-8.37734375,-5.80161328125,-0.5199453125,-0.0249570312500005,-7.0899609375,-4.69758984375,-1.1367109375,1.30711328125,-3.76343359375,-5.42396875,-0.833390625000002,0.240585937500001,-1.09598046875,-4.41097265625,-1.8043671875,3.6647578125,-2.594140625,-5.24205859375,0.1418984375,5.27630859375,3.566625,-3.79664453125,-4.87170703125,5.5177421875,1.901890625,0.553734375,-2.39928125
-7.36683984375,-2.45405078125,0.15958203125,-9.46434375,-5.16761328125,-0.5229453125,-1.34295703125,-8.3049609375,-4.75558984375,-0.8847109375,1.77511328125,-3.95043359375,-3.94196875,-0.164390625000001,1.6715859375,0.20501953125,-6.73697265625,-0.8923671875,4.5157578125,-0.605140624999999,-3.42005859375,0.7888984375,6.31330859375,4.449625,-1.98364453125,-2.41670703125,6.0417421875,2.221890625,1.076734375,-1.92228125
-7.63483984375,-1.73305078125,1.38258203125,-10.44634375,-4.00061328125,0.1560546875,-1.61595703125,-8.8199609375,-4.74858984375,0.0382890625000005,2.86711328125,-3.49843359375,-1.88296875,0.484609375,3.6555859375,1.87201953125,-8.15197265625,-0.118367187499999,5.1737578125,1.886859375,-1.05005859375,1.1748984375,6.56530859375,5.432625,0.161355468749999,0.19829296875,6.5937421875,2.375890625,1.523734375,-1.45628125
-7.18583984375,-0.874050781249999,2.37058203125,-11.33134375,-2.70161328125,1.1840546875,-0.94695703125,-8.6069609375,-4.84158984375,1.2642890625,4.30511328125,-2.51743359375,-0.0359687500000003,0.864609374999999,5.6425859375,3.52501953125,-8.16997265625,0.185632812500002,5.3687578125,4.237859375,1.16994140625,1.1248984375,6.01030859375,6.231625,1.98635546875,2.19529296875,6.9357421875,2.448890625,1.946734375,-0.99528125
-6.28083984375,-0.273050781249999,2.65758203125,-12.23934375,-1.83561328125,1.9810546875,0.16804296875,-7.9309609375,-5.21058984375,2.2112890625,5.55811328125,-1.40043359375,0.91503125,0.748609374999999,7.0105859375,4.72401953125,-6.70197265625,-0.220367187499999,4.8847578125,5.767859375,2.54094140625,0.5768984375,4.74830859375,6.526625,2.84235546875,2.94529296875,6.7717421875,2.409890625,2.282734375,-0.648281249999999
-5.44383984375,-0.19905078125,2.07958203125,-13.25834375,-1.94261328125,1.9700546875,1.05704296875,-7.2059609375,-5.91058984375,2.3482890625,6.05511328125,-0.63943359375,0.686031249999999,0.072609374999999,7.3025859375,5.10501953125,-4.22397265625,-1.3083671875,3.6877578125,5.985859375,2.65394140625,-0.3881015625,2.99430859375,6.070625,2.32435546875,2.18829296875,5.8717421875,2.088890625,2.305734375,-0.66328125
-5.18383984375,-0.67505078125,0.881582031250001,-14.29634375,-3.27861328125,0.8630546875,1.16904296875,-6.7539609375,-6.79958984375,1.4572890625,5.45611328125,-0.56043359375,-0.53696875,-0.989390625,6.4275859375,4.51901953125,-1.60097265625,-2.7333671875,1.9977578125,4.777859375,1.54694140625,-1.5421015625,1.07730859375,4.810625,0.44135546875,0.10429296875,4.2007421875,1.287890625,1.716734375,-1.32928125
-5.70783984375,-1.47805078125,-0.38541796875,-15.05334375,-5.64161328125,-1.1649453125,0.30704296875,-6.6179609375,-7.58658984375,-0.237710937499999,3.82811328125,-1.16243359375,-2.25796875,-2.089390625,4.7015859375,3.07701953125,0.35902734375,-3.9883671875,0.2317578125,2.449859375,-0.373058593750001,-2.5791015625,-0.62569140625,2.949625,-2.39564453125,-2.77270703125,1.9567421875,-0.0561093749999997,0.325734375,-2.80128125
-6.83383984375,-2.27705078125,-1.16841796875,-15.17534375,-8.37961328125,-3.5509453125,-1.31995703125,-6.5829609375,-8.01358984375,-2.1587109375,1.62711328125,-2.17143359375,-3.93296875,-2.885390625,2.7095859375,1.07901953125,1.30502734375,-4.6803671875,-1.1692421875,-0.404140624999998,-2.57605859375,-3.2441015625,-1.80569140625,0.885625000000001,-5.55964453125,-5.76770703125,-0.5112578125,-1.774109375,-1.793265625,-4.97928125
-8.11883984375,-2.79205078125,-1.18041796875,-14.48934375,-10.63461328125,-5.5749453125,-3.19695703125,-6.3529609375,-7.99758984375,-3.6137109375,-0.47588671875,-3.22243359375,-5.18796875,-3.215390625,1.0805859375,-1.08698046875,1.42502734375,-4.7633671875,-1.9322421875,-3.110140625,-4.62805859375,-3.4251015625,-2.35169140625,-0.936375,-8.42864453125,-8.26670703125,-2.8352578125,-3.516109375,-4.288265625,-7.49128125
-9.07883984375,-2.88105078125,-0.47541796875,-13.13734375,-11.68161328125,-6.6289453125,-4.67395703125,-5.7589609375,-7.64658984375,-4.0527109375,-1.81788671875,-3.97843359375,-5.88896875,-3.139390625,0.278585937500001,-2.98198046875,1.21302734375,-4.5293671875,-2.0372421875,-5.098140625,-6.25105859375,-3.1261015625,-2.36969140625,-2.167375,-10.51864453125,-9.84270703125,-4.7162578125,-4.916109375,-6.650265625,-9.79728125
-9.37883984375,-2.53705078125,0.65758203125,-11.53634375,-11.24061328125,-6.4039453125,-5.18195703125,-4.8539609375,-7.13858984375,-3.2557109375,-1.95388671875,-4.18643359375,-6.08696875,-2.857390625,0.4905859375,-4.15498046875,1.11402734375,-4.4033671875,-1.6832421875,-6.026140625,-7.27905859375,-2.4031015625,-2.11569140625,-2.649375,-11.53164453125,-10.34870703125,-5.9622578125,-5.777109375,-8.422265625,-11.39628125
-8.92383984375,-1.86605078125,1.82758203125,-10.17334375,-9.60261328125,-5.0029453125,-4.46895703125,-3.8609609375,-6.60158984375,-1.4277109375,-0.82288671875,-3.72143359375,-5.93396875,-2.612390625,1.5725859375,-4.26898046875,1.28602734375,-4.7053671875,-1.2072421875,-5.867140625,-7.64705859375,-1.3511015625,-1.89469140625,-2.460375,-11.39964453125,-9.97270703125,-6.5032578125,-6.179109375,-9.395265625,-12.03028125
-7.86983984375,-1.06305078125,2.64158203125,-9.39434375,-7.49561328125,-2.9079453125,-2.74995703125,-3.0679609375,-6.07458984375,0.8362890625,1.18711328125,-2.67143359375,-5.59296875,-2.622390625,3.0965859375,-3.28498046875,1.59302734375,-5.5053671875,-0.981242187499999,-4.930140625,-7.45405859375,-0.1771015625,-1.96869140625,-1.891375,-10.33264453125,-9.20770703125,-6.4242578125,-6.430109375,-9.687265625,-11.80628125
-6.53883984375,-0.35805078125,2.81958203125,-9.27134375,-5.72661328125,-0.7949453125,-0.66995703125,-2.7279609375,-5.56858984375,2.7622890625,3.36311328125,-1.35943359375,-5.16596875,-3.022390625,4.5065859375,-1.56098046875,1.77802734375,-6.6153671875,-1.2852421875,-3.761140625,-6.98805859375,0.7878984375,-2.47469140625,-1.339375,-8.80764453125,-8.64870703125,-5.9472578125,-6.875109375,-9.629265625,-11.13228125
-5.29383984375,0.0599492187499999,2.31258203125,-9.60034375,-4.79261328125,0.7260546875,0.95204296875,-2.9989609375,-5.11958984375,3.6952890625,4.95211328125,-0.25843359375,-4.68996875,-3.803390625,5.3225859375,0.23801953125,1.64702734375,-7.6773671875,-2.1812421875,-2.936140625,-6.62705859375,1.1878984375,-3.35869140625,-1.148375,-7.43364453125,-8.69670703125,-5.3602578125,-7.677109375,-9.553265625,-10.50228125
-4.42983984375,0.0729492187499998,1.33358203125,-10.02134375,-4.68761328125,1.2890546875,1.44904296875,-3.9249609375,-4.83058984375,3.3122890625,5.43011328125,0.17156640625,-4.20296875,-4.804390625,5.2795859375,1.38101953125,1.12502734375,-8.3013671875,-3.4932421875,-2.870140625,-6.66705859375,0.7968984375,-4.42269140625,-1.507375,-6.77664453125,-9.39170703125,-4.9442578125,-8.721109375,-9.632265625,-10.29128125
-4.12483984375,-0.38705078125,0.23558203125,-10.20334375,-5.00761328125,0.7650546875,0.51104296875,-5.4449609375,-4.86158984375,1.6372890625,4.61611328125,-0.38743359375,-3.83896875,-5.804390625,4.3265859375,1.30401953125,0.190027343750001,-8.2243671875,-4.9312421875,-3.748140625,-7.21505859375,-0.4171015625,-5.44569140625,-2.458375,-7.21164453125,-10.47770703125,-4.9302578125,-9.713109375,-9.875265625,-10.65728125
-4.43983984375,-1.36105078125,-0.679417968749999,-9.97934375,-5.25261328125,-0.7999453125,-1.79395703125,-7.4369609375,-5.36658984375,-1.0817109375,2.63011328125,-2.03843359375,-3.80496875,-6.645390625,2.5605859375,-0.22298046875,-1.17097265625,-7.4043671875,-6.2602421875,-5.540140625,-8.20105859375,-2.3291015625,-6.31669140625,-3.948375,-8.84664453125,-11.62470703125,-5.4542578125,-10.390109375,-10.214265625,-11.56428125
-5.29983984375,-2.80805078125,-1.30341796875,-9.38234375,-5.11861328125,-3.2039453125,-5.11395703125,-9.7539609375,-6.38558984375,-4.5017109375,-0.21288671875,-4.62743359375,-4.21796875,-7.294390625,0.182585937500001,-3.02698046875,-2.91397265625,-6.0123671875,-7.3992421875,-8.047140625,-9.46905859375,-4.7331015625,-7.04669140625,-5.855375,-11.48764453125,-12.62770703125,-6.4992578125,-10.660109375,-10.577265625,-12.85728125
-6.46583984375,-4.54505078125,-1.72441796875,-8.57334375,-4.62961328125,-6.0619453125,-8.93995703125,-12.2319609375,-7.74858984375,-8.2417109375,-3.47388671875,-7.75243359375,-4.95496875,-7.825390625,-2.5074140625,-6.56098046875,-4.87697265625,-4.3293671875,-8.4062421875,-10.921140625,-10.85305859375,-7.3861015625,-7.70469140625,-7.979375,-14.68164453125,-13.46370703125,-7.8552578125,-10.640109375,-10.918265625,-14.32228125
-6.46583984375,-4.54505078125,-1.72441796875,-8.57334375,-4.62961328125,-6.0619453125,-8.93995703125,-12.2319609375,-7.74858984375,-8.2417109375,-3.47388671875,-7.75243359375,-4.95496875,-7.825390625,-2.5074140625,-6.56098046875,-4.87697265625,-4.3293671875,-8.4062421875,-10.921140625,-10.85305859375,-7.3861015625,-7.70469140625,-7.979375,-14.68164453125,-13.46370703125,-7.8552578125,-10.640109375,-10.918265625,-14.32228125
