"Fp1","Fpz","Fp2","F7","F3","Fz","F4","F8","FC5","FC1","FC2","FC6","T7","C3","Cz","C4","T8","CP5","CP1","CP2","CP6","P7","P3","Pz","P4","P8","POz","O1","Oz","O2"
7.55297265625,-22.2701171875,-18.023703125,84.62578125,9.6334609375,9.011703125,30.994265625,49.57881640625,55.353984375,-21.8326640625,-6.61627734375,65.51903125,108.7860703125,16.957296875,-53.4540625,36.398265625,118.4895234375,-6.3886640625,-34.790515625,-33.40117578125,89.28260546875,18.366984375,-1.35630078125,-2.243265625,-20.77332421875,78.1928125,-22.79914453125,-0.72316015625,10.62774609375,39.24734765625
8.79797265625,-22.3791171875,-18.754703125,87.02178125,10.6604609375,9.482703125,30.218265625,47.19281640625,55.276984375,-21.7966640625,-7.38027734375,62.69403125,109.8950703125,15.846296875,-53.6280625,34.355265625,112.0255234375,-5.7096640625,-34.950515625,-34.50217578125,84.69560546875,17.801984375,-1.16330078125,-2.988265625,-21.93932421875,73.9448125,-23.69814453125,-1.43216015625,9.78174609375,38.16934765625
10.40397265625,-21.8381171875,-18.824703125,89.45678125,11.9804609375,10.428703125,30.211265625,45.10281640625,56.092984375,-21.0956640625,-6.91027734375,60.42303125,111.3660703125,15.793296875,-52.4800625,33.705265625,106.1835234375,-3.8996640625,-33.988515625,-34.30817578125,81.38760546875,18.448984375,0.0246992187500004,-2.667265625,-22.12632421875,70.4708125,-23.46314453125,-1.24416015625,9.89274609375,37.80334765625
12.40297265625,-20.5921171875,-18.134703125,91.86978125,13.5474609375,11.926703125,31.123265625,43.42281640625,57.892984375,-19.7056640625,-5.17127734375,58.84403125,113.2170703125,16.883296875,-50.0410625,34.385265625,101.1535234375,-0.920664062499999,-31.941515625,-32.82117578125,79.45160546875,20.363984375,2.18569921875,-1.333265625,-21.40732421875,67.8408125,-22.19514453125,-0.19516015625,10.92774609375,38.09334765625
14.64197265625,-18.8101171875,-16.801703125,94.03478125,15.1454609375,13.865703125,32.847265625,42.19281640625,60.391984375,-17.8556640625,-2.53327734375,57.97003125,115.2870703125,18.809296875,-46.8340625,35.846265625,97.0315234375,2.8143359375,-29.285515625,-30.50417578125,78.60060546875,23.178984375,4.90469921875,0.554734374999999,-20.20032421875,65.9588125,-20.38414453125,1.34883984375,12.53074609375,38.73534765625
16.78297265625,-16.8621171875,-15.144703125,95.53278125,16.4154609375,15.924703125,35.005265625,41.33281640625,62.959984375,-15.9956640625,0.370722656249999,57.67603125,117.2490703125,20.946296875,-43.6740625,37.323265625,93.8255234375,6.5483359375,-26.759515625,-28.09117578125,78.33860546875,26.255984375,7.51469921875,2.325734375,-19.06832421875,64.6608125,-18.64814453125,2.87383984375,14.21574609375,39.34534765625
18.36597265625,-15.2391171875,-13.628703125,95.86678125,16.9344609375,17.626703125,37.005265625,40.63381640625,64.797984375,-14.6916640625,2.81872265625,57.69603125,118.6830703125,22.529296875,-41.4170625,38.124265625,91.4705234375,9.4043359375,-25.130515625,-26.35717578125,78.14160546875,28.897984375,9.28769921875,3.318734375,-18.50732421875,63.7978125,-17.48514453125,3.92883984375,15.55974609375,39.62934765625
18.97697265625,-14.4171171875,-12.739703125,94.71778125,16.3684609375,18.468703125,38.206265625,39.81081640625,65.232984375,-14.4676640625,4.15872265625,57.66003125,119.2070703125,22.900296875,-40.7250625,37.831265625,89.8415234375,10.6753359375,-24.957515625,-25.88817578125,77.61160546875,30.544984375,9.62769921875,3.069734375,-18.79532421875,63.2588125,-17.15114453125,4.26883984375,16.29774609375,39.46834765625
18.42497265625,-14.6871171875,-12.823703125,92.16478125,14.6164609375,18.108703125,38.131265625,38.62181640625,63.984984375,-15.5956640625,3.98172265625,57.22303125,118.6080703125,21.739296875,-41.8790625,36.389265625,88.7985234375,10.0513359375,-26.425515625,-26.90417578125,76.56460546875,30.899984375,8.24269921875,1.435734375,-19.94032421875,62.9708125,-17.66614453125,3.87483984375,16.31974609375,38.91034765625
16.84297265625,-16.0221171875,-13.940703125,88.70178125,11.8914609375,16.504703125,36.654265625,36.99181640625,61.250984375,-17.9556640625,2.25872265625,56.21903125,116.8890703125,19.166296875,-44.6750625,34.082265625,88.2405234375,7.6983359375,-29.289515625,-29.17217578125,75.06460546875,29.940984375,5.23369921875,-1.370265625,-21.71332421875,62.8898125,-18.88914453125,2.86883984375,15.61374609375,38.08634765625
14.65097265625,-18.0621171875,-15.824703125,85.01778125,8.6444609375,13.945703125,34.063265625,35.06981640625,57.583984375,-21.0586640625,-0.613277343750001,54.76203125,114.2330703125,15.659296875,-48.4680625,31.418265625,88.1375234375,4.1643359375,-32.960515625,-32.08217578125,73.37160546875,27.872984375,1.05269921875,-4.843265625,-23.75132421875,62.9788125,-20.60914453125,1.38883984375,14.22274609375,37.12634765625
12.36897265625,-20.2561171875,-17.980703125,81.67178125,5.3774609375,10.937703125,30.948265625,33.18381640625,53.622984375,-24.2626640625,-3.95327734375,53.18603125,110.9060703125,11.838296875,-52.3890625,28.943265625,88.4965234375,0.1493359375,-36.715515625,-34.87917578125,71.82360546875,25.029984375,-3.65030078125,-8.352265625,-25.71632421875,63.1808125,-22.61814453125,-0.48716015625,12.23774609375,36.09534765625
10.39697265625,-22.1051171875,-19.904703125,78.85078125,2.4324609375,7.999703125,27.954265625,31.69581640625,49.833984375,-27.0606640625,-7.06427734375,51.88003125,107.1700703125,8.229296875,-55.6670625,27.060265625,89.2845234375,-3.7276640625,-39.933515625,-36.96717578125,70.66660546875,21.787984375,-8.24130078125,-11.345265625,-27.40032421875,63.3928125,-24.75014453125,-2.73016015625,9.82674609375,34.98734765625
8.84597265625,-23.3631171875,-21.286703125,76.33278125,-0.1235390625,5.446703125,25.522265625,30.85881640625,46.381984375,-29.2746640625,-9.50027734375,51.08903125,103.2620703125,5.134296875,-57.9090625,25.896265625,90.3725234375,-7.0726640625,-42.280515625,-38.12417578125,69.94060546875,18.492984375,-12.26430078125,-13.510265625,-28.76432421875,63.4768125,-26.88814453125,-5.29316015625,7.23174609375,33.76234765625
7.54497265625,-24.0901171875,-22.104703125,73.67678125,-2.4435390625,3.306703125,23.754265625,30.73081640625,43.179984375,-31.0486640625,-11.19727734375,50.83403125,99.4050703125,2.644296875,-59.1900625,25.313265625,91.5445234375,-9.7296640625,-43.747515625,-38.52817578125,69.46860546875,15.431984375,-15.49230078125,-14.816265625,-29.86432421875,63.3138125,-28.93014453125,-8.02716015625,4.75174609375,32.41234765625
6.20397265625,-24.5391171875,-22.549703125,70.52278125,-4.7245390625,1.416703125,22.475265625,31.21181640625,40.072984375,-32.6576640625,-12.39027734375,50.94703125,95.8180703125,0.744296875000002,-59.9080625,25.017265625,92.5995234375,-11.6926640625,-44.555515625,-38.57017578125,68.98060546875,12.825984375,-17.86330078125,-15.433265625,-30.74932421875,62.8728125,-30.74914453125,-10.66016015625,2.67374609375,31.01634765625
4.63097265625,-24.9681171875,-22.846703125,66.81978125,-7.0235390625,-0.383296874999999,21.436265625,32.13881640625,37.038984375,-34.2656640625,-13.40627734375,51.21503125,92.6710703125,-0.567703125,-60.5080625,24.743265625,93.4415234375,-13.0006640625,-44.978515625,-38.59217578125,68.29060546875,10.841984375,-19.38330078125,-15.589265625,-31.36832421875,62.2538125,-32.16014453125,-12.83516015625,1.22374609375,29.74634765625
2.85597265625,-25.4921171875,-23.105703125,62.87478125,-9.1865390625,-2.104296875,20.501265625,33.35581640625,34.254984375,-35.8046640625,-14.44027734375,51.49503125,90.0130703125,-1.247703125,-61.2240625,24.375265625,94.1105234375,-13.6886640625,-45.184515625,-38.69817578125,67.39560546875,9.602984375,-20.07330078125,-15.454265625,-31.56932421875,61.6758125,-32.94714453125,-14.21616015625,0.51674609375,28.81734765625
1.08597265625,-26.0631171875,-23.277703125,59.18378125,-10.9435390625,-3.610296875,19.715265625,34.72081640625,31.995984375,-37.0326640625,-15.46227734375,51.74803125,87.7340703125,-1.275703125,-61.9930625,23.973265625,94.7025234375,-13.8176640625,-45.188515625,-38.74917578125,66.44760546875,9.158984375,-19.97930078125,-15.112265625,-31.18932421875,61.3728125,-32.94314453125,-14.59716015625,0.54774609375,28.38234765625
-0.44702734375,-26.5621171875,-23.246703125,56.17678125,-12.0855390625,-4.719296875,19.220265625,36.08181640625,30.443984375,-37.7126640625,-16.29127734375,51.97603125,85.6180703125,-0.760703124999999,-62.5630625,23.676265625,95.2505234375,-13.5246640625,-44.912515625,-38.50717578125,65.62860546875,9.443984375,-19.22530078125,-14.606265625,-30.19132421875,61.4618125,-32.13814453125,-13.98716015625,1.18874609375,28.45334765625
-1.65402734375,-26.9221171875,-22.963703125,54.00978125,-12.6025390625,-5.331296875,19.102265625,37.24181640625,29.535984375,-37.7916640625,-16.76527734375,52.13103125,83.4490703125,0.0172968750000013,-62.7000625,23.567265625,95.6515234375,-13.0556640625,-44.313515625,-37.83017578125,65.01760546875,10.248984375,-18.04730078125,-14.007265625,-28.74432421875,61.8618125,-30.72714453125,-12.62216015625,2.21274609375,28.88934765625
-2.64902734375,-27.2081171875,-22.552703125,52.51878125,-12.7155390625,-5.502296875,19.254265625,37.96581640625,28.946984375,-37.4556640625,-16.89427734375,52.07203125,81.1200703125,0.665296875000001,-62.3780625,23.567265625,95.6885234375,-12.7196640625,-43.479515625,-36.80717578125,64.54360546875,11.238984375,-16.76930078125,-13.445265625,-27.19932421875,62.3278125,-29.08014453125,-10.90116015625,3.33874609375,29.46034765625
-3.67202734375,-27.5941171875,-22.303703125,51.34478125,-12.7615390625,-5.444296875,19.350265625,38.02081640625,28.249984375,-37.0586640625,-16.91327734375,51.57903125,78.6600703125,0.816296875000001,-61.8470625,23.423265625,95.1195234375,-12.7816640625,-42.632515625,-35.76517578125,64.02160546875,12.034984375,-15.72630078125,-13.086265625,-25.95932421875,62.5718125,-27.62314453125,-9.27416015625,4.28474609375,29.94134765625
-4.92202734375,-28.2671171875,-22.551703125,50.16878125,-13.0065390625,-5.427296875,18.974265625,37.26681640625,27.168984375,-36.9646640625,-17.18927734375,50.44003125,76.1960703125,0.283296875000001,-61.5300625,22.799265625,93.8055234375,-13.3476640625,-42.038515625,-35.14717578125,63.24960546875,12.330984375,-15.16330078125,-13.076265625,-25.33832421875,62.3978125,-26.69414453125,-8.11416015625,4.83174609375,30.17634765625
-6.40502734375,-29.2991171875,-23.498703125,48.90978125,-13.4955390625,-5.646296875,17.836265625,35.74681640625,25.771984375,-37.3776640625,-18.04127734375,48.56603125,73.8980703125,-0.847703124999999,-61.8080625,21.434265625,91.7895234375,-14.2916640625,-41.880515625,-35.31917578125,62.11960546875,12.006984375,-15.13530078125,-13.462265625,-25.45432421875,61.7528125,-26.42714453125,-7.60016015625,4.88374609375,30.09634765625
-7.90202734375,-30.5681171875,-25.082703125,47.75778125,-14.0285390625,-6.113296875,15.954265625,33.71481640625,24.455984375,-38.2376640625,-19.52927734375,46.07603125,71.9240703125,-2.240703125,-62.7970625,19.319265625,89.3135234375,-15.2986640625,-42.156515625,-36.39117578125,60.68060546875,11.172984375,-15.47930078125,-14.149265625,-26.19332421875,60.7168125,-26.71214453125,-7.66616015625,4.49874609375,29.71434765625
-9.05002734375,-31.7601171875,-26.964703125,47.03678125,-14.2625390625,-6.644296875,13.696265625,31.57181640625,23.728984375,-39.2426640625,-21.35827734375,43.32003125,70.3980703125,-3.425703125,-64.2370625,16.778265625,86.7375234375,-15.9886640625,-42.676515625,-38.13017578125,59.13560546875,10.112984375,-15.88230078125,-14.890265625,-27.23532421875,59.4488125,-27.25414453125,-8.03816015625,3.86674609375,29.10234765625
-9.48302734375,-32.4681171875,-28.631703125,47.02178125,-13.8755390625,-6.928296875,11.657265625,29.72281640625,23.943984375,-39.9606640625,-22.94327734375,40.78703125,69.3940703125,-3.965703125,-65.5530625,14.398265625,84.4005234375,-16.0626640625,-43.132515625,-40.01217578125,57.74560546875,9.157984375,-16.01230078125,-15.357265625,-28.15932421875,58.1218125,-27.69514453125,-8.36416015625,3.24074609375,28.36934765625
-8.96202734375,-32.3431171875,-29.585703125,47.83378125,-12.7055390625,-6.636296875,10.424265625,28.42381640625,25.161984375,-40.0006640625,-23.65527734375,38.91803125,68.9400703125,-3.606703125,-66.0730625,12.821265625,82.4685234375,-15.4126640625,-43.216515625,-41.40317578125,56.68960546875,8.535984375,-15.66830078125,-15.273265625,-28.59032421875,56.8678125,-27.76314453125,-8.38816015625,2.83774609375,27.63234765625
-7.46802734375,-31.2531171875,-29.540703125,49.43478125,-10.8085390625,-5.564296875,10.320265625,27.66781640625,27.169984375,-39.1536640625,-23.11627734375,37.90503125,69.0260703125,-2.350703125,-65.3110625,12.470265625,80.8545234375,-14.1316640625,-42.736515625,-41.80917578125,55.96460546875,8.294984375,-14.85330078125,-14.543265625,-28.34832421875,55.7318125,-27.36514453125,-8.06416015625,2.74574609375,26.96934765625
-5.24402734375,-29.3661171875,-28.547703125,51.66178125,-8.4425390625,-3.752296875,11.238265625,27.16681640625,29.604984375,-37.4686640625,-21.39827734375,37.57203125,69.6000703125,-0.453703124999999,-63.1990625,13.344265625,79.2605234375,-12.4836640625,-41.687515625,-41.08317578125,55.38060546875,8.334984375,-13.78130078125,-13.327265625,-27.52032421875,54.6548125,-26.60814453125,-7.56516015625,2.89974609375,26.38834765625
-2.75002734375,-27.1241171875,-26.987703125,54.26378125,-5.9805390625,-1.519296875,12.647265625,26.45981640625,32.075984375,-35.2456640625,-19.02127734375,37.43603125,70.5530703125,1.664296875,-60.1610625,15.001265625,77.3415234375,-10.8166640625,-40.272515625,-39.49517578125,54.66660546875,8.510984375,-12.79730078125,-11.993265625,-26.42732421875,53.5088125,-25.74314453125,-7.16616015625,3.12574609375,25.82134765625
-0.52202734375,-25.0851171875,-25.412703125,56.90978125,-3.8025390625,0.652703125,13.807265625,25.11181640625,34.246984375,-32.9286640625,-16.74827734375,36.90703125,71.7060703125,3.548296875,-56.9620625,16.725265625,74.9005234375,-9.4726640625,-38.837515625,-37.62017578125,53.62260546875,8.728984375,-12.25430078125,-10.974265625,-25.46632421875,52.1658125,-25.06414453125,-7.10116015625,3.22174609375,25.16534765625
1.00197265625,-23.7201171875,-24.327703125,59.19878125,-2.1825390625,2.307703125,14.084265625,22.91181640625,35.868984375,-30.9656640625,-15.29427734375,35.55303125,72.8090703125,4.843296875,-54.4210625,17.810265625,71.9955234375,-8.6926640625,-37.761515625,-36.10517578125,52.22560546875,8.989984375,-12.39330078125,-10.592265625,-24.94432421875,50.5698125,-24.79114453125,-7.45216015625,3.05374609375,24.34834765625
1.62597265625,-23.2331171875,-24.005703125,60.70778125,-1.2495390625,3.187703125,13.222265625,19.97181640625,36.781984375,-29.6716640625,-15.06127734375,33.29303125,73.5830703125,5.375296875,-53.0910625,17.820265625,68.8925234375,-8.5356640625,-37.321515625,-35.40417578125,50.63060546875,9.353984375,-13.25630078125,-10.930265625,-24.95432421875,48.7798125,-24.98714453125,-8.13516015625,2.61274609375,23.37734765625
1.43997265625,-23.4891171875,-24.390703125,61.11178125,-0.9795390625,3.302703125,11.437265625,16.71381640625,36.939984375,-29.1476640625,-15.99827734375,30.45203125,73.8100703125,5.168296875,-53.0510625,16.731265625,65.9355234375,-8.8376640625,-37.586515625,-35.60217578125,49.09360546875,9.879984375,-14.66530078125,-11.791265625,-25.36632421875,46.9658125,-25.52014453125,-8.95716015625,2.01674609375,22.35234765625
0.77497265625,-24.0791171875,-25.124703125,60.34778125,-1.2105390625,2.926703125,9.351265625,13.75581640625,36.463984375,-29.2446640625,-17.62027734375,27.66203125,73.4290703125,4.428296875,-53.8700625,14.935265625,63.4375234375,-9.2616640625,-38.370515625,-36.37717578125,47.87560546875,10.576984375,-16.26330078125,-12.770265625,-25.90132421875,45.3688125,-26.09714453125,-9.68916015625,1.47574609375,21.44134765625
0.0799726562499998,-24.4791171875,-25.679703125,58.71278125,-1.6645390625,2.514703125,7.766265625,11.72181640625,35.656984375,-29.6066640625,-19.16827734375,25.65903125,72.5700703125,3.485296875,-54.7710625,13.095265625,61.6425234375,-9.4216640625,-39.275515625,-37.11417578125,47.18160546875,11.387984375,-17.61130078125,-13.402265625,-26.23432421875,44.2298125,-26.34814453125,-10.12216015625,1.23074609375,20.84234765625
-0.24102734375,-24.2541171875,-25.561703125,56.76678125,-2.0035390625,2.552703125,7.382265625,11.04381640625,34.911984375,-29.7876640625,-19.88127734375,25.03303125,71.4730703125,2.715296875,-54.9190625,11.918265625,60.7345234375,-9.0526640625,-39.826515625,-37.15417578125,47.11960546875,12.205984375,-18.31030078125,-13.328265625,-26.09132421875,43.7248125,-25.94814453125,-10.09116015625,1.47574609375,20.73034765625
0.0189726562499999,-23.2201171875,-24.506703125,55.08878125,-1.9455390625,3.368703125,8.535265625,11.81881640625,34.542984375,-29.4196640625,-19.26427734375,26.03103125,70.3640703125,2.420296875,-53.7530625,11.909265625,60.8155234375,-8.1246640625,-39.649515625,-36.06317578125,47.67660546875,12.907984375,-18.12930078125,-12.410265625,-25.31132421875,43.8968125,-24.72614453125,-9.49616015625,2.29674609375,21.20034765625
0.81997265625,-21.4851171875,-22.556703125,54.01178125,-1.3555390625,5.010703125,11.095265625,13.81081640625,34.646984375,-28.3406640625,-17.26027734375,28.48703125,69.3630703125,2.734296875,-51.1800625,13.213265625,61.8535234375,-6.8386640625,-38.614515625,-33.80017578125,48.73160546875,13.390984375,-17.07130078125,-10.754265625,-23.88932421875,44.6348125,-22.73414453125,-8.33616015625,3.63274609375,22.22234765625
1.95697265625,-19.3461171875,-19.984703125,53.52678125,-0.2635390625,7.278703125,14.569265625,16.57981640625,35.092984375,-26.6186640625,-14.21827734375,31.89103125,68.4860703125,3.603296875,-47.5580625,15.607265625,63.6475234375,-5.5076640625,-36.863515625,-30.69217578125,50.09460546875,13.606984375,-15.35730078125,-8.646265625,-21.97132421875,45.7068125,-20.24814453125,-6.74716015625,5.27174609375,23.61834765625
3.21397265625,-17.1121171875,-17.136703125,53.36878125,1.1964609375,9.858703125,18.319265625,19.66681640625,35.644984375,-24.4546640625,-10.71527734375,35.57003125,67.7050703125,4.849296875,-43.4990625,18.616265625,65.8455234375,-4.3826640625,-34.721515625,-27.27117578125,51.55060546875,13.565984375,-13.33230078125,-6.433265625,-19.82832421875,46.8328125,-17.68714453125,-5.00916015625,6.89474609375,25.09134765625
4.47597265625,-14.9591171875,-14.306703125,53.20778125,2.8754609375,12.450703125,21.774265625,22.71081640625,36.106984375,-22.0556640625,-7.31927734375,38.88903125,66.9900703125,6.262296875,-39.6150625,21.694265625,68.0245234375,-3.5556640625,-32.552515625,-24.06117578125,52.88660546875,13.323984375,-11.36130078125,-4.423265625,-17.76932421875,47.7688125,-15.48914453125,-3.47016015625,8.16374609375,26.29434765625
5.74397265625,-12.9131171875,-11.696703125,52.83278125,4.6624609375,14.829703125,24.540265625,25.45481640625,36.423984375,-19.5746640625,-4.43527734375,41.39403125,66.3140703125,7.675296875,-36.3270625,24.365265625,69.7945234375,-2.9476640625,-30.624515625,-21.42417578125,53.88760546875,12.933984375,-9.73730078125,-2.824265625,-16.06732421875,48.3618125,-13.98814453125,-2.43616015625,8.83474609375,26.94034765625
7.05097265625,-10.9481171875,-9.464703125,52.22878125,6.4674609375,16.828703125,26.418265625,27.70081640625,36.671984375,-17.1286640625,-2.26927734375,42.87203125,65.6530703125,8.990296875,-33.8030625,26.295265625,70.8625234375,-2.4106640625,-29.039515625,-19.50717578125,54.35060546875,12.422984375,-8.62630078125,-1.729265625,-14.88732421875,48.5428125,-13.32314453125,-2.04616015625,8.84474609375,26.89334765625
8.35097265625,-9.1031171875,-7.774703125,51.53578125,8.1724609375,18.300703125,27.359265625,29.27381640625,36.964984375,-14.8646640625,-0.879277343750001,43.31703125,64.9770703125,10.145296875,-32.0030625,27.308265625,71.0665234375,-1.8436640625,-27.748515625,-18.28317578125,54.11460546875,11.788984375,-8.05830078125,-1.120265625,-14.26732421875,48.3088125,-13.41614453125,-2.23016015625,8.33374609375,26.20734765625
9.46397265625,-7.5481171875,-6.789703125,50.91778125,9.5924609375,19.095703125,27.431265625,30.03781640625,37.340984375,-12.9876640625,-0.225277343750001,42.87003125,64.2570703125,11.078296875,-30.7900625,27.355265625,70.3725234375,-1.2606640625,-26.635515625,-17.62917578125,53.12360546875,11.022984375,-7.96430078125,-0.893265625000001,-14.13632421875,47.7028125,-14.00114453125,-2.76516015625,7.57974609375,25.10134765625
10.12397265625,-6.5241171875,-6.601703125,50.44578125,10.4944609375,19.115703125,26.803265625,29.95981640625,37.691984375,-11.7316640625,-0.19127734375,41.75803125,63.4670703125,11.697296875,-30.0400625,26.498265625,68.8675234375,-0.7776640625,-25.621515625,-17.40217578125,51.47160546875,10.135984375,-8.22730078125,-0.897265625,-14.36232421875,46.8238125,-14.70914453125,-3.39316015625,6.88474609375,23.87734765625
10.09797265625,-6.2261171875,-7.145703125,50.03878125,10.6834609375,18.408703125,25.746265625,29.15681640625,37.798984375,-11.2626640625,-0.597277343750001,40.25403125,62.5970703125,11.897296875,-29.6990625,24.908265625,66.7635234375,-0.5396640625,-24.747515625,-17.47817578125,49.39560546875,9.175984375,-8.72130078125,-0.984265625,-14.79732421875,45.8358125,-15.17414453125,-3.92616015625,6.46374609375,22.83734765625
9.31897265625,-6.6841171875,-8.177703125,49.50478125,10.1074609375,17.221703125,24.603265625,27.89781640625,37.435984375,-11.5896640625,-1.21327734375,38.64303125,61.6590703125,11.607296875,-29.7720625,22.873265625,64.3745234375,-0.630664062499999,-24.154515625,-17.75117578125,47.20760546875,8.234984375,-9.29630078125,-1.055265625,-15.30732421875,44.9328125,-15.14214453125,-4.28416015625,6.37574609375,22.20634765625
7.94397265625,-7.7201171875,-9.332703125,48.64278125,8.9394609375,15.940703125,23.720265625,26.53481640625,36.488984375,-12.5066640625,-1.79327734375,37.18003125,60.6890703125,10.852296875,-30.2460625,20.773265625,62.0465234375,-1.0306640625,-23.976515625,-18.11317578125,45.20560546875,7.439984375,-9.75430078125,-1.061265625,-15.77032421875,44.2778125,-14.53114453125,-4.46516015625,6.52074609375,22.07634765625
6.32297265625,-8.9751171875,-10.227703125,47.35778125,7.5584609375,14.961703125,23.353265625,25.41481640625,35.035984375,-13.6176640625,-2.11627734375,36.05703125,59.7370703125,9.787296875,-31.0090625,19.005265625,60.0435234375,-1.6136640625,-24.213515625,-18.42517578125,43.59260546875,6.920984375,-9.87130078125,-0.984265625,-16.05832421875,43.9238125,-13.45814453125,-4.50116015625,6.68274609375,22.36134765625
4.90797265625,-10.0101171875,-10.555703125,45.74878125,6.4464609375,14.562703125,23.610265625,24.79181640625,33.347984375,-14.4506640625,-2.03227734375,35.37103125,58.8540703125,8.666296875,-31.8070625,17.887265625,58.4505234375,-2.2166640625,-24.674515625,-18.51417578125,42.45060546875,6.756984375,-9.49030078125,-0.821265625000001,-16.04132421875,43.7848125,-12.20714453125,-4.45716015625,6.59374609375,22.81034765625
4.11097265625,-10.4401171875,-10.165703125,44.10278125,6.0174609375,14.840703125,24.430265625,24.75281640625,31.792984375,-14.6196640625,-1.50327734375,35.10803125,58.0660703125,7.738296875,-32.2970625,17.562265625,57.1535234375,-2.7156640625,-25.045515625,-18.20917578125,41.75260546875,6.912984375,-8.65330078125,-0.586265625,-15.63832421875,43.6678125,-11.17614453125,-4.46116015625,6.01074609375,23.06734765625
4.17697265625,-10.0501171875,-9.120703125,42.80678125,6.4564609375,15.701703125,25.600265625,25.16581640625,30.703984375,-13.9806640625,-0.620277343750002,35.14603125,57.3610703125,7.138296875,-32.1790625,17.946265625,55.8995234375,-3.0976640625,-25.054515625,-17.40817578125,41.38360546875,7.212984375,-7.66930078125,-0.333265625,-14.87832421875,43.3548125,-10.77314453125,-4.73116015625,4.77374609375,22.78134765625
5.11297265625,-8.8581171875,-7.696703125,42.21778125,7.6564609375,16.905703125,26.817265625,25.68381640625,30.256984375,-12.6896640625,0.428722656249999,35.28703125,56.7090703125,6.841296875,-31.3430625,18.758265625,54.4375234375,-3.4546640625,-24.622515625,-16.14817578125,41.16860546875,7.378984375,-7.03230078125,-0.168265625,-13.92732421875,42.6818125,-11.30114453125,-5.52716015625,2.85574609375,21.72334765625
6.72197265625,-7.0691171875,-6.280703125,42.55978125,9.3024609375,18.186703125,27.793265625,25.86481640625,30.468984375,-11.0966640625,1.44072265625,35.31903125,56.1000703125,6.706296875,-29.9100625,19.619265625,52.6605234375,-3.9096640625,-23.889515625,-14.62717578125,40.92060546875,7.150984375,-7.21730078125,-0.229265625,-13.04932421875,41.5968125,-12.85914453125,-7.03816015625,0.370746093749999,19.85534765625
8.71897265625,-4.9621171875,-5.195703125,43.86478125,11.0294609375,19.395703125,28.381265625,25.37781640625,31.246984375,-9.5576640625,2.29472265625,35.08303125,55.5750703125,6.600296875,-28.1780625,20.188265625,50.7105234375,-4.5126640625,-23.111515625,-13.15417578125,40.49560546875,6.413984375,-8.43430078125,-0.638265625000001,-12.52132421875,40.1678125,-15.30014453125,-9.26716015625,-2.44925390625,17.33634765625
10.83597265625,-2.7791171875,-4.563703125,45.92178125,12.5584609375,20.562703125,28.620265625,24.17781640625,32.432984375,-8.2636640625,2.98772265625,34.52503125,55.1980703125,6.475296875,-26.4850625,20.259265625,48.9465234375,-5.1886640625,-22.517515625,-12.06317578125,39.82660546875,5.263984375,-10.51730078125,-1.452265625,-12.54532421875,38.5448125,-18.29114453125,-11.99816015625,-5.33025390625,14.44034765625
12.87897265625,-0.673117187500001,-4.279703125,48.28478125,13.7254609375,21.819703125,28.667265625,22.55881640625,33.793984375,-7.1966640625,3.59772265625,33.70403125,54.9850703125,6.373296875,-25.0970625,19.794265625,47.7795234375,-5.7956640625,-22.203515625,-11.61417578125,38.92360546875,3.926984375,-13.00230078125,-2.633265625,-13.20432421875,36.8888125,-21.43114453125,-14.87216015625,-8.03925390625,11.44134765625
14.72497265625,1.2858828125,-4.096703125,50.38278125,14.4754609375,23.255703125,28.688265625,21.04481640625,35.023984375,-6.2086640625,4.20972265625,32.78903125,54.8480703125,6.359296875,-24.1210625,18.922265625,47.4515234375,-6.2276640625,-22.129515625,-11.88917578125,37.85760546875,2.615984375,-15.34730078125,-4.046265625,-14.44332421875,35.3048125,-24.35514453125,-17.53116015625,-10.43125390625,8.52634765625
16.31197265625,3.0798828125,-3.733703125,51.72678125,14.8634609375,24.851703125,28.801265625,20.19281640625,35.827984375,-5.1186640625,4.89072265625,32.05003125,54.5860703125,6.494296875,-23.4300625,17.939265625,47.9245234375,-6.4726640625,-22.125515625,-12.70317578125,36.77660546875,1.411984375,-17.11130078125,-5.456265625,-16.05632421875,33.8318125,-26.75614453125,-19.70116015625,-12.41725390625,5.80534765625
17.64197265625,4.7328828125,-2.954703125,52.12078125,15.0834609375,26.522703125,29.109265625,20.39681640625,36.081984375,-3.7656640625,5.73572265625,31.82903125,53.9620703125,6.862296875,-22.6560625,17.299265625,48.9455234375,-6.5716640625,-21.907515625,-13.59217578125,35.92260546875,0.285984374999998,-18.02030078125,-6.529265625,-17.66632421875,32.4778125,-28.35114453125,-21.21216015625,-13.89125390625,3.38334765625
18.77797265625,6.3118828125,-1.597703125,51.73778125,15.4554609375,28.221703125,29.740265625,21.76381640625,35.929984375,-2.0016640625,6.92372265625,32.47003125,52.8270703125,7.615296875,-21.2820625,17.527265625,50.2395234375,-6.5216640625,-21.114515625,-13.92317578125,35.61260546875,-0.785015625000003,-17.93230078125,-6.885265625,-18.77032421875,31.2688125,-28.85114453125,-21.95816015625,-14.68525390625,1.41734765624999
19.82797265625,7.9118828125,0.404296875000004,51.02078125,16.3294609375,29.984703125,30.852265625,24.11081640625,35.740984375,0.294335937500001,8.70472265625,34.19203125,51.2390703125,8.968296875,-18.8530625,19.044265625,51.6765234375,-6.2206640625,-19.397515625,-13.11617578125,36.15660546875,-1.733015625,-16.80730078125,-6.194265625,-18.86132421875,30.2638125,-28.02314453125,-21.87516015625,-14.62725390625,0.101347656249999
20.90097265625,9.6168828125,3.014296875,50.46478125,17.9404609375,31.917703125,32.575265625,27.06881640625,35.931984375,3.1893359375,11.28472265625,36.98003125,49.5310703125,11.112296875,-15.1940625,21.981265625,53.3005234375,-5.4716640625,-16.561515625,-10.87017578125,37.72460546875,-2.393015625,-14.70030078125,-4.292265625,-17.61132421875,29.5288125,-25.80614453125,-20.95316015625,-13.63325390625,-0.395652343750001
22.05197265625,11.4558828125,6.083296875,50.37778125,20.2864609375,34.111703125,34.954265625,30.23881640625,36.764984375,6.6353359375,14.69072265625,40.57203125,48.2240703125,14.097296875,-10.5170625,26.093265625,55.2165234375,-4.0686640625,-12.673515625,-7.26917578125,40.26060546875,-2.587015625,-11.76230078125,-1.243265625,-15.00232421875,29.1108125,-22.38814453125,-19.25016015625,-11.77525390625,0.00634765624999289
23.24697265625,13.3798828125,9.362296875,50.73278125,23.0994609375,36.568703125,37.911265625,33.32181640625,38.229984375,10.4283359375,18.70872265625,44.54303125,47.8110703125,17.759296875,-5.3580625,30.827265625,57.4485234375,-1.8866640625,-8.079515625,-2.72717578125,43.47360546875,-2.201015625,-8.22830078125,2.674734375,-11.34132421875,29.0398125,-18.18314453125,-16.89116015625,-9.25425390625,1.28234765625
24.35697265625,15.2748828125,12.537296875,51.19078125,25.9264609375,39.150703125,41.248265625,36.17681640625,40.052984375,14.2273359375,22.92372265625,48.45403125,48.5000703125,21.730296875,-0.384062499999999,35.512265625,59.8535234375,1.0413359375,-3.316515625,2.16482421875,46.91760546875,-1.206015625,-4.38030078125,7.044734375,-7.14332421875,29.3488125,-13.69814453125,-14.04316015625,-6.29825390625,3.32334765625
25.20397265625,16.9858828125,15.288296875,51.28778125,28.3024609375,41.614703125,44.671265625,38.78781640625,41.829984375,17.6293359375,26.83372265625,51.97103125,50.0950703125,25.519296875,3.8129375,39.568265625,62.1355234375,4.5013359375,1.04048437500001,6.81282421874999,50.10760546875,0.352984374999998,-0.517300781249999,11.396734375,-2.96232421875,30.0838125,-9.38614453125,-10.88916015625,-3.07925390625,5.96834765625
25.62097265625,18.3488828125,17.346296875,50.68278125,29.9024609375,43.669703125,47.827265625,41.16981640625,43.193984375,20.2623359375,29.95972265625,54.88403125,52.0900703125,28.635296875,6.85793750000001,42.615265625,63.9395234375,8.1293359375,4.518484375,10.73782421875,52.63660546875,2.379984375,3.06769921875,15.281734375,0.750675781249999,31.2718125,-5.56214453125,-7.61416015625,0.29874609375,9.02234765624999
25.49597265625,19.2078828125,18.541296875,49.33178125,30.6074609375,45.025703125,50.332265625,43.26781640625,43.929984375,21.8573359375,31.93872265625,57.04703125,53.9300703125,30.700296875,8.61093750000001,44.483265625,64.9515234375,11.4833359375,6.833484375,13.61682421875,54.24460546875,4.726984375,6.11069921875,18.320734375,3.71867578125,32.8618125,-2.39414453125,-4.40816015625,3.71874609375,12.24234765625
24.78297265625,19.4238828125,18.804296875,47.48078125,30.4574609375,45.406703125,51.791265625,44.88681640625,43.992984375,22.2623359375,32.56272265625,58.30303125,55.2500703125,31.516296875,9.11393750000001,45.143265625,64.9815234375,14.1373359375,7.899484375,15.27882421875,54.83860546875,7.178984375,8.39569921875,20.240734375,5.83167578125,34.6688125,0.0448554687500007,-1.46216015625,6.96474609375,15.32234765625
23.50197265625,18.8958828125,18.145296875,45.53378125,29.5494609375,44.577703125,51.854265625,45.70281640625,43.459984375,21.4273359375,31.78572265625,58.45503125,55.9470703125,31.073296875,8.4989375,44.657265625,64.0085234375,15.7763359375,7.79048437500001,15.67782421875,54.47560546875,9.462984375,9.76669921875,20.901734375,7.09467578125,36.3718125,1.72685546875,1.04483984375,9.70674609375,17.92534765625
21.71797265625,17.5778828125,16.602296875,43.85878125,27.9554609375,42.400703125,50.284265625,45.36181640625,42.447984375,19.3893359375,29.69172265625,57.30103125,56.0850703125,29.508296875,6.9299375,43.137265625,62.1875234375,16.2493359375,6.669484375,14.86882421875,53.31260546875,11.288984375,10.14369921875,20.306734375,7.55667578125,37.5948125,2.63185546875,2.96183984375,11.58974609375,19.75834765625
19.51197265625,15.4938828125,14.224296875,42.63478125,25.7004609375,38.891703125,47.037265625,43.62981640625,41.038984375,16.2773359375,26.46372265625,54.73103125,55.7180703125,27.036296875,4.5599375,40.732265625,59.7885234375,15.5693359375,4.73848437500001,12.99082421875,51.53660546875,12.417984375,9.51569921875,18.585734375,7.26367578125,38.0268125,2.73885546875,4.17483984375,12.37174609375,20.66434765625
16.97197265625,12.7488828125,11.089296875,41.79778125,22.8104609375,34.256703125,42.311265625,40.53281640625,39.248984375,12.3343359375,22.35372265625,50.82803125,54.7900703125,23.894296875,1.5339375,37.610265625,57.1045234375,13.8683359375,2.202484375,10.24482421875,49.29360546875,12.701984375,7.94369921875,15.971734375,6.24067578125,37.5428125,2.01985546875,4.60483984375,12.00874609375,20.66434765625
14.20597265625,9.5368828125,7.369296875,41.11178125,19.3934609375,28.889703125,36.561265625,36.43481640625,37.046984375,7.9253359375,17.70572265625,45.94303125,53.1540703125,20.319296875,-1.9800625,33.977265625,54.3575234375,11.3463359375,-0.727515624999995,6.89182421875,46.66360546875,12.095984375,5.54869921875,12.753734375,4.52367578125,36.2358125,0.464855468749999,4.20783984375,10.65574609375,19.92434765625
11.37597265625,6.1498828125,3.388296875,40.32678125,15.7154609375,23.334703125,30.465265625,32.00481640625,34.425984375,3.5243359375,12.95572265625,40.68703125,50.6940703125,16.554296875,-5.7410625,30.093265625,51.6735234375,8.2343359375,-3.807515625,3.24482421875,43.69360546875,10.638984375,2.52969921875,9.245734375,2.19967578125,34.3628125,-1.87614453125,2.99783984375,8.59774609375,18.68134765625
8.70697265625,2.9518828125,-0.404703124999997,39.29978125,12.1714609375,18.212703125,24.806265625,28.05081640625,31.458984375,-0.365664062499999,8.60372265625,35.80303125,47.4360703125,12.860296875,-9.38306249999999,26.273265625,49.1145234375,4.7863359375,-6.741515625,-0.345175781249999,40.45260546875,8.453984375,-0.81830078125,5.761734375,-0.549324218749998,32.2268125,-4.81414453125,1.09083984375,6.17174609375,17.17234765625
6.45197265625,0.317882812500002,-3.531703125,38.05278125,9.1724609375,14.074703125,20.293265625,25.26881640625,28.312984375,-3.3076640625,5.13072265625,31.95603125,43.5840703125,9.503296875,-12.4230625,22.843265625,46.7225234375,1.2803359375,-9.195515625,-3.51017578125,37.06660546875,5.758984375,-4.11030078125,2.617734375,-3.43332421875,30.0878125,-7.97514453125,-1.25216015625,3.71074609375,15.60034765625
4.81797265625,-1.4611171875,-5.627703125,36.71578125,6.9814609375,11.266703125,17.370265625,23.99981640625,25.209984375,-5.0416640625,2.89372265625,29.52703125,39.4640703125,6.723296875,-14.3480625,20.053265625,44.5215234375,-1.9776640625,-10.858515625,-5.92117578125,33.71260546875,2.886984375,-6.90430078125,0.125734375,-6.09932421875,28.1048125,-10.82814453125,-3.62916015625,1.51674609375,14.13434765625
3.88797265625,-2.2611171875,-6.552703125,35.42478125,5.6004609375,9.842703125,16.115265625,24.12481640625,22.365984375,-5.5536640625,2.02572265625,28.50003125,35.4290703125,4.685296875,-14.7930625,18.012265625,42.4755234375,-4.6676640625,-11.537515625,-7.33717578125,30.58460546875,0.265984374999999,-8.79730078125,-1.444265625,-8.19432421875,26.3508125,-12.80614453125,-5.56916015625,-0.165253906249999,12.91634765625
3.56597265625,-2.1861171875,-6.438703125,34.21878125,4.7594609375,9.580703125,16.246265625,25.11281640625,19.932984375,-5.0926640625,2.38872265625,28.50603125,31.7800703125,3.430296875,-13.7120625,16.671265625,40.4575234375,-6.5156640625,-11.249515625,-7.66517578125,27.86360546875,-1.666015625,-9.54030078125,-1.941265625,-9.45632421875,24.8568125,-13.49514453125,-6.65416015625,-1.16825390625,12.07534765625
3.56597265625,-1.5571171875,-5.651703125,32.98978125,4.0324609375,10.044703125,17.233265625,26.20481640625,17.960984375,-4.1086640625,3.60572265625,28.97103125,28.7080703125,2.846296875,-11.4740625,15.882265625,38.2925234375,-7.3816640625,-10.239515625,-6.99817578125,25.69960546875,-2.580015625,-9.14330078125,-1.411265625,-9.76432421875,23.6588125,-12.78114453125,-6.66916015625,-1.43125390625,11.71034765625
3.47497265625,-0.8321171875,-4.676703125,31.52078125,3.0144609375,10.709703125,18.458265625,26.66281640625,16.373984375,-3.1126640625,5.16772265625,29.32703125,26.2840703125,2.691296875,-8.7830625,15.489265625,35.8845234375,-7.3566640625,-8.916515625,-5.60317578125,24.20860546875,-2.384015625,-7.91430078125,-0.127265625000001,-9.16132421875,22.8078125,-10.91214453125,-5.68916015625,-1.01525390625,11.84734765625
2.90797265625,-0.4431171875,-3.955703125,29.59478125,1.5084609375,11.123703125,19.403265625,26.00981640625,15.001984375,-2.5066640625,6.59772265625,29.19703125,24.4640703125,2.682296875,-6.4300625,15.402265625,33.3245234375,-6.7856640625,-7.708515625,-3.84517578125,23.46660546875,-1.287015625,-6.40730078125,1.466734375,-7.82932421875,22.3548125,-8.43914453125,-4.08516015625,-0.12325390625,12.40034765625
1.68697265625,-0.618117187499998,-3.721703125,27.12978125,-0.3695390625,11.076703125,19.799265625,24.18281640625,13.659984375,-2.4306640625,7.60372265625,28.49603125,23.1260703125,2.617296875,-4.9880625,15.638265625,30.9175234375,-6.1806640625,-6.901515625,-2.08317578125,23.49260546875,0.230984374999998,-5.24630078125,2.881734375,-6.03332421875,22.3058125,-6.06014453125,-2.42916015625,0.913746093749999,13.16334765625
-0.0290273437500002,-1.2801171875,-3.910703125,24.26578125,-2.2035390625,10.688703125,19.691265625,21.54181640625,12.261984375,-2.7076640625,8.18372265625,27.42103125,22.1340703125,2.473296875,-4.56906249999999,16.287265625,29.0545234375,-6.0316640625,-6.540515625,-0.539175781250002,24.22660546875,1.552984375,-4.90430078125,3.760734375,-4.04532421875,22.5988125,-4.39514453125,-1.31516015625,1.70574609375,13.86834765625
-1.74802734375,-2.0561171875,-4.188703125,21.39578125,-3.4045390625,10.367703125,19.385265625,18.72581640625,10.921984375,-2.8806640625,8.61872265625,26.35403125,21.4090703125,2.434296875,-4.7750625,17.453265625,28.0415234375,-6.5906640625,-6.406515625,0.776824218750001,25.52160546875,2.131984375,-5.50330078125,4.022734375,-2.06332421875,23.1248125,-3.77214453125,-1.15816015625,1.94874609375,14.29334765625
-2.79202734375,-2.4221171875,-4.086703125,19.12278125,-3.3665390625,10.661703125,19.317265625,16.42681640625,9.988984375,-2.3576640625,9.35772265625,25.72503125,20.9860703125,2.837296875,-4.8510625,19.193265625,27.9695234375,-7.7256640625,-6.094515625,2.07882421875,27.16860546875,1.699984375,-6.72730078125,3.918734375,-0.156324218750001,23.7588125,-4.09114453125,-2.02316015625,1.57874609375,14.37934765625
-2.53602734375,-1.9121171875,-3.210703125,18.12378125,-1.6445390625,12.051703125,19.875265625,15.16381640625,9.977984375,-0.613664062499996,10.81872265625,25.85703125,21.0020703125,4.063296875,-3.9910625,21.472265625,28.7145234375,-8.9236640625,-5.146515625,3.69882421875,28.95260546875,0.376984374999999,-7.90530078125,3.945734375,1.72967578125,24.4028125,-4.84914453125,-3.57016015625,0.84674609375,14.28234765625
-0.671027343750001,-0.3151171875,-1.445703125,18.91078125,1.8804609375,14.749703125,21.225265625,15.10481640625,11.351984375,2.5813359375,13.17672265625,26.84303125,21.6060703125,6.376296875,-1.6990625,24.137265625,29.9985234375,-9.4766640625,-3.239515625,5.89882421875,30.66960546875,-1.358015625,-8.26130078125,4.638734375,3.68667578125,24.9738125,-5.34214453125,-5.15016015625,0.22974609375,14.31434765625
2.63597265625,2.2238828125,0.944296875000003,21.57678125,6.8764609375,18.546703125,23.195265625,16.00481640625,14.266984375,6.9973359375,16.23072265625,28.47103125,22.8370703125,9.779296875,1.97093750000001,26.903265625,31.4645234375,-8.7606640625,-0.344515625,8.67482421875,32.12160546875,-2.851015625,-7.23430078125,6.315734375,5.73567578125,25.3848125,-4.98514453125,-6.06116015625,0.192746093749999,14.77634765625
6.76697265625,5.2488828125,3.399296875,25.65978125,12.5584609375,22.823703125,25.301265625,17.28481640625,18.402984375,11.9393359375,19.43072265625,30.26403125,24.5490703125,13.959296875,6.3849375,29.370265625,32.7245234375,-6.4896640625,3.215484375,11.69182421875,33.08860546875,-3.525015625,-4.72430078125,8.897734375,7.74367578125,25.5198125,-3.57714453125,-5.84216015625,0.94874609375,15.76934765625
10.86997265625,8.1688828125,5.302296875,30.25278125,17.8854609375,26.757703125,26.938265625,18.26581640625,23.032984375,16.4683359375,22.08472265625,31.62703125,26.4470703125,18.362296875,10.5859375,31.105265625,33.3955234375,-2.8076640625,6.868484375,14.39482421875,33.36060546875,-3.082015625,-1.10530078125,11.925734375,9.45667578125,25.2668125,-1.39114453125,-4.46716015625,2.34674609375,17.11634765625
14.16297265625,10.4858828125,6.264296875,34.31478125,21.8904609375,29.627703125,27.648265625,18.45581640625,27.284984375,19.7433359375,23.63472265625,32.07103125,28.2080703125,22.384296875,13.6889375,31.772265625,33.1695234375,1.8123359375,10.020484375,16.26082421875,32.82160546875,-1.562015625,2.98169921875,14.751734375,10.62067578125,24.5948125,0.99185546875,-2.31316015625,3.96274609375,18.42934765625
16.19697265625,11.9668828125,6.294296875,37.00778125,23.9974609375,31.059703125,27.312265625,17.75481640625,30.448984375,21.3333359375,23.87972265625,31.40103125,29.5940703125,25.573296875,15.2249375,31.253265625,31.9085234375,6.7733359375,12.279484375,17.03382421875,31.53760546875,0.754984374999999,6.91269921875,16.818734375,11.11667578125,23.6078125,2.97085546875,0.0638398437500003,5.32574609375,19.29834765625
16.94097265625,12.6808828125,5.769296875,37.92178125,24.1774609375,31.092703125,26.183265625,16.48181640625,32.179984375,21.3133359375,23.01172265625,29.80003125,30.4990703125,27.725296875,15.2549375,29.709265625,29.7295234375,11.5563359375,13.569484375,16.81382421875,29.77760546875,3.518984375,10.28969921875,17.851734375,11.02167578125,22.5368125,4.18285546875,2.20883984375,6.14274609375,19.47634765625
16.68097265625,12.8918828125,5.240296875,37.10278125,22.8764609375,30.087703125,24.760265625,15.22581640625,32.508984375,20.1373359375,21.48572265625,27.76003125,30.9130703125,28.855296875,14.2329375,27.538265625,27.0305234375,15.8173359375,14.062484375,15.98482421875,27.95360546875,6.440984375,12.97669921875,17.900734375,10.56567578125,21.6498125,4.59585546875,3.93483984375,6.39874609375,18.97134765625
15.80297265625,12.8948828125,5.168296875,34.92878125,20.7744609375,28.537703125,23.570265625,14.57781640625,31.709984375,18.3743359375,19.80472265625,25.90603125,30.8640703125,29.070296875,12.7219375,25.255265625,24.4165234375,19.3533359375,14.019484375,15.02382421875,26.49060546875,9.310984375,15.01169921875,17.224734375,10.01467578125,21.1268125,4.42785546875,5.29883984375,6.30074609375,18.00734765625
14.58397265625,12.8658828125,5.722296875,31.89678125,18.4804609375,26.877703125,22.960265625,14.88081640625,30.090984375,16.4593359375,18.33972265625,24.76903125,30.3770703125,28.436296875,11.1489375,23.335265625,22.5205234375,22.0073359375,13.621484375,14.29182421875,25.67060546875,11.935984375,16.45769921875,16.137734375,9.55967578125,20.9858125,3.97885546875,6.44783984375,6.12374609375,16.88934765625
13.11897265625,12.8178828125,6.739296875,28.43478125,16.3414609375,25.364703125,22.982265625,16.08981640625,27.872984375,14.6003359375,17.26872265625,24.60103125,29.4920703125,26.929296875,9.6929375,22.079265625,21.7845234375,23.6073359375,12.913484375,13.91682421875,25.51560546875,14.073984375,17.31069921875,14.895734375,9.26367578125,21.0818125,3.50185546875,7.46783984375,6.05774609375,15.87034765625
11.39297265625,12.6558828125,7.842296875,24.83678125,14.4274609375,24.077703125,23.427265625,17.81581640625,25.186984375,12.8323359375,16.60572265625,25.30003125,28.3020703125,24.504296875,8.3619375,21.550265625,22.3035234375,23.9843359375,11.871484375,13.79082421875,25.78260546875,15.448984375,17.48969921875,13.681734375,9.08167578125,21.1938125,3.14885546875,8.33183984375,6.14574609375,15.09034765625
9.41797265625,12.2648828125,8.631296875,21.29978125,12.6574609375,22.998703125,23.957265625,19.52581640625,22.171984375,11.1583359375,16.27072265625,26.47103125,26.9360703125,21.234296875,7.1369375,21.574265625,23.8045234375,23.0423359375,10.518484375,13.68882421875,26.06660546875,15.828984375,16.90269921875,12.631734375,8.92567578125,21.1198125,2.99085546875,8.95883984375,6.30874609375,14.59434765625
7.31597265625,11.5838828125,8.842296875,17.98778125,10.9474609375,22.086703125,24.260265625,20.75281640625,19.027984375,9.6353359375,16.14572265625,27.57303125,25.4690703125,17.396296875,6.0869375,21.800265625,25.7565234375,20.8173359375,8.996484375,13.40882421875,25.96060546875,15.110984375,15.52369921875,11.834734375,8.73867578125,20.7538125,3.03685546875,9.28783984375,6.43474609375,14.37834765625
5.28197265625,10.6058828125,8.407296875,15.03478125,9.2724609375,21.276703125,24.123265625,21.21981640625,15.973984375,8.3673359375,16.08772265625,28.09803125,23.8050703125,13.441296875,5.3589375,21.787265625,27.5275234375,17.4853359375,7.53148437500001,12.86382421875,25.18860546875,13.363984375,13.43469921875,11.301734375,8.51667578125,20.0848125,3.23885546875,9.32483984375,6.44674609375,14.41534765625
3.47197265625,9.3498828125,7.400296875,12.50478125,7.6294609375,20.445703125,23.423265625,20.83781640625,13.141984375,7.4203359375,15.92472265625,27.69203125,21.6570703125,9.841296875,5.0679375,21.128265625,28.5295234375,13.3403359375,6.332484375,12.09782421875,23.64660546875,10.821984375,10.82169921875,10.931734375,8.26967578125,19.1528125,3.48485546875,9.12583984375,6.33174609375,14.62834765625
1.90997265625,7.8148828125,5.946296875,10.35478125,5.9764609375,19.397703125,22.075265625,19.61581640625,10.519984375,6.7373359375,15.45172265625,26.19303125,18.6930703125,6.929296875,5.1939375,19.567265625,28.2975234375,8.7543359375,5.487484375,11.22782421875,21.37660546875,7.832984375,7.94069921875,10.516734375,7.96667578125,17.9948125,3.62185546875,8.76783984375,6.11874609375,14.87934765625
0.46897265625,5.9848828125,4.135296875,8.45578125,4.2064609375,17.908703125,20.008265625,17.55581640625,7.990984375,6.1223359375,14.47772265625,23.60503125,14.7730703125,4.791296875,5.5569375,17.094265625,26.5455234375,4.1303359375,4.929484375,10.38282421875,18.51760546875,4.770984375,5.07269921875,9.836734375,7.52367578125,16.6288125,3.50785546875,8.32283984375,5.85574609375,14.98734765625
-1.05502734375,3.8648828125,1.983296875,6.65878125,2.1844609375,15.806703125,17.166265625,14.59781640625,5.440984375,5.3233359375,12.88772265625,20.05503125,10.1450703125,3.292296875,5.9059375,13.949265625,23.1965234375,-0.1396640625,4.478484375,9.66282421875,15.27260546875,1.963984375,2.48469921875,8.780734375,6.85267578125,15.0848125,3.08985546875,7.84183984375,5.59174609375,14.79834765625
-2.80102734375,1.5438828125,-0.513703124999996,4.90878125,-0.1425390625,13.063703125,13.586265625,10.65981640625,2.885984375,4.1643359375,10.72472265625,15.76903125,5.46307031250001,2.200296875,6.0489375,10.564265625,18.4115234375,-3.6996640625,3.948484375,9.12582421875,11.91460546875,-0.344015625000001,0.39169921875,7.435734375,5.95667578125,13.4528125,2.43685546875,7.36383984375,5.35474609375,14.26334765625
-4.70302734375,-0.7651171875,-3.267703125,3.34378125000001,-2.6245390625,9.897703125,9.501265625,5.76281640625,0.552984375000001,2.6843359375,8.23472265625,11.08703125,1.60107031250001,1.333296875,5.9499375,7.447265625,12.6095234375,-6.2496640625,3.258484375,8.81182421875,8.79160546875001,-1.982015625,-1.06330078125,6.073734375,4.97067578125,11.9098125,1.72985546875,6.92283984375,5.15074609375,13.46834765625
-6.45802734375,-2.7331171875,-6.006703125,2.28678125,-4.8755390625,6.789703125,5.397265625,0.171816406249995,-1.162015625,1.1773359375,5.84172265625,6.46803125,-0.669929687499987,0.660296875000002,5.7479375,5.062265625,6.4635234375,-7.5786640625,2.487484375,8.75382421875,6.30260546875,-2.831015625,-1.82630078125,5.037734375,4.14867578125,10.6828125,1.17385546875,6.56183984375,4.96274609375,12.60034765625
-7.63902734375,-3.9911171875,-8.277703125,2.07578125000001,-6.3775390625,4.377703125,1.960265625,-5.52518359375,-1.886015625,0.0943359375000021,4.04872265625,2.46303125000001,-0.993929687499985,0.269296875000002,5.6739375,3.728265625,0.832523437500001,-7.6366640625,1.837484375,8.96382421875,4.82360546875,-2.838015625,-1.95030078125,4.573734375,3.75867578125,9.97881249999999,0.90485546875,6.32483984375,4.75174609375,11.85534765625
-7.91102734375,-4.2581171875,-9.574703125,2.80778125000001,-6.7125390625,3.217703125,-0.132734375000002,-10.47418359375,-1.510015625,-0.166664062499997,3.27872265625,-0.362968749999993,0.404070312500011,0.253296875000002,5.9299375,3.545265625,-3.3844765625,-6.6226640625,1.513484375,9.39982421875,4.58060546875001,-2.093015625,-1.62430078125,4.701734375,3.97167578125,9.89581249999999,0.916855468750001,6.21583984375,4.47174609375,11.34234765625
-7.23002734375,-3.4601171875,-9.532703125,4.16478125,-5.7835390625,3.548703125,-0.458734375000002,-13.73418359375,-0.338015624999997,0.5173359375,3.70472265625,-1.57496875,2.77407031250002,0.574296875000002,6.5709375,4.368265625,-5.48747656249999,-5.0216640625,1.578484375,9.92882421874999,5.54160546875001,-0.901015625000003,-1.17930078125,5.181734375,4.75767578125,10.3678125,1.05685546875,6.16883984375,4.07374609375,11.03534765625
-5.89802734375,-1.7991171875,-8.099703125,5.46878125000001,-3.9195390625,5.177703125,0.968265625000001,-14.56418359375,0.972984375000003,1.8993359375,5.14472265625,-1.01296874999999,5.08107031250002,1.019296875,7.4469375,5.825265625,-5.2234765625,-3.5136640625,1.874484375,10.33282421875,7.36260546875,0.233984374999999,-1.02730078125,5.583734375,5.86367578125,11.1728125,1.08385546875,6.03783984375,3.51074609375,10.79134765625
-4.45402734375,0.290882812500001,-5.592703125,5.94978125,-1.7655390625,7.535703125,3.674265625,-12.71418359375,1.682984375,3.4373359375,7.08672265625,1.09803125000001,6.36107031250002,1.269296875,8.22993750000001,7.383265625,-2.92247656249999,-2.7576640625,2.066484375,10.34082421875,9.43860546875,0.755984374999997,-1.53330078125,5.442734375,6.87567578125,11.9748125,0.761855468749999,5.63383984375,2.74574609375,10.40534765625
-3.45502734375,2.2778828125,-2.613703125,5.09878125,-0.0305390624999999,9.883703125,6.875265625,-8.58918359375,1.293984375,4.5263359375,8.85372265625,4.16703125000001,6.04807031250002,1.057296875,8.5169375,8.465265625,0.563523437499995,-3.1316640625,1.789484375,9.70982421875,11.05560546875,0.270984374999998,-2.85630078125,4.433734375,7.35667578125,12.4128125,-0.0541445312499995,4.79083984375,1.75174609375,9.67534765625
-3.23602734375,3.7278828125,0.166296875000004,2.92178125000001,0.7884609375,11.579703125,9.728265625,-3.17018359375,-0.223015625000002,4.7643359375,9.83672265625,7.38703125000001,4.14307031250002,0.303296875000001,8.0029375,8.606265625,4.1415234375,-4.5616640625,0.828484375000002,8.32482421875,11.61460546875,-1.297015625,-4.85930078125,2.497734375,7.02167578125,12.1968125,-1.37914453125,3.42883984375,0.51074609375,8.45534765625
-3.79102734375,4.4398828125,2.239296875,-0.0382187499999986,0.5644609375,12.268703125,11.583265625,2.31081640625,-2.435015625,4.1113359375,9.68772265625,9.98503125000001,1.17907031250002,-0.826703124999998,6.6249375,7.597265625,6.8535234375,-6.5426640625,-0.758515624999994,6.27882421875,10.85560546875,-3.677015625,-7.12330078125,-0.120265625,5.86467578125,11.2088125,-3.08014453125,1.58983984375,-0.96625390625,6.69834765625
-4.83802734375,4.4668828125,3.401296875,-2.95321874999999,-0.4945390625,11.919703125,12.116265625,6.78181640625,-4.671015625,2.8573359375,8.39172265625,11.44303125,-2.00992968749999,-1.990703125,4.61393750000001,5.558265625,8.1815234375,-8.3426640625,-2.63651562499999,3.88082421875,8.95560546875,-6.364015625,-9.06830078125,-2.938265625,4.18867578125,9.56281249999999,-4.89714453125,-0.55516015625,-2.61025390625,4.49534765625
-6.00902734375,4.0128828125,3.734296875,-5.08921875,-2.0295390625,10.689703125,11.303265625,9.60681640625,-6.335015625,1.4343359375,6.19872265625,11.60603125,-4.60792968749999,-2.811703125,2.4059375,2.889265625,8.14652343750001,-9.2866640625,-4.32251562499999,1.57382421875,6.46160546875001,-8.791015625,-10.13430078125,-5.388265625,2.50767578125,7.57881249999999,-6.47914453125,-2.72416015625,-4.27525390625,2.08334765625
-7.06102734375,3.2868828125,3.479296875,-6.10121875,-3.7155390625,8.750703125,9.312265625,10.66781640625,-7.138015625,0.185335937500003,3.47872265625,10.64803125,-6.08792968749999,-3.051703125,0.455937500000005,0.123265624999998,7.1745234375,-8.9986640625,-5.380515625,-0.216175781250001,4.06360546875,-10.480015625,-9.98830078125,-7.002265625,1.35367578125,5.67681249999999,-7.47814453125,-4.59016015625,-5.74525390625,-0.200652343750001
-7.95202734375,2.4088828125,2.890296875,-6.10321875,-5.3735390625,6.204703125,6.393265625,10.25081640625,-7.139015625,-0.780664062499998,0.576722656249999,8.93503125,-6.34592968749999,-2.727703125,-0.956062499999994,-2.263734375,5.83352343750001,-7.5116640625,-5.594515625,-1.22517578125,2.33060546875001,-11.161015625,-8.65730078125,-7.584265625,1.05167578125,4.21281249999999,-7.67514453125,-5.88016015625,-6.81125390625,-2.03265234375
-8.77302734375,1.4218828125,2.154296875,-5.51221875,-6.9515390625,3.119703125,2.840265625,8.86181640625,-6.650015625,-1.5666640625,-2.26227734375,6.88103125000001,-5.67192968749998,-2.123703125,-1.7950625,-3.987734375,4.5755234375,-5.2346640625,-5.059515625,-1.43817578125,1.54360546875,-10.832015625,-6.55630078125,-7.291265625,1.57367578125,3.34181249999999,-7.10914453125,-6.48516015625,-7.38225390625,-3.22665234375
-9.60202734375,0.3598828125,1.386296875,-4.81021874999999,-8.4505390625,-0.380296874999999,-1.014734375,7.02981640625,-6.062015625,-2.3626640625,-4.87927734375,4.82703125,-4.58892968749998,-1.677703125,-2.2270625,-4.993734375,3.6025234375,-2.7776640625,-4.116515625,-1.06817578125001,1.64260546875001,-9.747015625,-4.35230078125,-6.568265625,2.55367578125,2.97281249999999,-6.09514453125,-6.51116015625,-7.54725390625,-3.81465234375001
-10.40402734375,-0.691117187499998,0.656296875000002,-4.35721875,-9.8535390625,-4.049296875,-4.799734375,5.17281640625,-5.712015625,-3.2876640625,-7.15827734375,2.97403125,-3.65192968749999,-1.794703125,-2.4880625,-5.407734375,2.88152343750001,-0.734664062499999,-3.20651562499999,-0.465175781250004,2.30260546875,-8.323015625,-2.71830078125,-5.964265625,3.45567578125,2.82881249999999,-5.11314453125,-6.22316015625,-7.54825390625,-4.00965234375001
-11.04502734375,-1.6011171875,0.019296875000002,-4.31221875,-11.1015390625,-7.542296875,-8.131734375,3.52981640625,-5.799015625,-4.3186640625,-9.00027734375,1.37303125,-3.26292968749999,-2.674703125,-2.7770625,-5.461734375,2.25952343750001,0.5003359375,-2.689515625,0.015824218749998,3.06160546875,-6.987015625,-2.08330078125,-5.917265625,3.80567578125,2.57181249999999,-4.61014453125,-5.91816015625,-7.65925390625,-4.10765234375
-11.39402734375,-2.2711171875,-0.468703124999998,-4.68121875,-12.1325390625,-10.491296875,-10.672734375,2.17581640625,-6.378015625,-5.3156640625,-10.34027734375,-0.0369687499999927,-3.59492968749998,-4.225703125,-3.1960625,-5.416734375,1.57752343750001,0.827335937500001,-2.724515625,0.115824218749999,3.46160546875001,-6.031015625,-2.50330078125,-6.595265625,3.36767578125,1.93081249999999,-4.81814453125,-5.79516015625,-8.05425390625,-4.35565234375
-11.42002734375,-2.6791171875,-0.746703124999996,-5.41221874999999,-12.9215390625,-12.617296875,-12.205734375,1.08781640625,-7.403015625,-6.1016640625,-11.16727734375,-1.35796875,-4.61692968749999,-6.100703125,-3.7480625,-5.512734375,0.738523437500007,0.403335937500001,-3.236515625,-0.272175781249999,3.15460546875001,-5.559015625,-3.70230078125,-7.860265625,2.20267578125,0.787812499999987,-5.68414453125,-5.91016015625,-8.73625390625,-4.88065234375
-11.18202734375,-2.8711171875,-0.751703124999995,-6.45421875,-13.4835390625,-13.784296875,-12.675734375,0.225816406249997,-8.764015625,-6.5176640625,-11.50627734375,-2.65796874999999,-6.18092968749998,-7.824703125,-4.3290625,-5.915734375,-0.312476562499995,-0.460664062499999,-3.960515625,-1.08317578125,1.97360546875001,-5.529015625,-5.23230078125,-9.345265625,0.61467578125,-0.806187500000007,-6.91614453125,-6.22016015625,-9.56625390625,-5.68465234375
-10.73002734375,-2.8811171875,-0.408703124999995,-7.72221875,-13.8245390625,-13.984296875,-12.179734375,-0.403183593750001,-10.293015625,-6.4216640625,-11.36727734375,-3.92896875,-8.11092968749999,-8.936703125,-4.70906249999999,-6.657734375,-1.6194765625,-1.4146640625,-4.521515625,-2.07917578125,-0.0503945312499923,-5.840015625,-6.63230078125,-10.579265625,-0.968324218749999,-2.67718750000002,-8.09914453125,-6.65216015625,-10.33525390625,-6.67665234375001
-10.01302734375,-2.6691171875,0.353296875000002,-9.02821874999999,-13.8715390625,-13.282296875,-10.917734375,-0.743183593750004,-11.764015625,-5.6766640625,-10.70527734375,-5.09496874999999,-10.2609296875,-9.119703125,-4.5490625,-7.609734375,-3.2304765625,-2.1636640625,-4.52651562499999,-2.89017578125,-2.71839453125,-6.401015625,-7.52830078125,-11.129265625,-2.12132421875,-4.6061875,-8.81914453125,-7.14516015625,-10.84725390625,-7.71865234375
-8.89602734375,-2.1421171875,1.573296875,-10.10321875,-13.4955390625,-11.804296875,-9.150734375,-0.753183593750002,-12.934015625,-4.1966640625,-9.45527734375,-6.07196875,-12.5419296875,-8.288703125,-3.4960625,-8.520734375,-5.1884765625,-2.5126640625,-3.656515625,-3.10117578125,-5.74739453124999,-7.131015625,-7.68230078125,-10.739265625,-2.53132421875,-6.40118750000001,-8.77114453125,-7.64616015625,-10.98025390625,-8.65665234375
-7.29502734375,-1.2611171875,3.200296875,-10.72221875,-12.6115390625,-9.795296875,-7.207734375,-0.505183593750004,-13.643015625,-2.0296640625,-7.62727734375,-6.85596875,-14.9239296875,-6.622703125,-1.3550625,-9.131734375,-7.5464765625,-2.3926640625,-1.769515625,-2.40917578125,-8.86339453124999,-7.908015625,-7.02230078125,-9.406265625,-2.07732421875,-7.92518750000001,-7.82314453125,-8.06816015625,-10.70025390625,-9.34265234375
-5.30502734375,-0.131117187499999,5.063296875,-10.86521875,-11.3065390625,-7.644296875,-5.479734375,-0.234183593750004,-13.898015625,0.586335937500003,-5.40227734375,-7.54996875,-17.4009296875,-4.510703125,1.7739375,-9.299734375,-10.3664765625,-1.8416640625,1.04348437500001,-0.748175781250005,-11.83639453125,-8.515015625,-5.65130078125,-7.378265625,-0.84132421875,-9.09618750000001,-6.04314453125,-8.24116015625,-10.01825390625,-9.64565234375
-3.23402734375,0.989882812499999,6.895296875,-10.78421875,-9.8685390625,-5.816296875,-4.351734375,-0.295183593750004,-13.889015625,3.2813359375,-3.11827734375,-8.33296874999999,-19.9349296875,-2.402703125,5.5109375,-9.039734375,-13.6934765625,-0.962664062499999,4.47048437500001,1.69882421875,-14.46239453125,-8.662015625,-3.81330078125,-5.032265625,0.945675781249999,-9.8621875,-3.65114453125,-7.89716015625,-8.92325390625,-9.45565234375
-1.49902734375,1.7898828125,8.424296875,-10.92721875,-8.6995390625,-4.712296875,-4.096734375,-1.02218359375,-13.911015625,5.71033593750001,-1.13427734375,-9.35196875,-22.4379296875,-0.637703124999998,9.35193750000001,-8.465734375,-17.4644765625,0.116335937500001,8.079484375,4.60882421874999,-16.51639453125,-8.080015625,-1.81530078125,-2.703265625,3.00567578125,-10.1801875,-0.927144531250001,-6.72016015625,-7.33425390625,-8.68665234375
-0.44302734375,2.0628828125,9.488296875,-11.75421875,-8.1455390625,-4.534296875,-4.750734375,-2.53418359375,-14.245015625,7.71033593750001,0.349722656249998,-10.59596875,-24.8149296875,0.660296875000002,12.9029375,-7.670734375,-21.3904765625,1.2423359375,11.453484375,7.67282421874999,-17.73839453125,-6.662015625,0.0616992187500003,-0.550265625000001,5.12267578125,-10.0241875,1.88785546875,-4.47516015625,-5.13125390625,-7.30965234375
-0.158027343750001,1.8378828125,10.150296875,-13.52921875,-8.3185390625,-5.208296875,-6.058734375,-4.59018359375001,-15.049015625,9.3723359375,1.41372265625,-11.83596875,-27.0429296875,1.581296875,16.0359375,-6.632734375,-24.9094765625,2.2543359375,14.314484375,10.72582421875,-17.87939453125,-4.554015625,1.62269921875,1.468734375,7.21867578125,-9.37918750000001,4.66285546875,-1.14616015625,-2.25325390625,-5.37165234375001
-0.40702734375,1.4048828125,10.717296875,-16.18921875,-8.9925390625,-6.376296875,-7.511734375,-6.57818359375,-16.293015625,10.9873359375,2.39972265625,-12.65696875,-29.2059296875,2.347296875,18.9129375,-5.191734375,-27.2694765625,3.0203359375,16.596484375,13.78382421875,-16.74939453125,-2.127015625,2.81169921875,3.536734375,9.37467578125,-8.23018750000001,7.39485546875,3.01083984375,1.21474609375,-2.99765234375
-0.68602734375,1.2218828125,11.663296875,-19.34421875,-9.6475390625,-7.488296875,-8.481734375,-7.69918359375,-17.751015625,12.9023359375,3.76972265625,-12.57996875,-31.4349296875,3.220296875,21.8729375,-3.101734375,-27.7564765625,3.5323359375,18.467484375,17.00782421875,-14.27039453125,0.182984374999997,3.76169921875,5.875734375,11.81967578125,-6.53518750000001,10.20485546875,7.54483984375,5.02874609375,-0.340652343750001
-0.40502734375,1.7448828125,13.436296875,-22.40221875,-9.6425390625,-7.957296875,-8.413734375,-7.29218359375,-19.059015625,15.3723359375,5.92072265625,-11.24096875,-33.7829296875,4.449296875,25.2479375,-0.151734375,-25.9864765625,3.9873359375,20.282484375,20.58482421875,-10.52039453125,2.081984375,4.80469921875,8.676734375,14.84467578125,-4.23318750000001,13.27985546875,11.96683984375,8.84974609375,2.46634765625
0.897972656249999,3.2428828125,16.253296875,-24.75121875,-8.4515390625,-7.337296875,-7.020734375,-5.14318359375,-19.820015625,18.4533359375,9.01172265625,-8.56396874999999,-36.1269296875,6.240296875,29.1739375,3.690265625,-22.1344765625,4.7713359375,22.448484375,24.60782421875,-5.79339453125,3.540984375,6.37469921875,12.040734375,18.65967578125,-1.31418750000002,16.78285546875,15.87383984375,12.33774609375,5.30734765624999
3.40597265625,5.7008828125,19.994296875,-25.93221875,-5.8655390625,-5.450296875,-4.376734375,-1.62118359375,-19.721015625,21.9773359375,12.89572265625,-4.86296874999999,-38.1619296875,8.713296875,33.5069375,8.188265625,-16.9724765625,6.3243359375,25.261484375,28.97282421875,-0.63239453125,4.767984375,8.83269921875,15.924734375,23.23167578125,2.06881249999999,20.71385546875,18.98783984375,15.22374609375,8.02634765625
6.99297265625,8.8558828125,24.255296875,-25.76021875,-2.0545390625,-2.409296875,-0.878734375000001,2.45781640625,-18.621015625,25.6173359375,17.16272265625,-0.788968749999995,-39.4849296875,11.857296875,37.8809375,12.849265625,-11.6594765625,8.9443359375,28.773484375,33.38082421875,4.22560546875,6.051984375,12.26769921875,20.121734375,28.20267578125,5.52981249999999,24.82485546875,21.14383984375,17.33174609375,10.37234765625
11.29897265625,12.3388828125,28.533296875,-24.37921875,2.5224609375,1.443703125,2.922265625,6.16281640625,-16.575015625,29.0353359375,21.31772265625,2.87903125,-39.7149296875,15.522296875,41.8849375,17.080265625,-7.37447656249999,12.6553359375,32.781484375,37.43782421875,8.03560546875001,7.607984375,16.43069921875,24.295734375,32.97867578125,8.50781249999999,28.67385546875,22.28283984375,18.58574609375,12.01434765625
15.87097265625,15.8478828125,32.427296875,-22.20521875,7.3194609375,5.659703125,6.528265625,8.81781640625,-13.794015625,32.0223359375,24.99172265625,5.52503125,-38.6009296875,19.453296875,45.2529375,20.391265625,-4.9234765625,17.2033359375,36.927484375,40.81382421875,10.29560546875,9.485984375,20.81669921875,28.089734375,36.95267578125,10.4568125,31.78985546875,22.48283984375,19.02674609375,12.65434765625
20.27397265625,19.2308828125,35.740296875,-19.80021875,11.8714609375,9.799703125,9.626265625,10.23481640625,-10.588015625,34.5433359375,28.02972265625,6.90603125000001,-36.1159296875,23.332296875,47.9409375,22.546265625,-4.5274765625,22.1363359375,40.819484375,43.34982421875,10.91560546875,11.574984375,24.85069921875,31.225734375,39.71967578125,11.0428125,33.87685546875,21.97483984375,18.79874609375,12.16634765625
24.12897265625,22.4268828125,38.424296875,-17.71421875,15.8464609375,13.488703125,12.073265625,10.68181640625,-7.326015625,36.6343359375,30.41472265625,7.16203125000001,-32.5519296875,26.793296875,50.0299375,23.555265625,-5.8584765625,26.9063359375,44.098484375,45.02682421875,10.19860546875,13.642984375,28.03769921875,33.522734375,41.16067578125,10.2518125,34.88685546875,21.07483984375,18.10974609375,10.65634765625
27.08297265625,25.3278828125,40.443296875,-16.38421875,18.9874609375,16.391703125,13.770265625,10.65181640625,-4.428015625,38.2443359375,32.09472265625,6.63103125000001,-28.5319296875,29.418296875,51.5419375,23.543265625,-8.2934765625,30.9493359375,46.440484375,45.84882421875,8.63160546875,15.395984375,30.03569921875,34.855734375,41.38267578125,8.34081249999999,34.95985546875,20.06083984375,17.14474609375,8.40434765625
28.80297265625,27.6988828125,41.681296875,-16.06021875,21.0604609375,18.191703125,14.554265625,10.55281640625,-2.308015625,39.1673359375,32.88972265625,5.61703125,-24.8879296875,30.813296875,52.3359375,22.615265625,-11.2334765625,33.7813359375,47.580484375,45.75282421875,6.61760546875,16.551984375,30.67869921875,35.126734375,40.57467578125,5.70881249999999,34.29485546875,19.05783984375,15.99274609375,5.75634765625
29.06497265625,29.2198828125,41.970296875,-16.74721875,21.9004609375,18.657703125,14.237265625,10.51181640625,-1.261015625,39.1483359375,32.57072265625,4.26003125,-22.3779296875,30.747296875,52.1699375,20.823265625,-14.3054765625,35.1283359375,47.394484375,44.65282421875,4.32760546875001,16.929984375,30.00569921875,34.295734375,38.91667578125,2.75481249999999,33.06885546875,18.01883984375,14.65074609375,3.03834765625
27.88497265625,29.6428828125,41.216296875,-18.16421875,21.5194609375,17.765703125,12.757265625,10.37581640625,-1.333015625,38.0693359375,31.04572265625,2.55103125000001,-21.4019296875,29.307296875,50.8899375,18.244265625,-17.3834765625,35.0353359375,45.982484375,42.56782421875,1.72460546875,16.506984375,28.28769921875,32.456734375,36.56967578125,-0.212187500000013,31.42485546875,16.82383984375,13.10074609375,0.516347656249998
25.59597265625,28.9368828125,39.505296875,-19.80821875,20.1634609375,15.759703125,10.314265625,9.86481640625,-2.281015625,36.0773359375,28.50072265625,0.449031250000004,-21.8529296875,26.908296875,48.5909375,15.063265625,-20.4774765625,33.8483359375,43.680484375,39.70982421875,-1.30239453125,15.421984375,25.99069921875,29.871734375,33.71067578125,-3.01818750000001,29.50685546875,15.40083984375,11.37274609375,-1.63765234375001
22.77197265625,27.3398828125,37.130296875,-21.12121875,18.2434609375,13.071703125,7.354265625,8.76081640625,-3.688015625,33.5433359375,25.38572265625,-2.01496874999999,-23.2069296875,24.133296875,45.6349375,11.582265625,-23.5954765625,32.0593359375,40.946484375,36.45282421875,-4.79539453125,13.896984375,23.61969921875,26.912734375,30.55567578125,-5.63818750000002,27.45185546875,13.78083984375,9.55274609375,-3.40165234375
20.01997265625,25.2788828125,34.503296875,-21.71621875,16.1854609375,10.170703125,4.413265625,7.02481640625,-5.145015625,30.9003359375,22.25872265625,-4.69696875,-24.7749296875,21.475296875,42.5249375,8.136265625,-26.6644765625,30.0843359375,38.189484375,33.19782421875,-8.67039453125,12.132984375,21.52669921875,23.950734375,27.33367578125,-8.17218750000001,25.36685546875,12.06583984375,7.72674609375,-4.93165234375
17.76397265625,23.2108828125,32.013296875,-21.51521875,14.2884609375,7.435703125,1.915265625,4.78281640625,-6.403015625,28.4633359375,19.56872265625,-7.40496874999999,-25.9809296875,19.149296875,39.7179375,4.979265625,-29.5324765625,28.1203359375,35.636484375,30.23082421875,-12.72539453125,10.243984375,19.77369921875,21.258734375,24.23667578125,-10.7821875,23.30185546875,10.35783984375,5.93274609375,-6.50065234375001
16.12797265625,21.4648828125,29.878296875,-20.71821875,12.6844609375,5.103703125,0.0172656250000003,2.20481640625,-7.406015625,26.3523359375,17.51172265625,-9.99996874999999,-26.5509296875,17.078296875,37.4779375,2.208265625,-32.0254765625,26.1533359375,33.316484375,27.65682421875,-16.71739453125,8.254984375,18.16869921875,18.962734375,21.37767578125,-13.6101875,21.26185546875,8.69783984375,4.16474609375,-8.34865234375
14.95597265625,20.1368828125,28.061296875,-19.65521875,11.3664609375,3.258703125,-1.421734375,-0.643183593750003,-8.222015625,24.5233359375,15.98272265625,-12.47996875,-26.5489296875,15.044296875,35.8179375,-0.246734375000003,-34.0554765625,24.0733359375,31.121484375,25.40982421875,-20.45539453125,6.142984375,16.41869921875,17.035734375,18.78067578125,-16.6851875,19.25085546875,7.06283984375,2.41474609375,-10.53665234375
13.94497265625,19.1008828125,26.300296875,-18.60021875,10.2604609375,1.826703125,-2.765734375,-3.85118359375,-8.953015625,22.8493359375,14.65272265625,-14.99396875,-26.2749296875,12.873296875,34.5079375,-2.581734375,-35.6904765625,21.8173359375,28.899484375,23.31582421875,-23.87739453125,3.890984375,14.30569921875,15.311734375,16.39467578125,-19.8941875,17.28985546875,5.40583984375,0.70274609375,-12.89065234375
12.80897265625,18.0868828125,24.229296875,-17.67221875,9.2844609375,0.618703125000001,-4.440734375,-7.58418359375001,-9.670015625,21.1993359375,13.09972265625,-17.75596875,-26.0839296875,10.529296875,33.1559375,-5.050734375,-37.1424765625,19.4243359375,26.516484375,21.15582421875,-27.05939453125,1.525984375,11.79369921875,13.516734375,14.12867578125,-23.0091875,15.40785546875,3.71283984375,-0.915253906249999,-15.08365234375
11.38697265625,16.8098828125,21.536296875,-16.87221875,8.3664609375,-0.594296875,-6.767734375,-11.92618359375,-10.402015625,19.4493359375,10.93872265625,-20.92996875,-26.2159296875,8.092296875,31.3249375,-7.876734375,-38.6714765625,17.0183359375,23.870484375,18.73182421875,-30.14039453125,-0.846015625000003,9.02269921875,11.341734375,11.88667578125,-25.7741875,13.60985546875,2.04883984375,-2.34825390625,-16.77765234375
9.65497265625,15.0678828125,18.078296875,-16.19921875,7.4294609375,-2.018296875,-9.855734375,-16.76018359375,-11.197015625,17.4693359375,7.94372265625,-24.54296875,-26.7209296875,5.649296875,28.6679375,-11.170734375,-40.4664765625,14.7183359375,20.899484375,15.92182421875,-33.20839453125,-3.043015625,6.23369921875,8.556734375,9.62567578125,-27.9901875,11.87885546875,0.56083984375,-3.48925390625,-17.77165234375
7.64297265625,12.7848828125,13.918296875,-15.75421875,6.3524609375,-3.807296875,-13.603734375,-21.76118359375,-12.178015625,15.1033359375,4.10772265625,-28.46096875,-27.4979296875,3.210296875,25.0369375,-14.884734375,-42.5944765625,12.5703359375,17.603484375,12.71882421875,-36.21739453125,-4.876015625,3.68069921875,5.118734375,7.39167578125,-29.5731875,10.20085546875,-0.58116015625,-4.24425390625,-18.06965234375
5.35297265625,9.9958828125,9.290296875,-15.74821875,4.9584609375,-6.059296875,-17.766734375,-26.50018359375,-13.540015625,12.2003359375,-0.356277343750001,-32.43896875,-28.4269296875,0.698296875,20.5569375,-18.803734375,-45.0114765625,10.5303359375,14.077484375,9.26582421875,-38.98439453125,-6.231015625,1.56869921875,1.227734375,5.32067578125,-30.5601875,8.62085546875,-1.26116015625,-4.56525390625,-17.86265234375
2.73397265625,6.8168828125,4.530296875,-16.40121875,3.0604609375,-8.803296875,-22.032734375,-30.59418359375,-15.470015625,8.6963359375,-5.05727734375,-36.19796875,-29.4699296875,-1.960703125,15.6259375,-22.588734375,-47.5824765625,8.5133359375,10.550484375,5.85582421875,-41.25539453125,-7.120015625,0.0476992187500009,-2.702265625,3.61067578125,-31.0731875,7.25485546875,-1.45216015625,-4.48025390625,-17.42065234375
-0.259027343750001,3.4308828125,0.0172968750000031,-17.82521875,0.5554609375,-11.943296875,-26.074734375,-33.81618359375,-18.010015625,4.7213359375,-9.50327734375,-39.49096875,-30.7079296875,-4.735703125,10.8469375,-25.839734375,-50.0894765625,6.5003359375,7.392484375,2.89882421875,-42.79439453125,-7.639015625,-0.78130078125,-6.135265625,2.46867578125,-31.2431875,6.28785546875,-1.18716015625,-4.05825390625,-16.95165234375
-3.56302734375,0.0988828125000012,-3.886703125,-19.95321875,-2.4655390625,-15.233296875,-29.582734375,-36.13818359375,-20.976015625,0.661335937500002,-13.18527734375,-42.11996875,-32.2609296875,-7.410703125,6.8959375,-28.176734375,-52.2484765625,4.6053359375,5.051484375,0.841824218749998,-43.44739453125,-7.875015625,-0.85030078125,-8.552265625,2.08167578125,-31.1321875,5.92285546875,-0.49616015625,-3.36025390625,-16.49465234375
-6.95102734375,-2.8591171875,-6.907703125,-22.54721875,-5.6775390625,-18.287296875,-32.280734375,-37.68018359375,-23.968015625,-2.8956640625,-15.67327734375,-43.94796875,-34.1639296875,-9.615703125,4.35193750000001,-29.307734375,-53.7954765625,3.0663359375,3.928484375,0.062824218749995,-43.17539453125,-7.854015625,-0.149300781249999,-9.591265625,2.57767578125,-30.7131875,6.30985546875,0.63783984375,-2.38625390625,-15.91265234375
-10.05702734375,-5.1161171875,-8.907703125,-25.27321875,-8.5815390625,-20.671296875,-33.967734375,-38.63918359375,-26.480015625,-5.3356640625,-16.73127734375,-44.91496875,-36.2729296875,-10.951703125,3.5389375,-29.111734375,-54.6314765625,2.1333359375,4.227484375,0.754824218749995,-42.06639453125,-7.547015625,1.23069921875,-9.159265625,3.97567578125,-29.9311875,7.46785546875,2.23483984375,-1.10025390625,-15.00465234375
-12.51102734375,-6.4491171875,-9.925703125,-27.79621875,-10.6645390625,-22.058296875,-34.575734375,-39.20818359375,-28.072015625,-6.2566640625,-16.41427734375,-45.07496875,-38.2589296875,-11.158703125,4.4169375,-27.691734375,-54.9124765625,1.9343359375,5.852484375,2.83782421875,-40.34539453125,-6.936015625,3.07769921875,-7.470265625,6.13267578125,-28.8091875,9.23985546875,4.23383984375,0.474746093749999,-13.66365234375
-14.08802734375,-6.8141171875,-10.145703125,-29.88121875,-11.6035390625,-22.378296875,-34.222734375,-39.52418359375,-28.526015625,-5.6326640625,-15.06727734375,-44.60196875,-39.7229296875,-10.236703125,6.6009375,-25.395734375,-55.0114765625,2.3983359375,8.413484375,5.94182421875,-38.36739453125,-6.054015625,5.09269921875,-4.981265625,8.72767578125,-27.5281875,11.31285546875,6.43283984375,2.18274609375,-11.99165234375
-14.80002734375,-6.3601171875,-9.809703125,-31.43921875,-11.3765390625,-21.849296875,-33.188734375,-39.62418359375,-27.905015625,-3.8116640625,-13.20427734375,-43.74896875,-40.3469296875,-8.448703125,9.4879375,-22.741734375,-55.3314765625,3.3063359375,11.376484375,9.47482421875,-36.56539453125,-4.961015625,6.98569921875,-2.239265625,11.31467578125,-26.4061875,13.32485546875,8.53383984375,3.74874609375,-10.30165234375
-14.85702734375,-5.3701171875,-9.101703125,-32.50821875,-10.2465390625,-20.853296875,-31.819734375,-39.44618359375,-26.495015625,-1.3596640625,-11.33027734375,-42.75596875,-40.0349296875,-6.215703125,12.4649375,-20.281734375,-56.0884765625,4.4143359375,14.249484375,12.78082421875,-35.35139453125,-3.689015625,8.57369921875,0.293734375,13.42367578125,-25.7901875,14.98385546875,10.25883984375,4.89174609375,-8.99065234375001
-14.54002734375,-4.1521171875,-8.089703125,-33.19821875,-8.6175390625,-19.744296875,-30.408734375,-38.87318359375,-24.685015625,1.1653359375,-9.78727734375,-41.78296875,-38.9879296875,-3.961703125,15.0749375,-18.457734375,-57.2084765625,5.5473359375,16.728484375,15.30482421875,-35.00239453125,-2.230015625,9.82669921875,2.345734375,14.68467578125,-25.9231875,16.15985546875,11.45683984375,5.45374609375,-8.39465234375
-14.08802734375,-2.9651171875,-6.765703125,-33.65321875,-6.8925390625,-18.726296875,-29.138734375,-37.83418359375,-22.864015625,3.3663359375,-8.70727734375,-40.88396875,-37.7039296875,-2.014703125,17.0859375,-17.495734375,-58.3774765625,6.5893359375,18.694484375,16.70882421875,-35.59439453125,-0.617015625000001,10.80269921875,3.825734375,14.92167578125,-26.8591875,16.87485546875,12.10383984375,5.43974609375,-8.66865234375
-13.63102734375,-1.9801171875,-5.140703125,-34.04121875,-5.3635390625,-17.866296875,-28.088734375,-36.36518359375,-21.376015625,5.0543359375,-8.05127734375,-40.03496875,-36.8479296875,-0.572703124999999,18.4529375,-17.378734375,-59.2014765625,7.4103359375,20.139484375,16.93582421875,-36.97939453125,0.967984374999997,11.54469921875,4.748734375,14.20067578125,-28.4431875,17.23985546875,12.23283984375,4.96374609375,-9.74565234375
-13.18502734375,-1.2651171875,-3.313703125,-34.52121875,-4.1615390625,-17.158296875,-27.256734375,-34.60718359375,-20.475015625,6.2173359375,-7.67627734375,-39.16996875,-37.0109296875,0.280296875000001,19.2549375,-17.887734375,-59.3614765625,7.8303359375,21.087484375,16.19582421875,-38.81139453125,2.177984375,12.02669921875,5.172734375,12.82767578125,-30.3581875,17.37785546875,11.88283984375,4.18374609375,-11.34465234375
-12.66502734375,-0.7831171875,-1.453703125,-35.18321875,-3.2395390625,-16.566296875,-26.562734375,-32.72318359375,-20.271015625,6.96333593750001,-7.39327734375,-38.20496875,-38.4399296875,0.559296875000001,19.6709375,-18.690734375,-58.7014765625,7.6883359375,21.585484375,14.90782421875,-40.62439453125,2.643984375,12.18069921875,5.185734375,11.26167578125,-32.2091875,17.38885546875,11.12183984375,3.26774609375,-13.03065234375
-11.94002734375,-0.3991171875,0.277296875000005,-36.00121875,-2.4185390625,-16.028296875,-25.868734375,-30.81618359375,-20.702015625,7.4753359375,-7.00327734375,-37.07896875,-40.9139296875,0.359296875000002,19.9409375,-19.464734375,-57.2524765625,6.9333359375,21.715484375,13.55982421875,-41.96139453125,2.179984375,11.96269921875,4.910734375,9.97267578125,-33.6401875,17.35485546875,10.11583984375,2.39174609375,-14.33465234375
-10.89502734375,0.0648828125000023,1.801296875,-36.83621875,-1.4885390625,-15.462296875,-25.007734375,-28.89218359375,-21.580015625,7.9393359375,-6.34327734375,-35.76896875,-43.8559296875,-0.195703124999998,20.3129375,-20.001734375,-55.2264765625,5.6733359375,21.579484375,12.55182421875,-42.53139453125,0.898984374999998,11.37969921875,4.479734375,9.25767578125,-34.4561875,17.32085546875,9.11983984375,1.71974609375,-14.91765234375
-9.50102734375,0.756882812500002,3.144296875,-37.49721875,-0.3295390625,-14.768296875,-23.839734375,-26.89618359375,-22.679015625,8.4743359375,-5.32427734375,-34.29996875,-46.6329296875,-1.013703125,20.9419375,-20.246734375,-52.9664765625,4.1203359375,21.250484375,12.06482421875,-42.31139453125,-0.838015625000001,10.45769921875,3.976734375,9.12067578125,-34.6911875,17.28985546875,8.39583984375,1.35374609375,-14.71265234375
-7.83702734375,1.7398828125,4.390296875,-37.81021875,1.0274609375,-13.850296875,-22.282734375,-24.77518359375,-23.806015625,9.1013359375,-3.95827734375,-32.72696875,-48.8579296875,-2.062703125,21.8369375,-20.249734375,-50.8714765625,2.5043359375,20.748484375,12.05782421875,-41.53139453125,-2.599015625,9.22569921875,3.420734375,9.30367578125,-34.5891875,17.22085546875,8.09683984375,1.28974609375,-13.95465234375
-6.07202734375,2.9718828125,5.597296875,-37.66921875,2.4354609375,-12.651296875,-20.350734375,-22.56918359375,-24.800015625,9.7593359375,-2.34527734375,-31.11696875,-50.4959296875,-3.328703125,22.8709375,-20.092734375,-49.2864765625,1.0123359375,20.075484375,12.34982421875,-40.55339453125,-4.070015625,7.73569921875,2.800734375,9.44867578125,-34.5031875,17.05785546875,8.19383984375,1.41274609375,-13.08665234375
-4.40002734375,4.3398828125,6.735296875,-37.07521875,3.7104609375,-11.213296875,-18.181734375,-20.45118359375,-25.502015625,10.3793359375,-0.641277343750001,-29.55696875,-51.7439296875,-4.752703125,23.8519375,-19.834734375,-48.4284765625,-0.228664062499999,19.276484375,12.72882421875,-39.72739453125,-5.160015625,6.10569921875,2.131734375,9.29567578125,-34.7641875,16.75485546875,8.49083984375,1.53474609375,-12.58565234375
-2.98302734375,5.7078828125,7.682296875,-36.15221875,4.7154609375,-9.709296875,-16.050734375,-18.69818359375,-25.771015625,10.9263359375,0.972722656249999,-28.17396875,-52.8029296875,-6.189703125,24.6119375,-19.527734375,-48.3424765625,-1.1426640625,18.454484375,13.01482421875,-39.29339453125,-5.986015625,4.54469921875,1.478734375,8.79367578125,-35.5801875,16.29785546875,8.71683984375,1.45374609375,-12.79665234375
-1.91402734375,6.9468828125,8.288296875,-35.15721875,5.3814609375,-8.409296875,-14.309734375,-17.58118359375,-25.544015625,11.4063359375,2.30972265625,-27.13996875,-53.7359296875,-7.432703125,25.0619375,-19.236734375,-48.9114765625,-1.6906640625,17.750484375,13.08382421875,-39.32439453125,-6.754015625,3.32269921875,0.931734375,8.08667578125,-36.9851875,15.72285546875,8.65483984375,1.04374609375,-13.82465234375
-1.24402734375,7.9508828125,8.466296875,-34.44221875,5.6754609375,-7.588296875,-13.296734375,-17.22918359375,-24.910015625,11.8073359375,3.18472265625,-26.63696875,-54.4769296875,-8.297703125,25.1989375,-19.058734375,-49.8934765625,-1.8576640625,17.271484375,12.85982421875,-39.73339453125,-7.616015625,2.71269921875,0.563734374999999,7.41867578125,-38.8431875,15.13485546875,8.25683984375,0.31174609375,-15.51365234375
-1.02302734375,8.6138828125,8.241296875,-34.36021875,5.5374609375,-7.460296875,-13.229734375,-17.56918359375,-24.140015625,12.0453359375,3.44972265625,-26.79796875,-54.9409296875,-8.724703125,25.0609375,-19.122734375,-50.9834765625,-1.6586640625,17.035484375,12.31782421875,-40.34639453125,-8.576015625,2.88769921875,0.392734375,7.00767578125,-40.8891875,14.68785546875,7.66083984375,-0.608253906250001,-17.52065234375
-1.33902734375,8.8198828125,7.709296875,-35.12521875,4.8564609375,-8.146296875,-14.174734375,-18.38418359375,-23.624015625,11.9393359375,3.00372265625,-27.68696875,-55.1309296875,-8.852703125,24.6499375,-19.583734375,-51.9304765625,-1.1656640625,16.933484375,11.46582421875,-41.01739453125,-9.505015625,3.83269921875,0.353734375,6.93967578125,-42.8181875,14.52085546875,7.10283984375,-1.52525390625,-19.43865234375
-2.30102734375,8.4198828125,6.939296875,-36.71621875,3.4824609375,-9.701296875,-16.071734375,-19.46818359375,-23.740015625,11.2353359375,1.78172265625,-29.31396875,-55.1629296875,-9.017703125,23.8579375,-20.603734375,-52.6574765625,-0.5306640625,16.737484375,10.30382421875,-41.73039453125,-10.224015625,5.30169921875,0.297734374999999,7.11867578125,-44.3871875,14.65085546875,6.75783984375,-2.29625390625,-20.94365234375
-3.99502734375,7.2578828125,5.873296875,-38.91221875,1.2794609375,-12.133296875,-18.822734375,-20.77918359375,-24.720015625,9.6673359375,-0.267277343750001,-31.68896875,-55.2279296875,-9.650703125,22.4719375,-22.324734375,-53.3314765625,0.0153359375000006,16.173484375,8.78782421875,-42.62339453125,-10.589015625,6.88469921875,0.0107343749999993,7.29867578125,-45.4981875,14.93185546875,6.62583984375,-2.89425390625,-21.88965234375
-6.40802734375,5.2398828125,4.331296875,-41.42821875,-1.8155390625,-15.408296875,-22.353734375,-22.49118359375,-26.577015625,7.0603359375,-3.16227734375,-34.81996875,-55.4959296875,-11.111703125,20.2779375,-24.803734375,-54.2944765625,0.2223359375,15.027484375,6.83982421875,-43.90239453125,-10.536015625,8.15969921875,-0.710265625,7.20767578125,-46.2191875,15.10085546875,6.53383984375,-3.41325390625,-22.34965234375
-9.37202734375,2.4428828125,2.138296875,-44.05421875,-5.7215390625,-19.401296875,-26.584734375,-24.88018359375,-29.120015625,3.4373359375,-6.82927734375,-38.66996875,-56.0129296875,-13.540703125,17.2179375,-27.942734375,-55.8794765625,-0.0856640624999994,13.242484375,4.43482421874999,-45.69439453125,-10.097015625,8.84069921875,-1.968265625,6.68167578125,-46.7411875,14.90585546875,6.23183984375,-4.01225390625,-22.57165234375
-12.55902734375,-0.824117187500001,-0.696703124999996,-46.67021875,-10.1785390625,-23.836296875,-31.330734375,-28.11518359375,-32.018015625,-0.927664062499996,-11.02627734375,-43.07996875,-56.6479296875,-16.783703125,13.5139375,-31.472734375,-58.2224765625,-0.923664062499999,10.953484375,1.69482421875,-47.94439453125,-9.402015625,8.86169921875,-3.715265625,5.72767578125,-47.2861875,14.21885546875,5.51683984375,-4.85125390625,-22.89465234375
-15.53802734375,-4.0701171875,-3.896703125,-49.18721875,-14.7555390625,-28.272296875,-36.235734375,-32.09518359375,-34.907015625,-5.5466640625,-15.35927734375,-47.75396875,-57.1489296875,-20.445703125,9.6479375,-35.018734375,-61.2064765625,-2.1366640625,8.425484375,-1.10517578125,-50.42839453125,-8.684015625,8.33269921875,-5.771265625,4.48267578125,-48.0271875,13.06685546875,4.28383984375,-6.03625390625,-23.62665234375
-17.91302734375,-6.7711171875,-6.991703125,-51.47621875,-18.9515390625,-32.204296875,-40.822734375,-36.45318359375,-37.505015625,-9.8586640625,-19.37527734375,-52.32096875,-57.2919296875,-24.038703125,6.1959375,-38.235734375,-64.5674765625,-3.4866640625,5.934484375,-3.64117578125,-52.88839453125,-8.265015625,7.42369921875,-7.915265625,3.09767578125,-49.0281875,11.57085546875,2.51283984375,-7.60925390625,-24.95465234375
-19.44602734375,-8.5551171875,-9.514703125,-53.36321875,-22.3315390625,-35.217296875,-44.646734375,-40.70418359375,-39.671015625,-13.3906640625,-22.69627734375,-56.44396875,-57.0189296875,-27.142703125,3.6059375,-40.933734375,-68.0564765625,-4.7686640625,3.664484375,-5.70617578125,-55.18239453125,-8.489015625,6.24669921875,-9.990265625,1.65467578125,-50.2501875,9.85685546875,0.234839843750001,-9.54225390625,-26.89665234375
-20.10902734375,-9.3081171875,-11.185703125,-54.67421875,-24.6075390625,-37.102296875,-47.434734375,-44.42118359375,-41.387015625,-15.8646640625,-25.10927734375,-59.88496875,-56.4519296875,-29.505703125,2.0419375,-43.105734375,-71.5234765625,-5.8796640625,1.689484375,-7.28817578125,-57.33639453125,-9.577015625,4.82369921875,-11.934265625,0.168675781250002,-51.5921875,8.00685546875,-2.46716015625,-11.74025390625,-29.30065234375
-20.01802734375,-9.1461171875,-11.969703125,-55.27121875,-25.6515390625,-37.844296875,-49.108734375,-47.31618359375,-42.644015625,-17.1976640625,-26.56927734375,-62.50596875,-55.8299296875,-31.030703125,1.3809375,-44.832734375,-74.8714765625,-6.7856640625,0.0364843750000006,-8.50817578125,-59.46539453125,-11.479015625,3.15169921875,-13.735265625,-1.35232421875,-52.9561875,6.08285546875,-5.38916015625,-14.03025390625,-31.88065234375
-19.32802734375,-8.2891171875,-12.006703125,-55.10121875,-25.4325390625,-37.542296875,-49.720734375,-49.23418359375,-43.341015625,-17.4266640625,-27.12227734375,-64.22396875,-55.3999296875,-31.699703125,1.3529375,-46.156734375,-77.9374765625,-7.4416640625,-1.229515625,-9.46917578125,-61.63139453125,-13.815015625,1.30669921875,-15.349265625,-2.82732421875,-54.3011875,4.17385546875,-8.19516015625,-16.18325390625,-34.29065234375
-18.14802734375,-6.9351171875,-11.486703125,-54.22521875,-23.9925390625,-36.334296875,-49.373734375,-50.10218359375,-43.284015625,-16.6316640625,-26.83327734375,-64.97796875,-55.3419296875,-31.520703125,1.7079375,-47.014734375,-80.4514765625,-7.7526640625,-1.966515625,-10.14117578125,-63.75839453125,-15.996015625,-0.521300781249999,-16.669265625,-4.09732421875,-55.6541875,2.41685546875,-10.48916015625,-17.97625390625,-36.22665234375
-16.55502734375,-5.2061171875,-10.551703125,-52.84121875,-21.4775390625,-34.387296875,-48.214734375,-49.91918359375,-42.314015625,-14.9246640625,-25.77227734375,-64.76996875,-55.7419296875,-30.542703125,2.3279375,-47.298734375,-82.1134765625,-7.6296640625,-2.013515625,-10.37017578125,-65.67139453125,-17.488015625,-2.09330078125,-17.560265625,-4.99132421875,-57.0841875,0.951855468750001,-11.97216015625,-19.26325390625,-37.52765234375
-14.66202734375,-3.2151171875,-9.297703125,-51.27421875,-18.2065390625,-31.928296875,-46.462734375,-48.79218359375,-40.485015625,-12.4886640625,-24.06327734375,-63.72196875,-56.6019296875,-28.926703125,3.22693750000001,-46.972734375,-82.7734765625,-7.0946640625,-1.28251562499999,-9.99817578125,-67.20639453125,-18.065015625,-3.23730078125,-17.949265625,-5.42932421875,-58.6271875,-0.137144531250001,-12.56416015625,-20.00425390625,-38.21365234375
-12.70502734375,-1.1391171875,-7.825703125,-49.94621875,-14.6985390625,-29.269296875,-44.424734375,-46.96918359375,-38.182015625,-9.6106640625,-21.93627734375,-62.10996875,-57.8859296875,-26.984703125,4.4839375,-46.156734375,-82.5444765625,-6.3676640625,0.163484375000003,-8.98617578125,-68.29839453125,-17.908015625,-3.93130078125,-17.859265625,-5.45432421875,-60.2341875,-0.840144531250001,-12.41616015625,-20.23325390625,-38.44065234375
-11.03602734375,0.758882812500001,-6.286703125,-49.29421875,-11.5925390625,-26.784296875,-42.449734375,-44.82118359375,-36.070015625,-6.6576640625,-19.68827734375,-60.29396875,-59.5779296875,-25.134703125,6.1639375,-45.075734375,-81.7584765625,-5.8266640625,2.108484375,-7.45117578125,-68.99039453125,-17.474015625,-4.29430078125,-17.384265625,-5.20132421875,-61.7491875,-1.19414453125,-11.81316015625,-20.02025390625,-38.39965234375
-10.01102734375,2.2298828125,-4.841703125,-49.65321875,-9.4615390625,-24.803296875,-40.797734375,-42.70818359375,-34.871015625,-3.9666640625,-17.57227734375,-58.55996875,-61.7069296875,-23.759703125,8.2919375,-43.910734375,-80.7754765625,-5.8646640625,4.253484375,-5.59917578125,-69.34239453125,-17.258015625,-4.50330078125,-16.624265625,-4.79732421875,-62.9491875,-1.22414453125,-11.03316015625,-19.45325390625,-38.21665234375
-9.82202734375,3.1728828125,-3.573703125,-51.13321875,-8.6075390625,-23.468296875,-39.495734375,-40.82018359375,-35.054015625,-1.7326640625,-15.65627734375,-56.96296875,-64.3299296875,-23.047703125,10.8629375,-42.663734375,-79.7844765625,-6.7046640625,6.339484375,-3.59817578125,-69.33639453125,-17.566015625,-4.69130078125,-15.632265625,-4.28232421875,-63.6201875,-0.914144531249999,-10.25016015625,-18.64125390625,-37.90665234375
-10.40202734375,3.6958828125,-2.410703125,-53.57321875,-8.9585390625,-22.659296875,-38.292734375,-39.07818359375,-36.613015625,0.0503359375000016,-13.79327734375,-55.29396875,-67.4559296875,-22.910703125,13.8619375,-41.137734375,-78.7414765625,-8.2726640625,8.24148437500001,-1.50117578125001,-68.85139453125,-18.401015625,-4.87430078125,-14.411265625,-3.58432421875,-63.6361875,-0.218144531250001,-9.50516015625,-17.71225390625,-37.38465234375
-11.47902734375,4.0568828125,-1.156703125,-56.63821875,-10.1355390625,-22.078296875,-36.790734375,-37.21918359375,-39.068015625,1.5373359375,-11.73327734375,-53.22596875,-70.9519296875,-23.042703125,17.2189375,-39.071734375,-77.4714765625,-10.2166640625,9.99148437500001,0.735824218749997,-67.75239453125,-19.493015625,-4.97230078125,-12.958265625,-2.56732421875,-63.0261875,0.902855468749998,-8.73516015625,-16.77925390625,-36.55265234375
-12.71502734375,4.5068828125,0.387296875000004,-59.96221875,-11.6165390625,-21.456296875,-34.688734375,-35.01218359375,-41.681015625,2.9063359375,-9.31527734375,-50.57396875,-74.4879296875,-23.086703125,20.7559375,-36.353734375,-75.8614765625,-12.0406640625,11.703484375,3.14882421875,-66.02339453125,-20.439015625,-4.87830078125,-11.315265625,-1.11332421875,-61.9741875,2.43985546875,-7.85016015625,-15.90525390625,-35.37965234375
-13.83502734375,5.1568828125,2.291296875,-63.24021875,-12.9155390625,-20.698296875,-31.991734375,-32.46018359375,-43.751015625,4.2513359375,-6.61427734375,-47.48796875,-77.5649296875,-22.800703125,24.1719375,-33.157734375,-74.0034765625,-13.2896640625,13.468484375,5.66982421874999,-63.85439453125,-20.868015625,-4.52630078125,-9.581265625,0.798675781250001,-60.7651875,4.32985546875,-6.79216015625,-15.06725390625,-33.94265234375
-14.66102734375,5.9398828125,4.428296875,-66.21321875,-13.6855390625,-19.900296875,-29.042734375,-29.86718359375,-44.841015625,5.5513359375,-3.95027734375,-44.46596875,-79.6649296875,-22.130703125,27.1199375,-29.923734375,-72.2014765625,-13.6736640625,15.287484375,8.11382421875,-61.60139453125,-20.563015625,-3.90430078125,-7.873265625,3.05567578125,-59.6751875,6.48285546875,-5.54116015625,-14.14625390625,-32.39765234375
-15.09402734375,6.6678828125,6.505296875,-68.61721875,-13.7715390625,-19.257296875,-26.396734375,-27.74018359375,-44.871015625,6.7153359375,-1.75127734375,-42.16496875,-80.4479296875,-21.184703125,29.3229375,-27.198734375,-70.8404765625,-13.0956640625,17.074484375,10.25082421875,-59.64339453125,-19.488015625,-3.00130078125,-6.272265625,5.43467578125,-58.8611875,8.80985546875,-4.08716015625,-12.95225390625,-30.89865234375
-15.08402734375,7.1398828125,8.153296875,-70.19321875,-13.2275390625,-18.965296875,-24.614734375,-26.60018359375,-44.092015625,7.6343359375,-0.384277343750002,-41.12896875,-79.9089296875,-20.159703125,30.6459375,-25.439734375,-70.2144765625,-11.6236640625,18.680484375,11.88682421875,-58.25039453125,-17.740015625,-1.77730078125,-4.805265625,7.66367578125,-58.3131875,11.23585546875,-2.40616015625,-11.31125390625,-29.52465234375
-14.64102734375,7.2228828125,9.045296875,-70.75821875,-12.3035390625,-19.165296875,-24.078734375,-26.77718359375,-42.972015625,8.2023359375,-0.0342773437500004,-41.57096875,-78.4069296875,-19.278703125,31.0989375,-24.866734375,-70.4044765625,-9.4506640625,19.920484375,12.91982421875,-57.50039453125,-15.498015625,-0.18830078125,-3.497265625,9.48467578125,-57.8901875,13.66685546875,-0.48916015625,-9.17525390625,-28.27765234375
-13.85802734375,6.8928828125,9.000296875,-70.29521875,-11.3785390625,-19.919296875,-24.883734375,-28.28218359375,-42.024015625,8.3183359375,-0.690277343750001,-43.30396875,-76.5129296875,-18.736703125,30.7759375,-25.429734375,-71.2474765625,-6.8586640625,20.617484375,13.33982421875,-57.31439453125,-12.979015625,1.75269921875,-2.434265625,10.72467578125,-57.4081875,15.96185546875,1.60883984375,-6.69425390625,-27.12765234375
-12.93202734375,6.2058828125,8.034296875,-69.01721875,-10.8495390625,-21.214296875,-26.847734375,-30.81018359375,-41.661015625,7.8823359375,-2.20727734375,-45.86096875,-74.7759296875,-18.669703125,29.8009375,-26.879734375,-72.4264765625,-4.1686640625,20.661484375,13.20582421875,-57.53439453125,-10.429015625,3.93169921875,-1.765265625,11.33167578125,-56.7471875,17.93785546875,3.74783984375,-4.19125390625,-26.07365234375
-12.14802734375,5.2548828125,6.325296875,-67.38321875,-11.0355390625,-22.994296875,-29.623734375,-33.88218359375,-42.113015625,6.8253359375,-4.38527734375,-48.72596875,-73.5099296875,-19.126703125,28.2989375,-28.898734375,-73.6284765625,-1.6866640625,20.073484375,12.61282421875,-58.03639453125,-8.092015625,6.14269921875,-1.632265625,11.37167578125,-55.9141875,19.42285546875,5.73683984375,-2.04625390625,-25.18065234375
-11.81502734375,4.1198828125,4.140296875,-66.00621875,-12.0925390625,-25.208296875,-32.842734375,-37.04318359375,-43.404015625,5.14633593750001,-7.03227734375,-51.55896875,-72.7539296875,-20.066703125,26.4069375,-31.207734375,-74.6964765625,0.3573359375,19.022484375,11.68382421875,-58.77939453125,-6.191015625,8.12869921875,-2.066265625,10.99567578125,-55.0631875,20.31385546875,7.40083984375,-0.56425390625,-24.57765234375
-12.16402734375,2.8588828125,1.751296875,-65.47421875,-13.9705390625,-27.813296875,-36.226734375,-40.00618359375,-45.346015625,2.9513359375,-9.97827734375,-54.29396875,-72.3849296875,-21.362703125,24.2889375,-33.622734375,-75.6954765625,1.8513359375,17.779484375,10.56882421875,-59.80239453125,-4.902015625,9.65269921875,-2.931265625,10.39467578125,-54.4501875,20.59985546875,8.62083984375,0.11874609375,-24.40865234375
-13.26602734375,1.5268828125,-0.611703124999998,-66.11421875,-16.4255390625,-30.746296875,-39.614734375,-42.67518359375,-47.579015625,0.457335937500002,-13.05327734375,-57.07596875,-72.2769296875,-22.836703125,22.1379375,-36.034734375,-76.8634765625,2.8093359375,16.614484375,9.43582421875,-61.15839453125,-4.324015625,10.56869921875,-3.955265625,9.76367578125,-54.3391875,20.35985546875,9.35483984375,0.0547460937499995,-24.76765234375
-14.99902734375,0.197882812500001,-2.776703125,-67.84221875,-19.0695390625,-33.888296875,-42.932734375,-45.06218359375,-49.654015625,-2.0246640625,-16.06027734375,-60.07496875,-72.3699296875,-24.291703125,20.1379375,-38.362734375,-78.4454765625,3.3403359375,15.700484375,8.43482421874999,-62.85539453125,-4.444015625,10.87569921875,-4.838265625,9.28467578125,-54.8711875,19.73685546875,9.62083984375,-0.56125390625,-25.63465234375
-17.08102734375,-1.0211171875,-4.598703125,-70.18021875,-21.4645390625,-37.031296875,-46.101734375,-47.16018359375,-51.165015625,-4.1556640625,-18.75927734375,-63.28296875,-72.6359296875,-25.562703125,18.4259375,-40.517734375,-80.5094765625,3.5833359375,15.055484375,7.65882421875,-64.80539453125,-5.128015625,10.70469921875,-5.376265625,9.08067578125,-55.9841875,18.91085546875,9.45883984375,-1.47925390625,-26.86765234375
-19.12702734375,-1.9931171875,-5.925703125,-72.45321875,-23.2035390625,-39.854296875,-48.947734375,-48.84018359375,-51.859015625,-5.6386640625,-20.90627734375,-66.39696875,-73.0229296875,-26.548703125,17.0679375,-42.402734375,-82.8194765625,3.6313359375,14.565484375,7.09882421875,-66.82439453125,-6.163015625,10.23069921875,-5.546265625,9.16867578125,-57.4421875,18.04885546875,8.91383984375,-2.49525390625,-28.25265234375
-20.73002734375,-2.5641171875,-6.582703125,-74.08521875,-23.9925390625,-41.953296875,-51.167734375,-49.83918359375,-51.702015625,-6.2726640625,-22.30127734375,-68.87796875,-73.4789296875,-27.232703125,16.0809375,-43.918734375,-84.8304765625,3.4633359375,14.065484375,6.66882421875,-68.66239453125,-7.339015625,9.55769921875,-5.503265625,9.43967578125,-58.9401875,17.26285546875,8.03683984375,-3.49625390625,-29.59465234375
-21.56802734375,-2.6051171875,-6.408703125,-74.82321875,-23.7045390625,-42.934296875,-52.393734375,-49.86118359375,-50.886015625,-5.9856640625,-22.82527734375,-70.13196875,-74.0349296875,-27.672703125,15.4839375,-44.973734375,-85.8704765625,2.9403359375,13.442484375,6.26382421875,-70.05439453125,-8.540015625,8.65169921875,-5.491265625,9.71267578125,-60.2121875,16.58385546875,6.90683984375,-4.45225390625,-30.76465234375
-21.50102734375,-2.0561171875,-5.329703125,-74.80121875,-22.4135390625,-42.545296875,-52.339734375,-48.73718359375,-49.781015625,-4.8236640625,-22.44227734375,-69.76296875,-74.8749296875,-27.973703125,15.3489375,-45.478734375,-85.4324765625,1.8543359375,12.700484375,5.84182421875,-70.79939453125,-9.785015625,7.37169921875,-5.721265625,9.83967578125,-61.0701875,15.98085546875,5.64483984375,-5.36225390625,-31.70365234375
-20.61202734375,-0.942117187499999,-3.420703125,-74.40621875,-20.3575390625,-40.745296875,-50.909734375,-46.53818359375,-48.828015625,-2.9266640625,-21.17127734375,-67.74396875,-76.2789296875,-28.241703125,15.8109375,-45.356734375,-83.4424765625,0.0343359375000007,11.959484375,5.47582421875,-70.82139453125,-11.198015625,5.58469921875,-6.256265625,9.79267578125,-61.4031875,15.40585546875,4.40583984375,-6.21225390625,-32.37365234375
-19.15402734375,0.654882812500002,-0.887703124999998,-74.05921875,-17.8595390625,-37.678296875,-48.213734375,-43.55218359375,-48.376015625,-0.479664062499999,-19.04627734375,-64.43296875,-78.4439296875,-28.520703125,17.0359375,-44.547734375,-80.3524765625,-2.5246640625,11.417484375,5.35482421875,-70.19539453125,-12.899015625,3.31369921875,-6.977265625,9.68467578125,-61.1851875,14.84285546875,3.33483984375,-6.95125390625,-32.74065234375
-17.40502734375,2.6588828125,2.014296875,-74.01521875,-15.1915390625,-33.591296875,-44.478734375,-40.14818359375,-48.517015625,2.3543359375,-16.08327734375,-60.41696875,-81.2789296875,-28.733703125,19.1629375,-43.025734375,-76.9514765625,-5.5596640625,11.310484375,5.73382421874999,-69.13339453125,-14.877015625,0.83069921875,-7.610265625,9.71767578125,-60.5181875,14.34385546875,2.54083984375,-7.51525390625,-32.79465234375
-15.51202734375,5.0688828125,5.096296875,-74.27821875,-12.4715390625,-28.748296875,-39.959734375,-36.61918359375,-48.987015625,5.5023359375,-12.28427734375,-56.28096875,-84.3319296875,-28.653703125,22.2349375,-40.823734375,-74.0334765625,-8.5356640625,11.871484375,6.84582421875,-67.93239453125,-16.933015625,-1.36930078125,-7.822265625,10.06967578125,-59.6721875,14.01285546875,2.07083984375,-7.87725390625,-32.60865234375
-13.41102734375,7.9548828125,8.304296875,-74.61721875,-9.6355390625,-23.404296875,-34.900734375,-33.12818359375,-49.223015625,8.9963359375,-7.71227734375,-52.42896875,-86.9249296875,-27.943703125,26.1679375,-38.068734375,-72.1074765625,-10.7666640625,13.291484375,8.79582421875,-66.93739453125,-18.753015625,-2.74530078125,-7.359265625,10.78767578125,-59.0771875,13.94285546875,1.88783984375,-8.09425390625,-32.39265234375
-10.92002734375,11.3678828125,11.668296875,-74.66521875,-6.5315390625,-17.825296875,-29.589734375,-29.77618359375,-48.596015625,12.9083359375,-2.58527734375,-49.05896875,-88.4469296875,-26.283703125,30.7399375,-35.022734375,-71.3384765625,-11.6496640625,15.649484375,11.45982421875,-66.48839453125,-20.056015625,-2.93830078125,-6.165265625,11.70667578125,-59.2381875,14.13185546875,1.86383984375,-8.31925390625,-32.46965234375
-7.93102734375,15.2208828125,15.162296875,-74.04521875,-3.0755390625,-12.320296875,-24.426734375,-26.74918359375,-46.719015625,17.2373359375,2.66572265625,-46.27196875,-88.6409296875,-23.531703125,35.6229375,-32.094734375,-71.6854765625,-10.8726640625,18.857484375,14.47582421875,-66.86539453125,-20.705015625,-1.92230078125,-4.420265625,12.49567578125,-60.5771875,14.46785546875,1.83083984375,-8.73825390625,-33.16565234375
-4.60002734375,19.2088828125,18.567296875,-72.49621875,0.6074609375,-7.267296875,-19.952734375,-24.41318359375,-43.657015625,21.8053359375,7.46672265625,-44.22896875,-87.7069296875,-19.847703125,40.4229375,-29.782734375,-73.0844765625,-8.5406640625,22.630484375,17.32482421875,-68.21539453125,-20.715015625,0.00469921875000079,-2.471265625,12.79667578125,-63.2331875,14.79185546875,1.67683984375,-9.45625390625,-34.62865234375
-1.38202734375,22.8458828125,21.440296875,-69.99521875,4.1614609375,-3.077296875,-16.765734375,-23.26118359375,-39.931015625,26.2353359375,11.23872265625,-43.19996875,-86.1869296875,-15.712703125,44.7219375,-28.542734375,-75.5224765625,-5.1446640625,26.514484375,19.49482421875,-70.49639453125,-20.193015625,2.35069921875,-0.705265625,12.40467578125,-66.9411875,14.99685546875,1.40883984375,-10.41825390625,-36.70765234375
1.10997265625,25.5968828125,23.240296875,-66.85821875,7.0884609375,-0.125296874999999,-15.348734375,-23.70718359375,-36.325015625,30.0053359375,13.54972265625,-43.48996875,-84.7389296875,-11.835703125,48.1079375,-28.641734375,-78.9444765625,-1.4536640625,29.949484375,20.63782421875,-73.45239453125,-19.287015625,4.58869921875,0.561734375,11.36667578125,-71.0581875,15.07485546875,1.13083984375,-11.43125390625,-38.98265234375
2.33497265625,27.0398828125,23.539296875,-63.74721875,8.8774609375,1.333703125,-15.903734375,-25.85818359375,-33.631015625,32.5573359375,14.20672265625,-45.24396875,-83.9509296875,-8.983703125,50.2129375,-30.054734375,-83.1054765625,1.6533359375,32.366484375,20.65582421875,-76.66339453125,-18.190015625,6.25769921875,1.122734375,9.94967578125,-74.7891875,15.08085546875,0.95183984375,-12.26525390625,-40.94565234375
2.01397265625,26.9888828125,22.211296875,-61.52721875,9.1304609375,1.197703125,-18.260734375,-29.39018359375,-32.459015625,33.4323359375,13.27772265625,-48.28696875,-84.2399296875,-7.791703125,50.7909375,-32.462734375,-87.5234765625,3.3773359375,33.314484375,19.68582421875,-79.66039453125,-17.159015625,6.99569921875,0.892734375,8.51367578125,-77.4831875,15.05985546875,0.89483984375,-12.77925390625,-42.24065234375
0.200972656249999,25.5358828125,19.507296875,-60.97921875,7.6654609375,-0.472296875,-21.911734375,-33.62118359375,-33.132015625,32.4183359375,11.06972265625,-52.08696875,-85.8019296875,-8.581703125,49.8179375,-35.349734375,-91.5834765625,3.1973359375,32.601484375,18.02382421875,-82.06839453125,-16.495015625,6.57569921875,-0.0872656250000006,7.37167578125,-78.8681875,14.99685546875,0.88783984375,-12.96425390625,-42.80065234375
-2.75802734375,23.0118828125,15.997296875,-62.48321875,4.5794609375,-3.431296875,-26.122734375,-37.71318359375,-35.630015625,29.6583359375,8.09272265625,-55.87796875,-88.5619296875,-11.259703125,47.5739375,-38.150734375,-94.7354765625,1.0273359375,30.408484375,16.04782421875,-83.70039453125,-16.474015625,4.97969921875,-1.620265625,6.71467578125,-79.1071875,14.85685546875,0.83483984375,-12.90225390625,-42.81565234375
-6.34202734375,19.8918828125,12.390296875,-65.87521875,0.2684609375,-7.252296875,-30.117734375,-40.93918359375,-39.588015625,25.6703359375,4.96272265625,-58.90896875,-92.1729296875,-15.309703125,44.6329375,-40.399734375,-96.6694765625,-2.7346640625,27.302484375,14.15782421875,-84.56639453125,-17.233015625,2.47569921875,-3.363265625,6.60967578125,-78.6521875,14.66885546875,0.71283984375,-12.65925390625,-42.55965234375
-10.02402734375,16.6518828125,9.302296875,-70.54721875,-4.6645390625,-11.401296875,-33.283734375,-42.89518359375,-44.388015625,21.2243359375,2.26172265625,-60.70396875,-96.1039296875,-19.933703125,41.7079375,-41.834734375,-97.3994765625,-7.3106640625,24.083484375,12.70882421875,-84.80839453125,-18.691015625,-0.388300781249999,-4.891265625,7.03367578125,-77.9821875,14.58585546875,0.62483984375,-12.21125390625,-42.19665234375
-13.42402734375,13.6488828125,7.077296875,-75.72521875,-9.5665390625,-15.369296875,-35.332734375,-43.58618359375,-49.320015625,17.1123359375,0.373722656249999,-61.21796875,-99.8329296875,-24.270703125,39.4079375,-42.439734375,-97.2204765625,-11.7756640625,21.537484375,11.95182421875,-84.62339453125,-20.533015625,-2.91630078125,-5.826265625,7.90867578125,-77.3691875,14.85585546875,0.77083984375,-11.44125390625,-41.68465234375
-16.37502734375,11.0398828125,5.737296875,-80.74521875,-13.8995390625,-18.807296875,-36.341734375,-43.34618359375,-53.748015625,13.9043359375,-0.626277343750001,-60.81396875,-103.0079296875,-27.610703125,38.0479375,-42.405734375,-96.5894765625,-15.2946640625,20.188484375,11.97982421875,-84.18739453125,-22.281015625,-4.45330078125,-5.965265625,9.12667578125,-76.8071875,15.72885546875,1.36483984375,-10.19025390625,-40.80765234375
-18.90502734375,8.7918828125,5.069296875,-85.20421875,-17.3415390625,-21.565296875,-36.661734375,-42.65118359375,-57.204015625,11.8163359375,-0.973277343750001,-60.08796875,-105.5129296875,-29.524703125,37.5839375,-42.025734375,-95.9624765625,-17.2916640625,20.189484375,12.72782421875,-83.61039453125,-23.427015625,-4.54830078125,-5.333265625,10.56167578125,-76.1051875,17.35885546875,2.56383984375,-8.32125390625,-39.30065234375
-21.14902734375,6.7478828125,4.775296875,-88.97221875,-19.8085390625,-23.666296875,-36.731734375,-41.92418359375,-59.445015625,10.7173359375,-1.08527734375,-59.61896875,-107.4139296875,-29.900703125,37.7139375,-41.577734375,-95.6744765625,-17.5226640625,21.362484375,14.01482421875,-82.92739453125,-23.578015625,-3.01730078125,-4.141265625,12.08267578125,-75.0481875,19.75385546875,4.43483984375,-5.77725390625,-36.99465234375
-23.26802734375,4.7288828125,4.609296875,-92.12521875,-21.4195390625,-25.250296875,-36.907734375,-41.40518359375,-60.482015625,10.2813359375,-1.36227734375,-59.76096875,-108.8569296875,-28.903703125,38.0659375,-41.234734375,-95.8754765625,-16.0746640625,23.351484375,15.62582421875,-82.13139453125,-22.590015625,0.0466992187500006,-2.660265625,13.58867578125,-73.5211875,22.79085546875,6.93983984375,-2.59325390625,-33.89265234375
-25.38002734375,2.6218828125,4.438296875,-94.87021875,-22.4285390625,-26.506296875,-37.338734375,-41.13118359375,-60.573015625,10.1683359375,-1.99527734375,-60.54396875,-110.0049296875,-26.904703125,38.3789375,-41.040734375,-96.5154765625,-13.3386640625,25.790484375,17.38982421875,-81.21539453125,-20.616015625,4.29669921875,-1.098265625,15.03567578125,-71.5511875,26.26985546875,9.94183984375,1.08974609375,-30.16065234375
-27.53102734375,0.419882812499999,4.232296875,-97.46221875,-23.1565390625,-27.625296875,-37.957734375,-40.98818359375,-60.176015625,10.1343359375,-2.90227734375,-61.70796875,-111.0249296875,-24.412703125,38.5789375,-40.929734375,-97.3804765625,-9.9386640625,28.387484375,19.20682421875,-80.19839453125,-18.088015625,9.17669921875,0.454734374999999,16.44967578125,-69.2921875,29.96785546875,13.21283984375,5.05174609375,-26.07965234375
-27.53102734375,0.419882812499999,4.232296875,-97.46221875,-23.1565390625,-27.625296875,-37.957734375,-40.98818359375,-60.176015625,10.1343359375,-2.90227734375,-61.70796875,-111.0249296875,-24.412703125,38.5789375,-40.929734375,-97.3804765625,-9.9386640625,28.387484375,19.20682421875,-80.19839453125,-18.088015625,9.17669921875,0.454734374999999,16.44967578125,-69.2921875,29.96785546875,13.21283984375,5.05174609375,-26.07965234375
