"Fp1","Fpz","Fp2","F7","F3","Fz","F4","F8","FC5","FC1","FC2","FC6","T7","C3","Cz","C4","T8","CP5","CP1","CP2","CP6","P7","P3","Pz","P4","P8","POz","O1","Oz","O2"
-11.48071484375,-6.1487734375,-7.66257421875,-3.7040234375,6.480390625,-2.164859375,3.26414453125,-9.0533828125,-6.6080078125,-5.02083203125,-1.1913515625,3.35715625,-14.1654453125,-7.51249609375,-3.92509765625,3.34078125,0.128421875,-4.104234375,-3.58861328125,-3.26259375,-1.31030859375,-0.8528203125,-6.0775234375,-5.87562890625,-4.18708984375,1.083484375,-4.43941796875,-2.4456875,-2.42317578125,-4.323671875
-11.76371484375,-5.3617734375,-6.87057421875,-1.7200234375,5.675390625,-0.718859375,2.29914453125,-9.2693828125,-4.2480078125,-2.46283203125,-0.9703515625,2.82515625,-11.8824453125,-4.89449609375,-0.81609765625,2.85278125,0.482421875,-3.591234375,-1.89761328125,-2.33459375,-1.83830859375,-0.1448203125,-3.2495234375,-4.71562890625,-4.27408984375,0.919484375,-2.47741796875,-0.4866875,-0.26317578125,-3.692671875
-11.70271484375,-5.1527734375,-6.63457421875,-0.244023437499999,5.006390625,0.0141406249999996,1.57514453125,-9.9423828125,-2.8950078125,-1.06083203125,-0.9673515625,2.12415625,-9.9684453125,-3.04149609375,1.23490234375,2.60578125,0.640421875,-3.325234375,-0.58661328125,-1.68859375,-2.03230859375,0.4741796875,-1.1195234375,-3.95462890625,-4.01808984375,0.706484375,-1.05041796875,0.3873125,0.86682421875,-3.159671875
-11.83571484375,-5.8297734375,-7.26257421875,0.329976562500001,4.215390625,-0.148859375000001,0.92514453125,-11.2513828125,-2.7250078125,-0.988832031249999,-1.3773515625,1.12715625,-8.7534453125,-2.26249609375,1.90490234375,2.50678125,0.336421875,-3.512234375,0.0343867187500004,-1.50259375,-1.94930859375,0.8951796875,0.0564765625000003,-3.87162890625,-3.59408984375,0.428484375,-0.380417968749999,0.0733125000000001,0.76782421875,-2.947671875
-12.83371484375,-7.4737734375,-8.83157421875,-0.2620234375,3.102390625,-1.107859375,0.21814453125,-13.1683828125,-3.5660078125,-2.01683203125,-2.2663515625,-0.16684375,-8.5094453125,-2.62949609375,1.24090234375,2.44978125,-0.580578125,-4.238234375,-0.19561328125,-1.81659375,-1.69130859375,1.0501796875,0.2404765625,-4.56962890625,-3.21908984375,0.193484375,-0.488417968749999,-1.0706875,-0.32517578125,-3.171671875
-15.03371484375,-9.8067734375,-11.05457421875,-1.9580234375,1.743390625,-2.464859375,-0.48285546875,-15.3893828125,-4.9450078125,-3.56383203125,-3.4493515625,-1.54484375,-9.3024453125,-3.86849609375,-0.28809765625,2.43478125,-1.959578125,-5.339234375,-1.11861328125,-2.44859375,-1.29930859375,0.9881796875,-0.3265234375,-5.82762890625,-2.96408984375,0.239484375,-1.12241796875,-2.3366875,-1.78217578125,-3.700671875
-18.22871484375,-12.3077734375,-13.39957421875,-4.3530234375,0.403390625,-3.717859375,-0.98685546875,-17.4733828125,-6.3140078125,-4.96583203125,-4.5923515625,-2.68484375,-10.9494453125,-5.46849609375,-2.01009765625,2.52378125,-3.379578125,-6.474234375,-2.32461328125,-3.10259375,-0.79130859375,0.8531796875,-1.2155234375,-7.17262890625,-2.74408984375,0.757484375,-1.87041796875,-2.9916875,-2.86217578125,-4.229671875
-21.79171484375,-14.5037734375,-15.37657421875,-6.8560234375,-0.718609375,-4.549859375,-1.19485546875,-19.0563828125,-7.3070078125,-5.80083203125,-5.4563515625,-3.37784375,-13.0814453125,-6.93449609375,-3.41209765625,2.68478125,-4.396578125,-7.327234375,-3.40661328125,-3.58459375,-0.26230859375,0.7811796875,-2.0345234375,-8.15762890625,-2.47108984375,1.697484375,-2.38741796875,-2.6666875,-3.08717578125,-4.483671875
-24.98471484375,-16.2037734375,-16.76057421875,-8.9080234375,-1.645609375,-5.008859375,-1.22385546875,-20.0003828125,-7.8620078125,-6.08783203125,-6.0663515625,-3.67284375,-15.2484453125,-8.00349609375,-4.38409765625,2.70178125,-4.807578125,-7.796234375,-4.18861328125,-3.93859375,0.0706914062499999,0.8001796875,-2.6145234375,-8.60262890625,-2.20008984375,2.717484375,-2.58241796875,-1.5446875,-2.44717578125,-4.375671875
-27.24171484375,-17.5077734375,-17.60857421875,-10.1760234375,-2.586609375,-5.441859375,-1.35485546875,-20.4093828125,-8.1660078125,-6.21583203125,-6.6803515625,-3.85284375,-17.0244453125,-8.72049609375,-5.20009765625,2.25878125,-4.757578125,-8.036234375,-4.78161328125,-4.40459375,-0.0463085937500001,0.7781796875,-3.0375234375,-8.64562890625,-2.12008984375,3.352484375,-2.61041796875,-0.2286875,-1.33017578125,-4.008671875
-28.34971484375,-18.6377734375,-18.13857421875,-10.6390234375,-3.781609375,-6.239859375,-1.87585546875,-20.5443828125,-8.4880078125,-6.65183203125,-7.6013515625,-4.25684375,-18.1054453125,-9.32249609375,-6.26309765625,1.14878125,-4.621578125,-8.339234375,-5.43861328125,-5.23259375,-0.75730859375,0.4681796875,-3.4995234375,-8.59662890625,-2.41508984375,3.263484375,-2.72341796875,0.5813125,-0.27317578125,-3.589671875
-28.50071484375,-19.7677734375,-18.57757421875,-10.5240234375,-5.302609375,-7.560859375,-2.90585546875,-20.6943828125,-8.9840078125,-7.62383203125,-8.9493515625,-5.07584375,-18.4024453125,-10.02349609375,-7.79209765625,-0.53921875,-4.757578125,-8.934234375,-6.32661328125,-6.48559375,-1.97230859375,-0.3768203125,-4.1445234375,-8.72362890625,-3.11908984375,2.416484375,-3.10441796875,0.3943125,0.26982421875,-3.343671875
-28.18871484375,-20.9257734375,-19.06657421875,-10.1190234375,-6.925609375,-9.181859375,-4.28685546875,-21.0323828125,-9.5640078125,-8.96483203125,-10.5483515625,-6.23184375,-18.0694453125,-10.82649609375,-9.63909765625,-2.39521875,-5.264578125,-9.834234375,-7.37361328125,-7.97259375,-3.36430859375,-1.8618203125,-4.9645234375,-9.09562890625,-4.08308984375,1.088484375,-3.79941796875,-0.9376875,0.0388242187499999,-3.488671875
-27.98971484375,-22.0087734375,-19.63357421875,-9.6120234375,-8.181609375,-10.591859375,-5.62885546875,-21.5583828125,-9.9180078125,-10.19783203125,-11.9723515625,-7.40284375,-17.4294453125,-11.48849609375,-11.34809765625,-3.84721875,-5.900578125,-10.812234375,-8.28161328125,-9.31759375,-4.49130859375,-3.8558203125,-5.8205234375,-9.57162890625,-5.04108984375,-0.281515625,-4.73641796875,-3.2226875,-1.02017578125,-4.198671875
-28.28171484375,-22.8447734375,-20.21157421875,-9.0620234375,-8.609609375,-11.238859375,-6.50585546875,-22.1393828125,-9.7180078125,-10.78683203125,-12.7413515625,-8.17884375,-16.8094453125,-11.66049609375,-12.38309765625,-4.41121875,-6.219578125,-11.529234375,-8.68961328125,-10.14659375,-4.97830859375,-6.0018203125,-6.5235234375,-9.90962890625,-5.72908984375,-1.292515625,-5.76941796875,-6.0066875,-2.75917578125,-5.530671875
-29.04271484375,-23.2607734375,-20.68157421875,-8.4740234375,-8.028609375,-10.816859375,-6.66785546875,-22.6143828125,-8.8340078125,-10.41483203125,-12.5503515625,-8.26584375,-16.3864453125,-11.10849609375,-12.40409765625,-3.91221875,-5.852578125,-11.705234375,-8.38361328125,-10.24859375,-4.67930859375,-7.8158203125,-6.9155234375,-9.91662890625,-5.98208984375,-1.747515625,-6.71741796875,-8.6826875,-4.84017578125,-7.334671875
-29.83071484375,-23.1247734375,-20.87857421875,-7.8460234375,-6.614609375,-9.413859375,-6.13785546875,-22.8573828125,-7.4000078125,-9.12983203125,-11.4003515625,-7.63084375,-16.1234453125,-9.85949609375,-11.42909765625,-2.55021875,-4.758578125,-11.228234375,-7.41861328125,-9.66259375,-3.72230859375,-8.8148203125,-6.9185234375,-9.55362890625,-5.77208984375,-1.715515625,-7.39641796875,-10.6136875,-6.78217578125,-9.236671875
-29.97371484375,-22.3427734375,-20.61057421875,-7.1740234375,-4.782609375,-7.468859375,-5.16485546875,-22.7853828125,-5.7230078125,-7.31783203125,-9.5943515625,-6.50684375,-15.8184453125,-8.18649609375,-9.81809765625,-0.81221875,-3.286578125,-10.150234375,-6.08561328125,-8.63259375,-2.44630859375,-8.6268203125,-6.5205234375,-8.93762890625,-5.18308984375,-1.471515625,-7.65341796875,-11.2796875,-8.05917578125,-10.724671875
-28.92971484375,-20.8837734375,-19.71157421875,-6.4610234375,-3.024609375,-5.585859375,-4.12985546875,-22.3833828125,-4.1300078125,-5.52083203125,-7.6423515625,-5.30384375,-15.2264453125,-6.48849609375,-8.13109765625,0.72178125,-2.015578125,-8.634234375,-4.77761328125,-7.49559375,-1.26930859375,-7.0728203125,-5.7465234375,-8.26862890625,-4.36708984375,-1.335515625,-7.38341796875,-10.4236875,-8.23417578125,-11.310671875
-26.61771484375,-18.8237734375,-18.15657421875,-5.7600234375,-1.778609375,-4.314859375,-3.44185546875,-21.7363828125,-2.8700078125,-4.21783203125,-6.1073515625,-4.45284375,-14.1914453125,-5.13049609375,-6.92109765625,1.57378125,-1.482578125,-6.895234375,-3.84061328125,-6.55859375,-0.54930859375,-4.2518203125,-4.6395234375,-7.75362890625,-3.50208984375,-1.517515625,-6.57541796875,-8.1496875,-7.10317578125,-10.709671875
-23.50371484375,-16.3947734375,-16.12857421875,-5.1700234375,-1.308609375,-3.971859375,-3.40785546875,-21.0123828125,-2.0500078125,-3.67883203125,-5.4393515625,-4.25184375,-12.7324453125,-4.33249609375,-6.56109765625,1.50978125,-1.958578125,-5.156234375,-3.46561328125,-6.02559375,-0.50230859375,-0.5768203125,-3.3015234375,-7.55262890625,-2.77608984375,-2.037515625,-5.35241796875,-4.9546875,-4.82317578125,-8.992671875
-20.37171484375,-13.9367734375,-13.97457421875,-4.7690234375,-1.599609375,-4.560859375,-4.10885546875,-20.3943828125,-1.6140078125,-3.90883203125,-5.8183515625,-4.76984375,-11.0364453125,-4.12849609375,-7.12109765625,0.57378125,-3.383578125,-3.604234375,-3.65261328125,-5.98059375,-1.15130859375,3.2901796875,-1.9185234375,-7.74362890625,-2.37108984375,-2.761515625,-3.99241796875,-1.6106875,-1.93217578125,-6.620671875
-17.90671484375,-11.7767734375,-12.06157421875,-4.5310234375,-2.376609375,-5.797859375,-5.37685546875,-20.0243828125,-1.3780078125,-4.68883203125,-7.0863515625,-5.85784375,-9.3734453125,-4.40149609375,-8.34809765625,-0.96621875,-5.457578125,-2.356234375,-4.23261328125,-6.40059375,-2.34830859375,6.6341796875,-0.7335234375,-8.27862890625,-2.42408984375,-3.483515625,-2.83941796875,1.0733125,0.79282421875,-4.293671875
-16.38171484375,-10.1167734375,-10.62657421875,-4.3250234375,-3.259609375,-7.243859375,-6.90585546875,-19.9903828125,-1.1560078125,-5.68483203125,-8.8083515625,-7.26184375,-7.9794453125,-4.95649609375,-9.74409765625,-2.74221875,-7.782578125,-1.455234375,-4.93761328125,-7.16459375,-3.82530859375,8.9181796875,0.0474765625000004,-8.97262890625,-2.96208984375,-3.999515625,-2.16241796875,2.5453125,2.62282421875,-2.659671875
-15.59371484375,-8.9787734375,-9.70957421875,-3.9930234375,-3.950609375,-8.472859375,-8.39185546875,-20.3123828125,-0.8810078125,-6.56683203125,-10.4373515625,-8.73784375,-7.0014453125,-5.59649609375,-10.74209765625,-4.42021875,-9.966578125,-0.896234375,-5.49961328125,-8.07259375,-5.26330859375,9.9451796875,0.3404765625,-9.53462890625,-3.85108984375,-4.140515625,-2.02941796875,2.7163125,3.17682421875,-2.027671875
-15.01571484375,-8.2297734375,-9.16157421875,-3.4670234375,-4.318609375,-9.203859375,-9.60485546875,-20.8873828125,-0.6480078125,-7.12483203125,-11.5133515625,-10.08984375,-6.5044453125,-6.15849609375,-10.90109765625,-5.79421875,-11.644578125,-0.660234375,-5.71261328125,-8.87759375,-6.35130859375,9.8651796875,0.2164765625,-9.67562890625,-4.81408984375,-3.804515625,-2.28641796875,1.9743125,2.56882421875,-2.261671875
-14.09571484375,-7.6537734375,-8.73957421875,-2.8560234375,-4.424609375,-9.388859375,-10.40785546875,-21.4793828125,-0.6760078125,-7.33283203125,-11.8243515625,-11.13684375,-6.5174453125,-6.54749609375,-10.10609765625,-6.80621875,-12.510578125,-0.737234375,-5.50661328125,-9.36859375,-6.86630859375,9.0471796875,-0.1655234375,-9.25562890625,-5.53108984375,-3.014515625,-2.66141796875,0.9763125,1.30782421875,-2.917671875
-12.60671484375,-7.1047734375,-8.27457421875,-2.4700234375,-4.536609375,-9.236859375,-10.80385546875,-21.8253828125,-1.2340078125,-7.38183203125,-11.5093515625,-11.71884375,-7.0664453125,-6.80749609375,-8.67909765625,-7.53521875,-12.418578125,-1.173234375,-5.02361328125,-9.49959375,-6.77830859375,7.8421796875,-0.6935234375,-8.42062890625,-5.81608984375,-1.988515625,-2.96341796875,0.2773125,-0.0281757812500001,-3.552671875
-10.88371484375,-6.6747734375,-7.82657421875,-2.7080234375,-5.084609375,-9.184859375,-10.99085546875,-21.8043828125,-2.5440078125,-7.65883203125,-11.0483515625,-11.77084375,-8.1494453125,-7.17349609375,-7.34609765625,-8.17721875,-11.513578125,-2.081234375,-4.66161328125,-9.48459375,-6.31730859375,6.3961796875,-1.4295234375,-7.64562890625,-5.77408984375,-1.170515625,-3.25841796875,-0.00968750000000007,-1.13317578125,-4.016671875
-9.75471484375,-6.7267734375,-7.69157421875,-3.8230234375,-6.476609375,-9.751859375,-11.32585546875,-21.5513828125,-4.6580078125,-8.63183203125,-11.0933515625,-11.43684375,-9.6674453125,-8.01649609375,-6.99009765625,-8.99421875,-10.256578125,-3.598234375,-4.97761328125,-9.76459375,-5.93030859375,4.6111796875,-2.6365234375,-7.59862890625,-5.82508984375,-1.134515625,-3.89441796875,-0.2946875,-2.13217578125,-4.532671875
-10.11671484375,-7.6927734375,-8.21157421875,-5.7230234375,-8.828609375,-11.295859375,-12.15485546875,-21.3983828125,-7.3580078125,-10.61283203125,-12.1613515625,-11.06484375,-11.3824453125,-9.63949609375,-8.23609765625,-10.21521875,-9.271578125,-5.780234375,-6.43461328125,-10.78359375,-6.09230859375,2.3071796875,-4.6165234375,-8.83362890625,-6.51708984375,-2.335515625,-5.30641796875,-1.2396875,-3.43317578125,-5.514671875
-12.34971484375,-9.7107734375,-9.49057421875,-7.9490234375,-11.787609375,-13.744859375,-13.57685546875,-21.6693828125,-10.1570078125,-13.48283203125,-14.3043515625,-11.03184375,-12.9464453125,-12.01249609375,-11.04709765625,-11.85521875,-9.048578125,-8.481234375,-9.06561328125,-12.66059375,-7.03930859375,-0.5338203125,-7.4245234375,-11.42762890625,-8.18008984375,-4.821515625,-7.66341796875,-3.2836875,-5.35617578125,-7.205671875
-15.90371484375,-12.3357734375,-11.17657421875,-9.8300234375,-14.541609375,-16.463859375,-15.24585546875,-22.4333828125,-12.4080078125,-16.54183203125,-16.9263515625,-11.46684375,-13.9864453125,-14.61049609375,-14.55209765625,-13.55421875,-9.675578125,-11.286234375,-12.26261328125,-14.95259375,-8.54930859375,-3.5928203125,-10.6385234375,-14.76762890625,-10.62108984375,-8.056515625,-10.58941796875,-6.2556875,-7.78917578125,-9.378671875
-19.34071484375,-14.5507734375,-12.48757421875,-10.7120234375,-16.039609375,-18.376859375,-16.35785546875,-23.3533828125,-13.4780078125,-18.64183203125,-18.9003515625,-12.06284375,-14.2274453125,-16.50649609375,-17.25809765625,-14.57921875,-10.741578125,-13.553234375,-14.87061328125,-16.69559375,-9.93530859375,-6.2608203125,-13.3925234375,-17.64662890625,-13.07308984375,-11.023515625,-13.18041796875,-9.3506875,-10.10417578125,-11.325671875
-20.88371484375,-15.1357734375,-12.49157421875,-10.1580234375,-15.357609375,-18.358859375,-15.92085546875,-23.7423828125,-12.9470078125,-18.62083203125,-18.9933515625,-12.14684375,-13.5964453125,-16.71349609375,-17.61709765625,-14.07521875,-11.511578125,-14.607234375,-15.60261328125,-16.78359375,-10.30630859375,-7.9118203125,-14.6965234375,-18.69662890625,-14.48708984375,-12.609515625,-14.35941796875,-11.5056875,-11.42417578125,-12.179671875
-19.23171484375,-13.2197734375,-10.53557421875,-8.1120234375,-12.114609375,-15.734859375,-13.24485546875,-22.8753828125,-10.7930078125,-15.81883203125,-16.4263515625,-11.00484375,-12.2644453125,-14.65449609375,-14.70209765625,-11.47021875,-11.264578125,-14.009234375,-13.60561328125,-14.47759375,-8.98330859375,-8.2358203125,-13.8775234375,-16.96262890625,-14.00308984375,-12.075515625,-13.37041796875,-11.9266875,-11.05717578125,-11.367671875
-14.21671484375,-8.7527734375,-6.59557421875,-4.9610234375,-6.740609375,-10.640859375,-8.36685546875,-20.3793828125,-7.4650078125,-10.43883203125,-11.2883515625,-8.27484375,-10.5944453125,-10.46749609375,-8.66309765625,-6.81821875,-9.644578125,-11.764234375,-8.88161328125,-9.78459375,-5.84430859375,-7.3988203125,-10.8885234375,-12.33562890625,-11.34908984375,-9.370515625,-10.12641796875,-10.4466875,-8.83817578125,-8.880671875
-6.93371484375,-2.6117734375,-1.33757421875,-1.4600234375,-0.400609375,-4.047859375,-2.11585546875,-16.4733828125,-3.7850078125,-3.53883203125,-4.5623515625,-4.17484375,-9.0214453125,-5.00549609375,-0.72109765625,-0.87321875,-6.830578125,-8.353234375,-2.34461328125,-3.50659375,-1.40630859375,-5.9318203125,-6.3425234375,-5.62762890625,-6.95808984375,-5.129515625,-5.25841796875,-7.5546875,-5.19817578125,-5.261671875
0.75528515625,3.7402265625,4.16042578125,1.4999765625,5.434390625,2.576140625,4.20614453125,-11.9193828125,-0.6750078125,3.32016796875,2.2476484375,0.54415625,-7.9204453125,0.479503906250001,7.28490234375,5.14978125,-3.483578125,-4.573234375,4.52238671875,3.04340625,3.37569140625,-4.4428203125,-1.2835234375,1.73037109375,-1.78708984375,-0.395515625,0.131582031250001,-4.1386875,-1.01117578125,-1.375671875
7.03228515625,8.8742265625,8.84242578125,3.1979765625,9.539390625,7.799140625,9.34114453125,-7.7273828125,1.1679921875,8.63616796875,7.6996484375,4.87515625,-7.5204453125,4.81450390625,13.60090234375,10.02578125,-0.487578125,-1.276234375,10.21638671875,8.52140625,7.46869140625,-3.3568203125,3.1884765625,8.20937109375,3.04991015625,3.752484375,4.87258203125,-1.1206875,2.71982421875,1.893328125
10.84328515625,11.9792265625,12.06942578125,3.3569765625,11.362390625,10.752140625,12.50414453125,-4.7833828125,1.5269921875,11.51616796875,10.9226484375,7.93715625,-7.8454453125,7.31350390625,17.18290234375,12.97278125,1.393421875,0.906765625,13.73838671875,12.01640625,10.11969140625,-2.7928203125,6.2984765625,12.71037109375,6.65491015625,6.555484375,8.13558203125,0.8973125,5.20382421875,3.908328125
12.18228515625,13.1252265625,13.78642578125,2.2929765625,11.187390625,11.399140625,13.59214453125,-3.5163828125,0.769992187500001,11.96116796875,11.8656484375,9.29315625,-8.6604453125,7.99850390625,18.01490234375,13.91678125,1.821421875,1.783765625,14.90338671875,13.34040625,11.08269140625,-2.5498203125,7.8384765625,14.88437109375,8.61291015625,7.773484375,9.69458203125,1.8413125,6.15682421875,4.493328125
11.90128515625,13.1082265625,14.43442578125,0.822976562500001,9.961390625,10.473140625,13.14814453125,-3.7513828125,-0.265007812499999,10.77816796875,11.1986484375,9.09815625,-9.4544453125,7.52850390625,16.96690234375,13.44778125,0.998421875,1.681765625,14.30738671875,13.01040625,10.65869140625,-2.1668203125,8.1894765625,15.15837109375,9.06891015625,7.713484375,9.94458203125,2.1573125,5.90682421875,3.998328125
11.18728515625,12.9632265625,14.65642578125,-0.0970234374999999,8.826390625,9.066140625,12.07014453125,-4.8343828125,-0.640007812499999,9.13816796875,9.9266484375,7.99315625,-9.5634453125,6.85450390625,15.28690234375,12.49578125,-0.484578125,1.299765625,12.99138671875,11.95440625,9.51569140625,-1.0858203125,8.0874765625,14.43637109375,8.59491015625,7.057484375,9.65458203125,2.5403125,5.22282421875,3.146328125
10.96428515625,13.4002265625,14.90742578125,0.132976562500001,8.521390625,8.083140625,11.15114453125,-5.9983828125,0.1889921875,7.99016796875,8.8866484375,6.76415625,-8.4704453125,6.71450390625,13.95790234375,11.84878125,-1.956578125,1.320765625,11.90638671875,11.04740625,8.36069140625,1.0251796875,8.2154765625,13.62137109375,7.89291015625,6.543484375,9.55358203125,3.5193125,4.91682421875,2.698328125
11.46028515625,14.4202265625,15.18542578125,1.4169765625,9.010390625,7.818140625,10.70714453125,-6.7693828125,2.0449921875,7.63116796875,8.3756484375,5.96015625,-6.1574453125,7.23150390625,13.26390234375,11.78478125,-2.978578125,1.989765625,11.46838671875,10.71140625,7.62569140625,3.9181796875,8.8044765625,13.18537109375,7.46891015625,6.648484375,9.95958203125,5.1103125,5.42882421875,3.088328125
12.17828515625,15.3492265625,15.05342578125,3.0049765625,9.592390625,7.899140625,10.51114453125,-7.1423828125,4.0869921875,7.65916796875,8.0976484375,5.67615625,-3.2494453125,7.87350390625,12.78190234375,11.99078125,-3.470578125,2.934765625,11.43038671875,10.78240625,7.33369140625,6.6761796875,9.4914765625,13.01737109375,7.43091015625,7.413484375,10.63658203125,6.7783125,6.63682421875,4.248328125
12.27728515625,15.2892265625,13.97842578125,3.8889765625,9.392390625,7.623140625,10.04714453125,-7.4353828125,5.2819921875,7.33216796875,7.4606484375,5.63415625,-0.795445312499998,7.81450390625,11.78390234375,11.83678125,-3.625578125,3.409765625,11.15438671875,10.69640625,7.20269140625,8.0721796875,9.5504765625,12.61737109375,7.52591015625,8.487484375,10.98158203125,7.7463125,7.98582421875,5.688328125
11.14428515625,13.7222265625,11.77142578125,3.3179765625,7.900390625,6.452140625,8.91114453125,-7.9713828125,4.9759921875,6.11616796875,6.0186484375,5.46915625,0.225554687500003,6.48850390625,9.77990234375,10.80778125,-3.698578125,2.798765625,10.09238671875,9.88740625,6.89269140625,7.2741796875,8.3954765625,11.49237109375,7.36491015625,9.346484375,10.41558203125,7.4583125,8.82482421875,6.763328125
8.78628515625,10.8722265625,8.81242578125,1.1719765625,5.280390625,4.391140625,7.09914453125,-8.8033828125,3.2669921875,4.06716796875,3.8086484375,5.00515625,-0.579445312499997,4.00550390625,6.88390234375,8.86078125,-3.836578125,1.055765625,8.17838671875,8.15640625,6.21669140625,4.4171796875,6.0114765625,9.49437109375,6.67491015625,9.537484375,8.73958203125,5.8973125,8.72682421875,6.952328125
5.81628515625,7.5942265625,5.89242578125,-1.9410234375,2.327390625,2.024140625,5.04914453125,-9.6763828125,0.9649921875,1.84616796875,1.3816484375,4.36515625,-2.8104453125,1.14850390625,3.79690234375,6.47678125,-4.026578125,-1.213234375,5.88738671875,5.79740625,5.22569140625,0.6251796875,3.0204765625,6.92337109375,5.44491015625,8.850484375,6.22858203125,3.5663125,7.62782421875,6.038328125
3.07328515625,4.8862265625,3.76842578125,-4.8970234375,0.128390625,0.208140625,3.41414453125,-10.2223828125,-0.8130078125,0.34716796875,-0.4663515625,3.84915625,-5.4764453125,-1.02449609375,1.44490234375,4.41778125,-4.166578125,-3.084234375,3.95938671875,3.44040625,4.15169140625,-2.5888203125,0.3424765625,4.37137109375,3.89691015625,7.372484375,3.44258203125,1.1813125,5.76082421875,4.148328125
1.16728515625,3.3702265625,2.75942578125,-6.5060234375,-0.435609375,-0.375859375,2.71614453125,-10.2673828125,-1.2020078125,0.229167968750001,-1.0983515625,3.72715625,-7.4774453125,-1.73749609375,0.50990234375,3.35178125,-4.151578125,-3.831234375,2.97938671875,1.73840625,3.27069140625,-4.1538203125,-1.2905234375,2.43137109375,2.36791015625,5.452484375,0.937582031250001,-0.6986875,3.49182421875,1.700328125
0.25528515625,3.0882265625,2.64442578125,-6.0040234375,0.893390625,0.456140625,3.08614453125,-9.9853828125,0.0119921875000006,1.59416796875,-0.3303515625,4.09015625,-8.1004453125,-0.862496093749999,1.13590234375,3.55978125,-3.924578125,-3.296234375,3.09338671875,1.09340625,2.78469140625,-3.9708203125,-1.6645234375,1.45737109375,1.18091015625,3.594484375,-0.93041796875,-1.8626875,1.20482421875,-0.726671874999999
0.14728515625,3.6412265625,2.91242578125,-3.3620234375,3.685390625,2.358140625,4.26914453125,-9.7713828125,2.3719921875,3.97816796875,1.5326484375,4.86615625,-7.2694453125,1.08850390625,2.92090234375,4.88578125,-3.447578125,-1.907234375,4.00538671875,1.55140625,2.79669140625,-2.8678203125,-1.0925234375,1.47937109375,0.56091015625,2.281484375,-2.03641796875,-2.4136875,-0.75017578125,-2.548671875
0.562285156250002,4.5332265625,3.13842578125,0.721976562500001,7.078390625,4.681140625,5.82714453125,-9.9233828125,5.0649921875,6.59516796875,3.9056484375,5.93115625,-5.4864453125,3.28850390625,5.16790234375,6.89078125,-2.657578125,-0.379234375,5.21538671875,2.86940625,3.33669140625,-2.0528203125,-0.1535234375,2.26737109375,0.60891015625,1.820484375,-2.40241796875,-2.5776875,-2.08117578125,-3.363671875
1.33028515625,5.4372265625,3.21842578125,5.1099765625,10.175390625,6.784140625,7.34814453125,-10.4103828125,7.3539921875,8.67916796875,6.1836484375,7.19315625,-3.5284453125,5.00150390625,7.18390234375,9.07378125,-1.476578125,0.663765625,6.28438671875,4.65940625,4.38869140625,-2.4278203125,0.6414765625,3.45637109375,1.29891015625,2.258484375,-2.09541796875,-2.5056875,-2.58817578125,-3.064671875
2.40428515625,6.2762265625,3.33542578125,8.6599765625,12.329390625,8.252140625,8.53214453125,-10.8903828125,8.8709921875,9.76516796875,7.9306484375,8.56615625,-2.0934453125,5.85250390625,8.51790234375,11.01878125,0.102421875,0.946765625,6.98838671875,6.52140625,5.86669140625,-4.1388203125,1.0774765625,4.67637109375,2.49491015625,3.412484375,-1.17641796875,-2.1846875,-2.19917578125,-1.832671875
3.76828515625,7.1352265625,3.74342578125,10.6249765625,13.276390625,8.956140625,9.18914453125,-10.9303828125,9.6729921875,9.79716796875,8.9246484375,9.88715625,-1.5394453125,5.86750390625,9.04490234375,12.43778125,1.892421875,0.591765625,7.31638671875,8.13240625,7.57269140625,-6.5578203125,1.2694765625,5.64737109375,3.96291015625,4.935484375,0.28158203125,-1.4806875,-0.98217578125,-0.0206718749999997
5.37628515625,8.1412265625,4.58242578125,10.8849765625,13.160390625,9.002140625,9.23914453125,-10.2523828125,10.1129921875,9.06516796875,9.1446484375,10.87415625,-1.7804453125,5.36050390625,8.92690234375,13.14078125,3.468421875,-0.00223437500000045,7.39538671875,9.28640625,9.18269140625,-8.6228203125,1.5184765625,6.22737109375,5.39891015625,6.402484375,2.13958203125,-0.2726875,0.87282421875,1.986328125
7.13028515625,9.3672265625,5.79842578125,9.8819765625,12.399390625,8.606140625,8.71314453125,-8.8933828125,10.5999921875,8.01616796875,8.7016484375,11.18515625,-2.3824453125,4.75050390625,8.46790234375,13.01078125,4.277421875,-0.350234375,7.37938671875,9.87740625,10.29769140625,-9.2898203125,2.1044765625,6.40937109375,6.46991015625,7.381484375,4.14158203125,1.4343125,3.06882421875,3.840328125
8.84228515625,10.7302265625,7.12442578125,8.2859765625,11.411390625,7.948140625,7.69714453125,-7.2353828125,11.3339921875,7.02616796875,7.7496484375,10.52415625,-2.8084453125,4.34950390625,7.91190234375,11.99478125,3.861421875,-0.120234375,7.33538671875,9.84940625,10.54069140625,-7.9518203125,3.1024765625,6.22937109375,6.86391015625,7.533484375,5.92458203125,3.4493125,5.20682421875,5.214328125
10.18128515625,11.9232265625,8.12342578125,6.5889765625,10.367390625,7.073140625,6.25914453125,-5.9003828125,12.1409921875,6.21716796875,6.4086484375,8.76415625,-2.7264453125,4.21750390625,7.28890234375,10.12778125,2.088421875,0.676765625,7.15238671875,9.14240625,9.67369140625,-4.7278203125,4.2734765625,5.66237109375,6.36891015625,6.733484375,7.05058203125,5.3763125,6.79082421875,5.804328125
10.72328515625,12.4692265625,8.31142578125,4.8949765625,9.151390625,5.898140625,4.45914453125,-5.4943828125,12.5469921875,5.43616796875,4.7616484375,6.02815625,-2.1934453125,4.14350390625,6.41090234375,7.58278125,-0.749578125,1.656765625,6.57538671875,7.70740625,7.72069140625,-0.5148203125,5.1114765625,4.58037109375,4.95591015625,5.163484375,7.10858203125,6.6703125,7.31182421875,5.400328125
10.15628515625,11.9612265625,7.38942578125,3.0169765625,7.571390625,4.345140625,2.44414453125,-6.2983828125,12.0619921875,4.40716796875,2.9276484375,2.73015625,-1.5814453125,3.79150390625,5.05190234375,4.71678125,-4.003578125,2.248765625,5.37138671875,5.62340625,5.03169140625,3.3041796875,5.0624765625,2.86037109375,2.85191015625,3.285484375,5.88158203125,6.8163125,6.44382421875,4.018328125
8.51028515625,10.3412265625,5.45542578125,0.7869765625,5.588390625,2.508140625,0.50314453125,-8.0783828125,10.5009921875,2.99116796875,1.1486484375,-0.47584375,-1.2874453125,2.93550390625,3.19090234375,2.05078125,-6.891578125,2.009765625,3.53238671875,3.21340625,2.22869140625,5.4241796875,3.8504765625,0.56337109375,0.52691015625,1.672484375,3.52258203125,5.5843125,4.24982421875,1.998328125
6.23028515625,8.0252265625,3.03942578125,-1.6620234375,3.444390625,0.726140624999999,-0.96885546875,-10.1273828125,8.1669921875,1.37016796875,-0.2243515625,-2.85584375,-1.4284453125,1.63250390625,1.14590234375,0.15278125,-8.761578125,0.892765625,1.39538671875,1.03740625,0.0146914062499999,5.1961796875,1.6994765625,-1.93362890625,-1.43008984375,0.759484375,0.60858203125,3.2263125,1.26882421875,-0.0746718749999991
4.04328515625,5.7662265625,0.930425781249998,-3.8100234375,1.626390625,-0.500859375,-1.60285546875,-11.5173828125,5.7909921875,0.01216796875,-0.8353515625,-3.82084375,-1.7404453125,0.265503906250001,-0.50109765625,-0.56221875,-9.276578125,-0.689234375,-0.44261328125,-0.285593749999999,-1.08530859375,2.9151796875,-0.6965234375,-4.01162890625,-2.53208984375,0.646484375,-2.03341796875,0.4613125,-1.63617578125,-1.607671875
2.67728515625,4.3422265625,-0.134574218750002,-4.9540234375,0.682390625,-0.735859375,-1.21085546875,-11.4653828125,4.2589921875,-0.55883203125,-0.4953515625,-3.15684375,-1.7474453125,-0.594496093749999,-1.16909765625,-0.0212187499999999,-8.471578125,-2.033234375,-1.35961328125,-0.36459375,-0.92530859375,-0.3598203125,-2.4815234375,-5.06062890625,-2.58708984375,1.051484375,-3.66441796875,-1.7816875,-3.61517578125,-2.292671875
2.56828515625,4.2152265625,0.214425781249998,-4.6040234375,0.940390625,0.156140625,0.0871445312499999,-9.6783828125,4.2129921875,-0.0648320312499999,0.6966484375,-1.13684375,-1.1034453125,-0.460496093749999,-0.58909765625,1.43678125,-6.691578125,-2.499234375,-1.00561328125,0.74440625,0.20769140625,-3.3398203125,-3.0405234375,-4.77862890625,-1.77908984375,1.481484375,-3.94641796875,-2.7606875,-4.18217578125,-2.218671875
3.66028515625,5.3192265625,1.77842578125,-2.8090234375,2.272390625,1.889140625,1.83014453125,-6.5093828125,5.7299921875,1.33816796875,2.3256484375,1.53515625,0.139554687500002,0.796503906250001,1.02490234375,3.16378125,-4.463578125,-1.850234375,0.50838671875,2.53840625,1.73169140625,-5.1008203125,-2.2885234375,-3.33762890625,-0.57508984375,1.514484375,-3.05841796875,-2.2626875,-3.39317578125,-1.737671875
5.40928515625,7.0692265625,3.83642578125,-0.177023437499999,4.102390625,3.844140625,3.37214453125,-2.8363828125,8.2869921875,3.09616796875,3.8066484375,3.98315625,1.5195546875,2.81950390625,3.05690234375,4.45978125,-2.345578125,-0.385234375,2.62538671875,4.29240625,3.02469140625,-5.4258203125,-0.6965234375,-1.31262890625,0.49791015625,1.021484375,-1.57341796875,-0.6976875,-1.79117578125,-1.218671875
7.04728515625,8.6332265625,5.46042578125,2.4309765625,5.703390625,5.350140625,4.18414453125,0.341617187499999,11.0299921875,4.51416796875,4.6416484375,5.50615625,2.4315546875,4.88850390625,4.78890234375,4.85978125,-0.779578125,1.227765625,4.58138671875,5.38640625,3.68069140625,-4.7548203125,0.9494765625,0.57037109375,1.07691015625,0.182484375,-0.182417968749999,1.0973125,-0.16417578125,-0.889671874999999
7.95728515625,9.3212265625,5.96242578125,4.3039765625,6.555390625,5.994140625,4.09414453125,2.3356171875,13.1669921875,5.08016796875,4.6536484375,5.85915625,2.4755546875,6.23850390625,5.74190234375,4.34878125,0.00542187500000013,2.300765625,5.73538671875,5.56840625,3.64669140625,-3.8568203125,1.9264765625,1.73237109375,1.09391015625,-0.647515625,0.589582031250001,2.2493125,0.76882421875,-0.832671874999999
7.95428515625,8.9022265625,5.20042578125,5.1439765625,6.531390625,5.775140625,3.32314453125,2.9886171875,14.2449921875,4.68916796875,4.0486484375,5.29515625,1.6685546875,6.38350390625,5.85190234375,3.35578125,-0.0085781250000001,2.444765625,5.80538671875,5.01940625,3.19169140625,-3.4288203125,1.8794765625,1.93537109375,0.76691015625,-1.131515625,0.575582031250001,2.2433125,0.63382421875,-1.030671875
7.31228515625,7.6642265625,3.58242578125,5.0969765625,5.857390625,5.022140625,2.30114453125,2.5906171875,14.2229921875,3.62416796875,3.2646484375,4.35615625,0.406554687500002,5.30050390625,5.39390234375,2.52778125,-0.693578125,1.693765625,4.91738671875,4.19240625,2.72969140625,-3.7898203125,0.9184765625,1.29437109375,0.45091015625,-1.089515625,-0.0344179687499997,1.1303125,-0.45917578125,-1.393671875
6.56428515625,6.2382265625,1.81242578125,4.5909765625,4.943390625,4.156140625,1.42614453125,1.6086171875,13.3719921875,2.35316796875,2.7076484375,3.54515625,-0.767445312499998,3.40150390625,4.74490234375,2.36878125,-1.874578125,0.428765625,3.47138671875,3.51940625,2.59069140625,-4.7698203125,-0.5145234375,0.129371093750001,0.42291015625,-0.566515625,-0.868417968749999,-0.5326875,-1.99917578125,-1.766671875
6.19228515625,5.2812265625,0.515425781249998,4.0609765625,4.168390625,3.441140625,0.86814453125,0.411617187499999,12.1009921875,1.26216796875,2.5306484375,3.06015625,-1.4404453125,1.33550390625,4.12290234375,2.93078125,-3.381578125,-0.849234375,1.91038671875,3.14940625,2.81969140625,-5.8468203125,-1.9065234375,-1.24362890625,0.69491015625,0.158484375,-1.62141796875,-1.9936875,-3.35717578125,-2.018671875
6.33728515625,5.1442265625,-0.0685742187500029,3.6819765625,3.676390625,2.853140625,0.50514453125,-0.891382812500002,10.7479921875,0.48116796875,2.5526484375,2.71115625,-1.5184453125,-0.311496093749999,3.46290234375,3.71678125,-5.079578125,-1.772234375,0.51538671875,2.85540625,3.09169140625,-6.4618203125,-2.9325234375,-2.67262890625,0.945910156250001,0.638484375,-2.24741796875,-2.7236875,-4.15517578125,-2.152671875
6.66128515625,5.6512265625,-0.224574218750002,3.2939765625,3.295390625,2.127140625,-0.0048554687500002,-2.4253828125,9.4539921875,-0.137832031249999,2.3576484375,2.04115625,-1.2444453125,-1.25849609375,2.47990234375,3.87978125,-6.916578125,-2.279234375,-0.69261328125,2.16640625,2.81469140625,-6.3508203125,-3.5865234375,-4.20062890625,0.63791015625,0.385484375,-2.98141796875,-2.7006875,-4.46217578125,-2.355671875
6.48928515625,6.1282265625,-0.606574218750003,2.5829765625,2.686390625,0.941140625,-1.00385546875,-4.3743828125,8.1699921875,-0.90683203125,1.5166484375,0.59515625,-1.0364453125,-1.60449609375,0.89190234375,2.63978125,-8.932578125,-2.600234375,-1.87161328125,0.653406250000001,1.41069140625,-5.6658203125,-4.1325234375,-5.94662890625,-0.72208984375,-0.940515625,-4.15841796875,-2.3666875,-4.69117578125,-2.888671875
5.21628515625,5.7632265625,-1.84257421875,1.4039765625,1.626390625,-0.850859375000001,-2.59785546875,-6.7623828125,6.8169921875,-2.08683203125,-0.1523515625,-1.78684375,-1.2434453125,-1.69049609375,-1.34109765625,-0.28121875,-11.186578125,-3.046234375,-3.17261328125,-1.77359375,-1.33930859375,-4.8278203125,-4.8765234375,-7.91762890625,-3.26108984375,-3.318515625,-5.94441796875,-2.2886875,-5.25117578125,-3.851671875
2.74328515625,4.1022265625,-4.11457421875,-0.020023437499999,0.216390625,-3.082859375,-4.55885546875,-9.3243828125,5.4529921875,-3.69383203125,-2.4583515625,-4.82084375,-1.9514453125,-1.85749609375,-3.90409765625,-4.44721875,-13.584578125,-3.781234375,-4.57261328125,-4.73459375,-5.07730859375,-4.2508203125,-5.9205234375,-9.88462890625,-6.57608984375,-6.257515625,-8.11641796875,-2.7646875,-6.21217578125,-5.017671875
-0.379714843749998,1.3712265625,-6.99057421875,-1.1710234375,-1.146609375,-5.310859375,-6.43385546875,-11.5593828125,4.3159921875,-5.45183203125,-4.8973515625,-7.85784375,-2.9744453125,-2.26749609375,-6.24209765625,-8.86021875,-15.756578125,-4.711234375,-5.86061328125,-7.51059375,-8.94130859375,-4.1578203125,-7.0755234375,-11.43762890625,-9.84008984375,-8.922515625,-10.09841796875,-3.6516875,-7.23517578125,-5.885671875
-3.22971484375,-1.6227734375,-9.63557421875,-1.5140234375,-1.965609375,-7.008859375,-7.76185546875,-12.9163828125,3.7049921875,-6.91683203125,-6.8793515625,-10.14384375,-4.0094453125,-2.88149609375,-7.81809765625,-12.39621875,-17.131578125,-5.581234375,-6.77761328125,-9.35959375,-11.90830859375,-4.5468203125,-7.9865234375,-12.19062890625,-12.15108984375,-10.488515625,-11.23141796875,-4.5016875,-7.80117578125,-5.971671875
-5.01271484375,-3.9197734375,-11.22757421875,-0.805023437499999,-1.897609375,-7.804859375,-8.25985546875,-13.0183828125,3.7589921875,-7.71683203125,-7.9723515625,-11.12384375,-4.8304453125,-3.56349609375,-8.35809765625,-14.26021875,-17.207578125,-6.160234375,-7.18761328125,-9.84559375,-13.23430859375,-5.2658203125,-8.3835234375,-12.00762890625,-12.92208984375,-10.542515625,-11.13341796875,-4.8636875,-7.55117578125,-5.129671875
-5.43671484375,-4.8747734375,-11.33957421875,0.742976562500001,-0.916609375,-7.620859375,-7.89385546875,-11.8223828125,4.2989921875,-7.70883203125,-8.0353515625,-10.62884375,-5.4044453125,-4.19849609375,-7.92809765625,-14.24021875,-15.830578125,-6.386234375,-7.15161328125,-8.98959375,-12.73930859375,-6.1268203125,-8.2385234375,-11.06362890625,-12.09308984375,-9.233515625,-9.88841796875,-4.5446875,-6.50817578125,-3.667671875
-4.77171484375,-4.4097734375,-10.09557421875,2.5259765625,0.654390625,-6.654859375,-6.85685546875,-9.6603828125,4.8619921875,-6.99983203125,-7.2143515625,-8.89984375,-5.8604453125,-4.73049609375,-6.84109765625,-12.66421875,-13.299578125,-6.378234375,-6.85461328125,-7.19059375,-10.80330859375,-6.9818203125,-7.7455234375,-9.73262890625,-10.06108984375,-7.111515625,-7.95241796875,-3.6686875,-5.03017578125,-2.142671875
-3.59971484375,-2.9427734375,-8.05457421875,3.8469765625,2.305390625,-5.249859375,-5.44885546875,-7.0983828125,4.9669921875,-5.84083203125,-5.8333515625,-6.45784375,-6.3454453125,-5.11049609375,-5.46509765625,-10.15521875,-10.235578125,-6.299234375,-6.44861328125,-4.99959375,-8.11030859375,-7.7358203125,-7.1545234375,-8.36362890625,-7.41508984375,-4.786515625,-5.88541796875,-2.5436875,-3.55417578125,-0.990671874999999
-2.43271484375,-1.0937734375,-5.89757421875,4.2579765625,3.603390625,-3.753859375,-3.94985546875,-4.7083828125,4.4329921875,-4.50683203125,-4.2613515625,-3.90784375,-6.8854453125,-5.21949609375,-4.08509765625,-7.35721875,-7.337578125,-6.205234375,-5.94161328125,-2.90059375,-5.32130859375,-8.3128203125,-6.6065234375,-7.11862890625,-4.67408984375,-2.692515625,-4.08741796875,-1.4686875,-2.35017578125,-0.258671874999999
-1.43371484375,0.6382265625,-4.11157421875,3.7559765625,4.358390625,-2.423859375,-2.54085546875,-2.8533828125,3.5119921875,-3.22183203125,-2.8163515625,-1.74684375,-7.3594453125,-4.87549609375,-2.85409765625,-4.76921875,-5.154578125,-5.985234375,-5.21561328125,-1.18459375,-2.88030859375,-8.6168203125,-6.0785234375,-5.96762890625,-2.16608984375,-1.066515625,-2.70341796875,-0.6136875,-1.43717578125,0.346328125
-0.40171484375,2.0522265625,-2.79857421875,2.7149765625,4.623390625,-1.402859375,-1.31085546875,-1.5973828125,2.7269921875,-2.11683203125,-1.7073515625,-0.23484375,-7.6064453125,-3.93049609375,-1.83209765625,-2.69121875,-3.945578125,-5.457234375,-4.15361328125,0.0574062500000005,-0.99430859375,-8.5408203125,-5.4365234375,-4.80762890625,-0.0540898437499999,-0.039515625,-1.68541796875,-0.0286875000000002,-0.67917578125,1.163328125
0.980285156250002,3.1972265625,-1.73757421875,1.6819765625,4.594390625,-0.721859375,-0.28485546875,-0.7563828125,2.5569921875,-1.22083203125,-1.0023515625,0.62815625,-7.5464453125,-2.38649609375,-1.03909765625,-1.23921875,-3.645578125,-4.512234375,-2.76261328125,0.87840625,0.29969140625,-8.0268203125,-4.5625234375,-3.60462890625,1.57891015625,0.309484375,-0.931417968749999,0.2903125,0.0328242187500001,2.270328125
2.82028515625,4.1832265625,-0.633574218750002,1.1699765625,4.507390625,-0.324859375,0.56514453125,-0.0413828125000002,3.1859921875,-0.501832031249999,-0.6343515625,1.03115625,-7.2354453125,-0.465496093749999,-0.48809765625,-0.39421875,-3.932578125,-3.233234375,-1.23561328125,1.37640625,1.05369140625,-7.1468203125,-3.4655234375,-2.45662890625,2.65291015625,-0.00551562500000002,-0.40941796875,0.3213125,0.64282421875,3.364328125
4.80428515625,4.9902265625,0.593425781249998,1.4739765625,4.539390625,-0.139859375,1.27614453125,0.7636171875,4.4139921875,0.0551679687500002,-0.4813515625,1.19615625,-6.8294453125,1.40850390625,-0.22809765625,-0.0772187499999999,-4.369578125,-1.909234375,0.0763867187500002,1.59940625,1.33569140625,-6.1558203125,-2.3485234375,-1.58362890625,3.06091015625,-0.850515625,-0.222417968749999,-0.0286875000000002,0.88382421875,3.876328125
6.26128515625,5.3972265625,1.64842578125,2.5269765625,4.680390625,-0.160859375,1.80414453125,1.6586171875,5.7239921875,0.36316796875,-0.4923515625,1.21415625,-6.4984453125,2.69150390625,-0.36209765625,-0.21921875,-4.597578125,-0.968234375,0.74338671875,1.48840625,1.17869140625,-5.4828203125,-1.5855234375,-1.23962890625,2.68591015625,-2.008515625,-0.573417968749999,-0.9116875,0.37582421875,3.259328125
6.48628515625,5.0862265625,1.97642578125,3.8859765625,4.710390625,-0.456859375000001,1.99714453125,2.4196171875,6.4799921875,0.24716796875,-0.7213515625,1.01515625,-6.3414453125,2.88750390625,-0.99909765625,-0.77421875,-4.446578125,-0.809234375,0.41838671875,0.93340625,0.59569140625,-5.5518203125,-1.5675234375,-1.57762890625,1.49691015625,-3.241515625,-1.61141796875,-2.3976875,-1.11617578125,1.329328125
5.17528515625,3.8962265625,1.13442578125,4.9409765625,4.372390625,-1.062859375,1.72514453125,2.7936171875,6.2139921875,-0.413832031249999,-1.2163515625,0.50715625,-6.3124453125,1.78450390625,-2.11109765625,-1.63521875,-3.934578125,-1.576234375,-0.95861328125,-0.0655937499999997,-0.31930859375,-6.5148203125,-2.4695234375,-2.49162890625,-0.29908984375,-4.299515625,-3.21741796875,-4.2696875,-3.37917578125,-1.471671875
2.69028515625,2.0302265625,-0.826574218750002,5.2509765625,3.636390625,-1.835859375,1.08914453125,2.7396171875,4.8649921875,-1.50883203125,-1.8493515625,-0.22284375,-6.2214453125,-0.367496093749999,-3.41409765625,-2.52521875,-3.167578125,-3.004234375,-3.01861328125,-1.24259375,-1.30630859375,-8.0598203125,-4.0715234375,-3.54762890625,-2.18908984375,-4.896515625,-4.89741796875,-5.9366875,-5.64917578125,-4.116671875
-0.0767148437500005,0.0522265624999996,-3.26657421875,4.7649765625,2.777390625,-2.427859375,0.46114453125,2.4926171875,2.8089921875,-2.63483203125,-2.2743515625,-0.85384375,-5.8414453125,-2.89649609375,-4.39709765625,-3.02121875,-2.280578125,-4.490234375,-5.04361328125,-2.10659375,-1.98830859375,-9.4758203125,-5.7775234375,-4.13662890625,-3.49308984375,-4.768515625,-5.91841796875,-6.6316875,-6.89717578125,-5.424671875
-2.19371484375,-1.3947734375,-5.29157421875,3.7899765625,2.205390625,-2.448859375,0.28814453125,2.3796171875,0.6839921875,-3.25183203125,-2.1123515625,-1.01084375,-5.0784453125,-4.98649609375,-4.56109765625,-2.77221875,-1.462578125,-5.370234375,-6.27461328125,-2.17659375,-2.08630859375,-9.9918203125,-6.8755234375,-3.79062890625,-3.70308984375,-3.841515625,-5.67241796875,-5.8306875,-6.40317578125,-4.712671875
-3.20471484375,-1.9437734375,-6.26857421875,2.8069765625,2.229390625,-1.700859375,0.79914453125,2.5556171875,-0.887007812499999,-2.96283203125,-1.2183515625,-0.53384375,-4.0534453125,-6.02849609375,-3.69209765625,-1.75521875,-0.987578125,-5.243234375,-6.26861328125,-1.28859375,-1.62030859375,-9.1618203125,-6.8745234375,-2.46862890625,-2.79208984375,-2.354515625,-4.03441796875,-3.5966875,-4.20217578125,-2.206671875
-3.28771484375,-1.6577734375,-6.13057421875,2.2799765625,2.945390625,-0.304859375,1.88314453125,2.9066171875,-1.4820078125,-1.71583203125,0.2026484375,0.38815625,-3.0144453125,-5.81849609375,-1.99209765625,-0.36721875,-1.127578125,-4.102234375,-5.05461328125,0.283406250000001,-0.92330859375,-7.0528203125,-5.7225234375,-0.58762890625,-1.23808984375,-0.809515625,-1.44841796875,-0.5746875,-1.06517578125,1.087328125
-2.97471484375,-0.887773437500002,-5.29057421875,2.5109765625,4.270390625,1.380140625,3.16514453125,3.1866171875,-0.9650078125,0.20416796875,1.7086484375,1.32715625,-2.1294453125,-4.51849609375,0.0369023437500005,0.76978125,-1.958578125,-2.243234375,-3.03961328125,1.97040625,-0.43730859375,-4.1538203125,-3.7575234375,1.22537109375,0.24291015625,0.287484375,1.30258203125,2.3583125,1.93582421875,3.955328125
-2.69871484375,0.0202265624999995,-4.27857421875,3.5429765625,6.014390625,2.950140625,4.21114453125,3.2396171875,0.530992187500001,2.34516796875,2.8686484375,1.88315625,-1.3634453125,-2.48349609375,1.85490234375,1.15278125,-3.236578125,-0.0602343750000003,-0.76861328125,3.20940625,-0.44330859375,-1.1278203125,-1.5015234375,2.47137109375,1.08791015625,0.700484375,3.48858203125,4.5083125,3.98382421875,5.597328125
-2.49671484375,0.9072265625,-3.41757421875,5.1339765625,7.933390625,4.132140625,4.73714453125,3.1446171875,2.6749921875,4.27616796875,3.4616484375,1.89315625,-0.533445312499998,-0.0994960937499991,3.11190234375,0.67778125,-4.475578125,2.113765625,1.29538671875,3.70540625,-0.90530859375,1.4201796875,0.5684765625,2.98337109375,1.12991015625,0.555484375,4.71558203125,5.6113125,4.80882421875,5.920328125
-2.03371484375,1.8072265625,-2.70457421875,6.8409765625,9.769390625,4.822140625,4.70714453125,3.1556171875,5.0199921875,5.68416796875,3.5156484375,1.48215625,0.525554687500001,2.27750390625,3.72490234375,-0.32321875,-5.214578125,4.052765625,2.86038671875,3.50940625,-1.52930859375,3.0741796875,2.1324765625,2.91537109375,0.58391015625,0.210484375,4.97158203125,5.7963125,4.64082421875,5.389328125
-0.886714843749999,2.8062265625,-1.95357421875,8.1759765625,11.251390625,5.028140625,4.28314453125,3.5086171875,7.0849921875,6.38016796875,3.1936484375,0.925156250000001,1.8065546875,4.31750390625,3.78290234375,-1.28721875,-5.281578125,5.609765625,3.78438671875,2.90240625,-1.97630859375,3.6741796875,3.0464765625,2.55637109375,-0.16408984375,-0.012515625,4.49558203125,5.3973125,3.92382421875,4.598328125
1.09128515625,3.8832265625,-1.04157421875,8.7409765625,12.077390625,4.760140625,3.65114453125,4.2056171875,8.4149921875,6.26816796875,2.6126484375,0.42915625,3.0975546875,5.70450390625,3.39190234375,-1.74421875,-4.877578125,6.673765625,4.01238671875,2.17540625,-2.10930859375,3.3211796875,3.3054765625,2.13337109375,-0.81308984375,-0.043515625,3.59058203125,4.7483125,3.02882421875,3.878328125
3.57928515625,4.8122265625,-0.0815742187500028,8.3339765625,11.953390625,3.990140625,2.86614453125,4.9776171875,8.6609921875,5.32516796875,1.7606484375,0.00615625000000009,4.0615546875,6.18350390625,2.57690234375,-1.56021875,-4.410578125,7.151765625,3.52738671875,1.47940625,-2.08130859375,2.3091796875,2.9944765625,1.70037109375,-1.29208984375,-0.093515625,2.49458203125,4.0763125,2.13882421875,3.190328125
5.85028515625,5.2142265625,0.588425781249997,7.0009765625,10.736390625,2.689140625,1.86314453125,5.4316171875,7.6879921875,3.61316796875,0.5476484375,-0.50784375,4.3655546875,5.63550390625,1.29890234375,-0.98821875,-4.232578125,6.986765625,2.35638671875,0.79740625,-2.22830859375,0.9781796875,2.2394765625,1.16237109375,-1.73108984375,-0.479515625,1.34158203125,3.4853125,1.29582421875,2.304328125
7.04828515625,4.6982265625,0.589425781249998,5.0089765625,8.553390625,0.899140624999999,0.55814453125,5.2816171875,5.6509921875,1.30116796875,-1.0703515625,-1.30984375,3.7925546875,4.13250390625,-0.468097656249999,-0.53121875,-4.442578125,6.157765625,0.593386718750001,0.0134062500000001,-2.85830859375,-0.4668203125,1.1394765625,0.347371093750001,-2.34108984375,-1.403515625,0.16658203125,2.9603125,0.48982421875,1.062328125
6.51728515625,3.0492265625,-0.300574218750002,2.6969765625,5.757390625,-1.235859375,-1.05985546875,4.4786171875,2.9429921875,-1.33583203125,-3.0063515625,-2.48384375,2.3085546875,1.90250390625,-2.66709765625,-0.70921875,-4.880578125,4.672765625,-1.61361328125,-0.99459375,-4.08230859375,-2.0508203125,-0.2695234375,-0.89662890625,-3.28908984375,-2.813515625,-1.08041796875,2.3633125,-0.32817578125,-0.488671875
4.07628515625,0.3632265625,-1.99957421875,0.3369765625,2.786390625,-3.463859375,-2.87685546875,3.2456171875,0.0669921875000004,-3.94483203125,-5.0283515625,-3.90284375,0.0945546875000023,-0.715496093749999,-5.10409765625,-1.80221875,-5.266578125,2.601765625,-4.05861328125,-2.26259375,-5.74730859375,-3.9088203125,-1.9795234375,-2.60662890625,-4.60408984375,-4.402515625,-2.46841796875,1.4903125,-1.23717578125,-2.118671875
0.177285156250001,-2.8847734375,-4.08557421875,-1.8940234375,0.0583906250000001,-5.439859375,-4.61085546875,2.0426171875,-2.4820078125,-6.13983203125,-6.7833515625,-5.19884375,-2.4314453125,-3.29849609375,-7.42409765625,-3.66521875,-5.344578125,0.182765625,-6.43961328125,-3.66559375,-7.45230859375,-6.0358203125,-3.8955234375,-4.59262890625,-6.12108984375,-5.694515625,-3.96841796875,0.2253125,-2.27717578125,-3.491671875
-4.13571484375,-5.9027734375,-5.87757421875,-3.7990234375,-2.027609375,-6.771859375,-5.80685546875,1.4616171875,-4.2680078125,-7.54683203125,-7.8723515625,-5.84284375,-4.6474453125,-5.36349609375,-9.15409765625,-5.71421875,-4.956578125,-2.121234375,-8.33661328125,-4.90059375,-8.64430859375,-8.0818203125,-5.7265234375,-6.40862890625,-7.47508984375,-6.168515625,-5.35141796875,-1.2916875,-3.33117578125,-4.243671875
-7.57071484375,-7.8277734375,-6.69357421875,-5.0790234375,-3.132609375,-7.122859375,-5.98385546875,2.0136171875,-4.9670078125,-7.89783203125,-7.9813515625,-5.35884375,-5.8814453125,-6.44849609375,-9.84509765625,-7.14821875,-4.038578125,-3.727234375,-9.30161328125,-5.57359375,-8.81630859375,-9.4318203125,-7.0175234375,-7.47662890625,-8.21008984375,-5.435515625,-6.20541796875,-2.6426875,-4.10117578125,-4.074671875
-9.11871484375,-8.0997734375,-6.16357421875,-5.3910234375,-3.087609375,-6.379859375,-4.89585546875,3.8596171875,-4.4550078125,-7.13983203125,-7.0633515625,-3.58584375,-5.6734453125,-6.28849609375,-9.29009765625,-7.32521875,-2.606578125,-4.207234375,-9.05061328125,-5.38959375,-7.73930859375,-9.5248203125,-7.3435234375,-7.34562890625,-7.98808984375,-3.445515625,-6.11441796875,-3.2966875,-4.22317578125,-2.881671875
-8.48471484375,-6.7527734375,-4.42657421875,-4.5140234375,-1.966609375,-4.746859375,-2.71785546875,6.6756171875,-2.8740078125,-5.50983203125,-5.4073515625,-0.82984375,-4.0124453125,-4.96549609375,-7.66109765625,-6.07721875,-0.783578125,-3.539234375,-7.64461328125,-4.32959375,-5.60730859375,-8.2198203125,-6.5595234375,-5.93962890625,-6.78108984375,-0.623515625,-4.91141796875,-2.8806875,-3.47117578125,-0.864671874999999
-6.14471484375,-4.3907734375,-2.04357421875,-2.4940234375,-0.028609375,-2.680859375,0.0231445312499998,9.7916171875,-0.6090078125,-3.46683203125,-3.5103515625,2.24515625,-1.3994453125,-2.90849609375,-5.44909765625,-3.77421875,1.183421875,-2.129234375,-5.48661328125,-2.67059375,-2.98430859375,-5.9108203125,-4.8995234375,-3.60362890625,-4.90208984375,2.208484375,-2.81141796875,-1.3856875,-1.88117578125,1.502328125
-2.98971484375,-1.8457734375,0.314425781249998,0.322976562500001,2.396390625,-0.673859375,2.68714453125,12.4946171875,1.8309921875,-1.49183203125,-1.8213515625,4.91615625,1.3535546875,-0.698496093749999,-3.22209765625,-1.11021875,2.951421875,-0.574234375,-3.11461328125,-0.841593749999999,-0.55330859375,-3.3368203125,-2.8525234375,-0.92462890625,-2.83508984375,4.170484375,-0.302417968749999,0.8263125,0.25682421875,3.667328125
0.139285156250001,0.2382265625,2.17842578125,3.3809765625,4.988390625,0.969140625,4.78114453125,14.3226171875,3.9569921875,0.13516796875,-0.5203515625,6.70615625,3.4705546875,1.18950390625,-1.34009765625,1.23378125,4.180421875,0.664765625,-0.95461328125,0.79740625,1.16869140625,-1.2138203125,-0.8925234375,1.54837109375,-0.98708984375,4.754484375,2.09858203125,3.1913125,2.54082421875,5.245328125
2.72428515625,1.6292265625,3.40142578125,6.0919765625,7.469390625,2.226140625,6.10114453125,15.1806171875,5.4269921875,1.42616796875,0.5036484375,7.51515625,4.5355546875,2.57750390625,0.15990234375,2.84178125,4.656421875,1.461765625,0.83838671875,2.10440625,2.00769140625,0.0751796875,0.7364765625,3.51137109375,0.46791015625,4.060484375,4.07958203125,5.1873125,4.61782421875,6.181328125
4.55928515625,2.4552265625,4.06742578125,8.0319765625,9.647390625,3.284140625,6.74314453125,15.2806171875,6.1309921875,2.59916796875,1.5136484375,7.56615625,4.6235546875,3.59750390625,1.48890234375,3.62978125,4.366421875,2.019765625,2.35338671875,3.14440625,2.11669140625,0.6091796875,2.0554765625,4.93937109375,1.57691015625,2.693484375,5.59858203125,6.5333125,6.28682421875,6.706328125
5.58228515625,2.9682265625,4.31842578125,9.0329765625,11.409390625,4.362140625,6.98214453125,14.9486171875,6.1969921875,3.87716796875,2.7016484375,7.21115625,4.1915546875,4.51850390625,2.87390234375,3.74378125,3.484421875,2.675765625,3.76038671875,4.05740625,1.80569140625,0.8171796875,3.2344765625,5.97237109375,2.46391015625,1.397484375,6.77458203125,7.2343125,7.49582421875,7.129328125
5.71928515625,3.2952265625,4.19542578125,9.1459765625,12.648390625,5.517140625,7.06914453125,14.4006171875,5.8999921875,5.30816796875,4.0196484375,6.71915625,3.7795546875,5.50450390625,4.33490234375,3.37678125,2.265421875,3.650765625,5.12038671875,4.88340625,1.31269140625,1.1881796875,4.3934765625,6.71937109375,3.15891015625,0.639484375,7.70158203125,7.4593125,8.23282421875,7.566328125
4.84028515625,3.2962265625,3.57442578125,8.5359765625,13.191390625,6.563140625,7.05714453125,13.6076171875,5.5109921875,6.69016796875,5.1476484375,6.15415625,3.7095546875,6.45450390625,5.59590234375,2.62878125,0.941421875,4.871765625,6.27438671875,5.47440625,0.66669140625,1.9601796875,5.4644765625,7.13237109375,3.52391015625,0.402484375,8.30558203125,7.3413125,8.41682421875,7.793328125
2.87728515625,2.6302265625,2.24642578125,7.4419765625,12.870390625,7.146140625,6.80514453125,12.3616171875,5.1959921875,7.64516796875,5.6316484375,5.40215625,3.9585546875,7.03350390625,6.18990234375,1.49978125,-0.309578125,5.982765625,6.89638671875,5.54440625,-0.25030859375,2.9581796875,6.1844765625,7.02537109375,3.33291015625,0.291484375,8.36058203125,6.8473125,7.88682421875,7.365328125
0.00428515625000259,1.0112265625,0.113425781249997,6.1679765625,11.656390625,6.932140625,6.12314453125,10.5106171875,4.9919921875,7.80716796875,5.1316484375,4.33415625,4.2495546875,6.88050390625,5.72090234375,-0.00221874999999994,-1.312578125,6.520765625,6.68338671875,4.85840625,-1.50630859375,3.6651796875,6.2224765625,6.21937109375,2.44491015625,-0.148515625,7.63058203125,5.8043125,6.51982421875,5.926328125
-3.25271484375,-1.5047734375,-2.62257421875,5.0289765625,9.739390625,5.809140625,4.93614453125,8.1746171875,4.8249921875,7.01416796875,3.6126484375,2.95815625,4.2785546875,5.82750390625,4.09690234375,-1.72621875,-1.866578125,6.126765625,5.53238671875,3.40140625,-2.95830859375,3.5071796875,5.3704765625,4.70437109375,0.929910156250001,-1.139515625,6.05258203125,4.0563125,4.36182421875,3.487328125
-6.11671484375,-4.4237734375,-5.43857421875,4.2399765625,7.463390625,3.969140625,3.35414453125,5.7856171875,4.5699921875,5.41116796875,1.3926484375,1.45215625,3.9055546875,4.01950390625,1.63090234375,-3.35521875,-1.805578125,4.731765625,3.63038671875,1.43640625,-4.26630859375,2.1941796875,3.6864765625,2.70637109375,-0.93408984375,-2.593515625,3.81358203125,1.6343125,1.68682421875,0.464328125000001
-7.83871484375,-6.9477734375,-7.66857421875,3.8939765625,5.252390625,1.870140625,1.66214453125,3.9236171875,4.1469921875,3.42416796875,-0.9463515625,0.0951562500000005,3.2395546875,1.91250390625,-1.04309765625,-4.50221875,-1.127578125,2.647765625,1.41838671875,-0.57159375,-5.06630859375,-0.0018203125,1.5274765625,0.63937109375,-2.77208984375,-4.235515625,1.30058203125,-1.1336875,-1.06717578125,-2.512671875
-7.99271484375,-8.2837734375,-8.76957421875,4.0249765625,3.560390625,0.111140625,0.26414453125,3.0406171875,3.6409921875,1.64316796875,-2.7353515625,-0.85184375,2.6105546875,0.159503906250001,-3.16309765625,-4.85121875,-0.0665781249999999,0.551765625,-0.50961328125,-2.10359375,-5.15630859375,-2.2278203125,-0.5125234375,-1.00662890625,-4.22408984375,-5.777515625,-1.00541796875,-3.6316875,-3.39217578125,-4.856671875
-6.63271484375,-7.9617734375,-8.54857421875,4.6779765625,2.788390625,-0.743859375,-0.43585546875,3.2026171875,3.3219921875,0.64816796875,-3.4153515625,-1.22984375,2.4425546875,-0.578496093749999,-4.07009765625,-4.27121875,0.963421875,-0.698234375,-1.56161328125,-2.73359375,-4.57430859375,-3.3508203125,-1.7645234375,-1.79662890625,-4.99908984375,-6.973515625,-2.61041796875,-5.0996875,-4.78717578125,-6.136671875
-4.25671484375,-6.0417734375,-7.25157421875,5.8529765625,3.126390625,-0.367859375,-0.19285546875,4.0086171875,3.5069921875,0.82316796875,-2.7233515625,-1.03184375,3.0635546875,0.116503906250001,-3.42409765625,-2.85421875,1.557421875,-0.413234375,-1.35061328125,-2.24259375,-3.53330859375,-2.4678203125,-1.6915234375,-1.46362890625,-4.89408984375,-7.580515625,-3.08141796875,-4.8826875,-4.81917578125,-6.048671875
-1.59371484375,-3.1287734375,-5.45757421875,7.3719765625,4.414390625,1.170140625,0.94414453125,4.7886171875,4.3379921875,2.17216796875,-0.8163515625,-0.41084375,4.5255546875,2.18850390625,-1.34509765625,-0.90621875,1.501421875,1.573765625,0.12338671875,-0.71859375,-2.30630859375,0.6131796875,-0.1205234375,-0.0236289062499999,-3.85408984375,-7.362515625,-2.16741796875,-2.7026875,-3.21617578125,-4.402671875
0.648285156250001,-0.166773437500002,-3.84457421875,8.7999765625,6.133390625,3.361140625,2.61214453125,4.9766171875,5.6189921875,4.22916796875,1.7236484375,0.35515625,6.4835546875,5.03650390625,1.56290234375,1.10478125,0.870421875,4.724765625,2.39038671875,1.40340625,-1.15030859375,5.1791796875,2.5964765625,2.15437109375,-2.07608984375,-6.229515625,0.0195820312500006,1.1263125,-0.0641757812500001,-1.276671875
1.97728515625,1.9102265625,-2.94157421875,9.5069765625,7.546390625,5.384140625,4.21814453125,4.4396171875,6.8239921875,6.15016796875,4.0436484375,0.94115625,8.2745546875,7.65850390625,4.34490234375,2.64978125,-0.0285781250000001,7.926765625,4.59838671875,3.41040625,-0.30330859375,9.8071796875,5.6004765625,4.37837109375,-0.06108984375,-4.399515625,2.88758203125,5.6543125,4.01682421875,2.764328125
2.15928515625,2.4992265625,-2.98157421875,8.9069765625,7.935390625,6.407140625,5.12914453125,3.5296171875,7.2819921875,7.02416796875,5.2936484375,1.09715625,9.1755546875,9.00650390625,5.99790234375,3.28878125,-0.789578125,9.898765625,5.80338671875,4.52740625,0.0116914062499998,12.8761796875,7.7944765625,5.81037109375,1.49091015625,-2.421515625,5.48258203125,9.5323125,7.89382421875,6.628328125
1.19728515625,1.5112265625,-3.88557421875,6.7819765625,6.888390625,5.935140625,4.91714453125,2.8476171875,6.4809921875,6.27316796875,4.9676484375,0.75415625,8.7675546875,8.42750390625,5.87090234375,2.84378125,-1.070578125,9.728765625,5.35238671875,4.24040625,-0.35230859375,13.2031796875,8.2724765625,5.80037109375,1.94791015625,-0.973515625,6.84458203125,11.4993125,10.28182421875,9.039328125
-0.68671484375,-0.6527734375,-5.33657421875,3.5149765625,4.527390625,4.051140625,3.57814453125,2.9086171875,4.3409921875,3.93916796875,3.1406484375,0.0771562499999998,7.1645546875,5.96450390625,3.96690234375,1.50378125,-0.715578125,7.283765625,3.20538671875,2.54940625,-1.36130859375,10.5391796875,6.7274765625,4.20537109375,1.05091015625,-0.558515625,6.44258203125,10.9343125,10.32682421875,9.131328125
-3.03971484375,-3.2727734375,-6.87757421875,0.0189765625000007,1.505390625,1.389140625,1.58414453125,3.8846171875,1.3049921875,0.69816796875,0.4736484375,-0.60784375,4.9745546875,2.37650390625,0.96990234375,-0.23221875,0.206421875,3.277765625,-0.00361328124999982,-0.00559375000000006,-2.74930859375,5.6781796875,3.6164765625,1.50737109375,-0.94408984375,-1.271515625,4.43658203125,8.1573125,8.04182421875,6.917328125
-5.25971484375,-5.5697734375,-8.02557421875,-2.6630234375,-1.282609375,-1.135859375,-0.31885546875,5.5716171875,-1.8490078125,-2.41183203125,-2.0533515625,-0.95784375,2.9825546875,-1.16949609375,-2.04609765625,-1.75921875,1.455421875,-1.056234375,-3.23561328125,-2.58259375,-4.09530859375,0.0951796875,-0.0405234374999996,-1.37262890625,-3.38108984375,-2.783515625,1.58558203125,4.2513125,4.29482421875,3.294328125
-6.77171484375,-6.9407734375,-8.38557421875,-3.8480234375,-3.111609375,-2.726859375,-1.42985546875,7.5666171875,-4.3340078125,-4.43083203125,-3.5523515625,-0.75284375,1.7675546875,-3.56349609375,-4.09909765625,-2.61721875,2.753421875,-4.496234375,-5.50061328125,-4.40859375,-4.98430859375,-4.6898203125,-3.1105234375,-3.49062890625,-5.50908984375,-4.509515625,-1.13541796875,0.5263125,0.35982421875,-0.423671874999999
-7.22471484375,-7.0957734375,-7.72157421875,-3.4830234375,-3.680609375,-2.985859375,-1.33985546875,9.5366171875,-5.6540078125,-4.84383203125,-3.5493515625,0.0641562499999999,1.4935546875,-4.16249609375,-4.67509765625,-2.61121875,3.918421875,-6.279234375,-6.24261328125,-5.06359375,-5.13730859375,-7.6698203125,-4.7975234375,-4.27662890625,-6.75508984375,-5.845515625,-2.95841796875,-2.0406875,-2.65717578125,-3.107671875
-6.56771484375,-6.0537734375,-6.00657421875,-2.0720234375,-3.113609375,-1.992859375,-0.00885546875000021,11.3606171875,-5.7240078125,-3.72983203125,-2.0953515625,1.42715625,1.9655546875,-2.95849609375,-3.84709765625,-1.79421875,4.922421875,-6.244234375,-5.46961328125,-4.54659375,-4.44130859375,-8.5428203125,-4.8715234375,-3.70862890625,-6.86308984375,-6.332515625,-3.56241796875,-3.0696875,-4.17117578125,-4.188671875
-5.04371484375,-4.1027734375,-3.47857421875,-0.396023437499999,-1.826609375,-0.196859375000001,2.24314453125,13.0616171875,-4.8290078125,-1.65383203125,0.3216484375,3.17715625,2.8575546875,-0.514496093749999,-2.14009765625,-0.37621875,5.849421875,-4.745234375,-3.65661328125,-3.17559375,-2.94430859375,-7.5628203125,-3.6155234375,-2.22962890625,-5.87208984375,-5.732515625,-3.05241796875,-2.7276875,-4.16817578125,-3.697671875
-3.16071484375,-1.7617734375,-0.680574218750003,0.816976562500001,-0.361609375,1.779140625,4.83014453125,14.6276171875,-3.4710078125,0.599167968750001,2.9616484375,5.06015625,3.8865546875,2.26250390625,-0.27309765625,1.33478125,6.792421875,-2.453234375,-1.52161328125,-1.43959375,-0.84930859375,-5.2648203125,-1.6245234375,-0.527628906249999,-4.06308984375,-4.056515625,-1.82041796875,-1.5046875,-3.04717578125,-2.092671875
-1.61671484375,0.2892265625,1.61642578125,1.1449765625,0.791390625,3.351140625,7.08014453125,15.9146171875,-2.1560078125,2.31816796875,5.0876484375,6.74815625,4.8615546875,4.43650390625,1.10390234375,2.96778125,7.781421875,-0.155234375,0.21138671875,0.13640625,1.49869140625,-2.2518203125,0.4064765625,0.73337109375,-1.87708984375,-1.549515625,-0.367417968749999,0.0123124999999997,-1.40117578125,-0.00767187499999977
-1.12571484375,1.3952265625,2.67042578125,0.584976562500001,1.362390625,4.164140625,8.48014453125,16.7036171875,-1.2110078125,3.09416796875,6.2206484375,7.92715625,5.6135546875,5.34550390625,1.61090234375,4.16578125,8.759421875,1.439765625,1.04338671875,1.12440625,3.68969140625,0.8951796875,1.8804765625,1.13637109375,0.19091015625,1.342484375,0.84558203125,1.3073125,0.18782421875,1.954328125
-2.14971484375,1.1652265625,2.10442578125,-0.5510234375,1.352390625,4.184140625,8.84014453125,16.8346171875,-0.746007812499999,2.91816796875,6.2926484375,8.40315625,5.9585546875,4.80650390625,1.22690234375,4.70278125,9.621421875,1.872765625,0.84438671875,1.31640625,5.35369140625,3.6351796875,2.4394765625,0.62737109375,1.72691015625,4.053484375,1.52258203125,2.0403125,1.29182421875,3.372328125
-4.65071484375,-0.337773437500001,0.102425781249998,-1.8740234375,0.937390625,3.650140625,8.28014453125,16.2816171875,-0.7450078125,2.11216796875,5.6106484375,8.15315625,5.7515546875,3.12550390625,0.24790234375,4.56178125,10.254421875,1.046765625,-0.132613281249999,0.78840625,6.26669140625,5.5041796875,2.0514765625,-0.51062890625,2.50991015625,6.027484375,1.60158203125,2.1133125,1.70882421875,4.068328125
-7.99371484375,-2.5767734375,-2.61657421875,-3.1060234375,0.330390625,2.926140625,7.10214453125,15.1886171875,-1.1810078125,1.14316796875,4.6656484375,7.31215625,4.9945546875,0.924503906250001,-0.86309765625,3.93478125,10.581421875,-0.763234375,-1.38461328125,-0.13359375,6.40369140625,6.2111796875,0.993476562500001,-1.80362890625,2.55491015625,6.875484375,1.24058203125,1.6533125,1.46982421875,4.092328125
-11.06271484375,-4.6977734375,-5.04357421875,-4.1190234375,-0.277609375,2.330140625,5.67014453125,13.8746171875,-2.0260078125,0.40616796875,3.8906484375,6.13215625,3.8935546875,-1.10949609375,-1.66209765625,3.13378125,10.615421875,-2.994234375,-2.36661328125,-1.00259375,5.94669140625,5.7541796875,-0.2705234375,-2.77062890625,2.07891015625,6.515484375,0.72058203125,0.9323125,0.78482421875,3.660328125
-12.59071484375,-5.7987734375,-6.23857421875,-4.8680234375,-0.752609375,2.011140625,4.32614453125,12.7686171875,-3.2010078125,0.0921679687500001,3.4936484375,4.91915625,2.7845546875,-2.45849609375,-1.87409765625,2.46278125,10.483421875,-4.997234375,-2.68861328125,-1.43459375,5.20769140625,4.4551796875,-1.2615234375,-3.09062890625,1.39891015625,5.205484375,0.315582031250001,0.2263125,-0.0501757812500001,3.065328125
-11.65071484375,-5.2627734375,-5.68257421875,-5.3400234375,-1.057609375,1.926140625,3.31114453125,12.2526171875,-4.5360078125,0.155167968750001,3.4206484375,3.95315625,1.9455546875,-2.91249609375,-1.46809765625,2.10278125,10.365421875,-6.269234375,-2.25361328125,-1.25459375,4.49669140625,2.8291796875,-1.6535234375,-2.70462890625,0.80091015625,3.449484375,0.19958203125,-0.3166875,-0.76917578125,2.560328125
-8.08271484375,-3.0007734375,-3.47857421875,-5.5460234375,-1.252609375,1.907140625,2.73014453125,12.4916171875,-5.7810078125,0.38716796875,3.4426484375,3.40915625,1.4385546875,-2.57549609375,-0.63109765625,2.07278125,10.383421875,-6.630234375,-1.27561328125,-0.54759375,3.99969140625,1.3451796875,-1.3725234375,-1.81162890625,0.43591015625,1.781484375,0.39058203125,-0.7276875,-1.24517578125,2.256328125
-2.61071484375,0.5042265625,-0.275574218750002,-5.4980234375,-1.404609375,1.801140625,2.57614453125,13.3816171875,-6.6420078125,0.548167968750001,3.3446484375,3.32015625,1.0995546875,-1.75549609375,0.34690234375,2.27078125,10.515421875,-6.236234375,-0.15861328125,0.42040625,3.74169140625,0.2491796875,-0.5935234375,-0.76462890625,0.29491015625,0.567484375,0.77458203125,-1.1626875,-1.51517578125,2.068328125
3.43428515625,4.4022265625,3.04342578125,-5.1900234375,-1.482609375,1.578140625,2.78714453125,14.6156171875,-6.8610078125,0.50016796875,3.0746484375,3.60515625,0.687554687500002,-0.78949609375,1.20690234375,2.56178125,10.610421875,-5.426234375,0.68938671875,1.34640625,3.63969140625,-0.4538203125,0.3604765625,0.0953710937499999,0.26291015625,-0.090515625,1.17558203125,-1.7736875,-1.72817578125,1.773328125
8.60628515625,7.7812265625,5.70542578125,-4.6160234375,-1.400609375,1.330140625,3.23814453125,15.7996171875,-6.3380078125,0.26216796875,2.7436484375,4.08715625,0.0815546875000024,0.0675039062500007,1.79090234375,2.83478125,10.472421875,-4.537234375,1.01138671875,1.99940625,3.56369140625,-0.8988203125,1.1544765625,0.55737109375,0.19591015625,-0.333515625,1.43458203125,-2.6186875,-2.03717578125,1.147328125
11.76528515625,9.9032265625,7.20542578125,-3.8530234375,-1.174609375,1.155140625,3.69214453125,16.5256171875,-5.2340078125,-0.05983203125,2.4716484375,4.50315625,-0.626445312499998,0.647503906250001,2.02490234375,2.98178125,9.946421875,-3.793234375,0.72338671875,2.23040625,3.36769140625,-1.2418203125,1.5364765625,0.54937109375,-0.0540898437499999,-0.456515625,1.43958203125,-3.6496875,-2.52317578125,0.102328125000001
12.29328515625,10.2842265625,7.27142578125,-3.0980234375,-1.025609375,1.012140625,3.81014453125,16.4326171875,-3.9460078125,-0.40483203125,2.2126484375,4.51315625,-1.1874453125,0.81650390625,1.84990234375,2.83878125,8.946421875,-3.314234375,-0.13361328125,1.91240625,2.88369140625,-1.5968203125,1.3674765625,0.0573710937500005,-0.64208984375,-0.813515625,1.09858203125,-4.7686875,-3.18717578125,-1.284671875
10.13528515625,8.7132265625,5.76242578125,-2.6120234375,-1.300609375,0.690140625,3.24814453125,15.2906171875,-2.9280078125,-0.85183203125,1.6966484375,3.79015625,-1.3444453125,0.44950390625,1.17590234375,2.16478125,7.453421875,-3.155234375,-1.46361328125,0.900406250000001,1.94769140625,-2.0068203125,0.6134765625,-0.95362890625,-1.71908984375,-1.708515625,0.314582031250001,-5.8936875,-3.99117578125,-2.836671875
5.78028515625,5.3062265625,2.69042578125,-2.5760234375,-2.271609375,-0.0758593750000003,1.81714453125,13.0906171875,-2.4570078125,-1.56083203125,0.5946484375,2.18115625,-0.955445312499998,-0.501496093749999,-0.0780976562499998,0.74878125,5.570421875,-3.324234375,-3.12161328125,-0.894593749999999,0.48669140625,-2.4468203125,-0.6335234375,-2.51362890625,-3.35008984375,-3.247515625,-0.964417968749999,-6.9326875,-4.86517578125,-4.348671875
0.203285156250001,0.601226562499999,-1.63357421875,-2.9520234375,-3.934609375,-1.393859375,-0.37885546875,10.1196171875,-2.5020078125,-2.60883203125,-1.2243515625,-0.13084375,-0.0384453124999986,-1.90949609375,-1.87109765625,-1.39621875,3.594421875,-3.741234375,-4.88661328125,-3.35359375,-1.36030859375,-2.8178203125,-2.1135234375,-4.52362890625,-5.38708984375,-5.194515625,-2.62741796875,-7.7006875,-5.65917578125,-5.581671875
-5.27571484375,-4.4307734375,-6.46957421875,-3.4410234375,-5.948609375,-3.081859375,-2.89085546875,6.9486171875,-2.7660078125,-3.86883203125,-3.5043515625,-2.58084375,1.2385546875,-3.44349609375,-3.95709765625,-3.89221875,2.015421875,-4.216234375,-6.45161328125,-6.05659375,-3.18730859375,-2.9648203125,-3.4255234375,-6.66462890625,-7.40808984375,-6.955515625,-4.33641796875,-7.8866875,-6.10817578125,-6.240671875
-9.30471484375,-8.5877734375,-10.72257421875,-3.6390234375,-7.769609375,-4.723859375,-5.05485546875,4.2916171875,-2.8870078125,-5.04883203125,-5.6573515625,-4.41584375,2.5875546875,-4.68449609375,-5.92709765625,-6.07721875,1.352421875,-4.525234375,-7.51061328125,-8.39259375,-4.44130859375,-2.7468203125,-4.1755234375,-8.45862890625,-8.85308984375,-7.809515625,-5.63141796875,-7.1916875,-5.92817578125,-6.057671875
-10.91471484375,-10.8247734375,-13.29257421875,-3.3130234375,-8.952609375,-5.896859375,-6.28485546875,2.7446171875,-2.6750078125,-5.85183203125,-7.0633515625,-5.03784375,3.6405546875,-5.33549609375,-7.38009765625,-7.29721875,1.873421875,-4.551234375,-7.90261328125,-9.82659375,-4.70130859375,-2.1418203125,-4.1675234375,-9.48262890625,-9.28208984375,-7.289515625,-6.14941796875,-5.5976875,-5.03117578125,-4.983671875
-9.87171484375,-10.6577734375,-13.52957421875,-2.5910234375,-9.409609375,-6.377859375,-6.35885546875,2.5396171875,-2.2310078125,-6.12383203125,-7.3913515625,-4.30384375,4.0435546875,-5.35749609375,-8.08609765625,-7.21021875,3.408421875,-4.369234375,-7.69461328125,-10.14159375,-3.92030859375,-1.3048203125,-3.5005234375,-9.55662890625,-8.60708984375,-5.478515625,-5.79841796875,-3.5056875,-3.66117578125,-3.299671875
-6.76471484375,-8.3667734375,-11.53457421875,-1.8800234375,-9.404609375,-6.191859375,-5.48185546875,3.4746171875,-1.8370078125,-5.87883203125,-6.7203515625,-2.56284375,3.6255546875,-4.92549609375,-8.03209765625,-5.90321875,5.406421875,-4.153234375,-7.10161328125,-9.46759375,-2.44630859375,-0.4638203125,-2.4765234375,-8.75062890625,-7.09208984375,-2.966515625,-4.74441796875,-1.5816875,-2.26917578125,-1.492671875
-2.77371484375,-4.8767734375,-8.11557421875,-1.5710234375,-9.295609375,-5.515859375,-4.10285546875,5.0436171875,-1.7340078125,-5.23283203125,-5.4283515625,-0.45684375,2.5315546875,-4.26149609375,-7.35809765625,-3.80021875,7.221421875,-3.994234375,-6.31361328125,-8.12559375,-0.80230859375,0.2661796875,-1.4015234375,-7.24362890625,-5.18108984375,-0.527515625,-3.25741796875,-0.3856875,-1.22717578125,0.0403281250000003
0.74628515625,-1.3817734375,-4.43557421875,-1.8070234375,-9.285609375,-4.560859375,-2.68185546875,6.6286171875,-1.9750078125,-4.35083203125,-3.9743515625,1.36215625,1.2025546875,-3.51449609375,-6.27709765625,-1.47621875,8.416421875,-3.793234375,-5.39661328125,-6.45459375,0.57269140625,0.9791796875,-0.4305234375,-5.20462890625,-3.29608984375,1.284484375,-1.58041796875,-0.0826875,-0.61917578125,1.192328125
2.69128515625,1.0832265625,-1.57957421875,-2.4780234375,-9.395609375,-3.534859375,-1.57685546875,7.6696171875,-2.4680078125,-3.43183203125,-2.7353515625,2.42715625,0.173554687500001,-2.77149609375,-5.04909765625,0.49178125,8.913421875,-3.361234375,-4.34161328125,-4.74459375,1.47069140625,1.8801796875,0.4314765625,-2.80362890625,-1.73108984375,2.350484375,0.0925820312500005,-0.4216875,-0.27617578125,2.106328125
2.54228515625,1.9702265625,-0.205574218750002,-3.3660234375,-9.567609375,-2.638859375,-1.00885546875,7.8016171875,-3.0730078125,-2.69383203125,-1.9393515625,2.54815625,-0.196445312499998,-2.11449609375,-3.94509765625,1.64878125,8.934421875,-2.596234375,-3.18161328125,-3.25459375,1.89469140625,3.0511796875,1.2324765625,-0.29462890625,-0.65208984375,2.930484375,1.58258203125,-0.9546875,0.0228242187499998,2.984328125
0.532285156250001,1.3542265625,-0.378574218750002,-4.2530234375,-9.735609375,-2.029859375,-1.02785546875,7.0016171875,-3.6320078125,-2.30883203125,-1.6373515625,1.82515625,0.148554687500003,-1.62749609375,-3.18209765625,1.78278125,8.816421875,-1.575234375,-2.04561328125,-2.21059375,1.98769140625,4.3071796875,1.9774765625,1.97537109375,-0.10008984375,3.428484375,2.72158203125,-1.2926875,0.39482421875,3.911328125
-2.38871484375,-0.1407734375,-1.60757421875,-4.9640234375,-9.795609375,-1.748859375,-1.47585546875,5.6486171875,-3.9370078125,-2.30183203125,-1.6983515625,0.603156250000001,1.0155546875,-1.33049609375,-2.84109765625,1.00978125,8.833421875,-0.489234375,-1.10061328125,-1.74859375,1.94269140625,5.2751796875,2.6334765625,3.66637109375,0.00791015625000036,4.123484375,3.43258203125,-1.2146875,0.84382421875,4.839328125
-4.83471484375,-1.5827734375,-3.04057421875,-5.3690234375,-9.608609375,-1.675859375,-2.03085546875,4.4116171875,-3.7560078125,-2.48883203125,-1.8513515625,-0.63184375,2.1175546875,-1.11249609375,-2.82109765625,-0.22321875,9.074421875,0.490765625,-0.42761328125,-1.80659375,1.94169140625,5.6561796875,3.2104765625,4.61637109375,-0.11808984375,5.015484375,3.83058203125,-0.6266875,1.37682421875,5.688328125
-5.48571484375,-2.0787734375,-3.77457421875,-5.3800234375,-9.026609375,-1.549859375,-2.32185546875,3.9686171875,-2.9150078125,-2.51283203125,-1.7583515625,-1.40884375,3.2105546875,-0.73649609375,-2.86609765625,-1.27621875,9.432421875,1.328765625,0.0563867187499998,-2.09759375,2.11069140625,5.4691796875,3.8344765625,4.94837109375,-0.18008984375,5.855484375,4.23658203125,0.5463125,2.10882421875,6.474328125
-3.63971484375,-1.1177734375,-3.19757421875,-4.9500234375,-7.935609375,-1.070859375,-2.05285546875,4.7036171875,-1.3860078125,-2.00183203125,-1.1163515625,-1.42384375,4.1555546875,0.068503906250001,-2.65509765625,-1.54821875,9.672421875,2.121765625,0.57538671875,-2.18359375,2.51669140625,5.0701796875,4.7084765625,5.03137109375,0.11691015625,6.325484375,5.04258203125,2.3783125,3.24582421875,7.345328125
0.425285156250002,1.2282265625,-1.23857421875,-4.0910234375,-6.315609375,-0.0398593750000007,-1.09385546875,6.5196171875,0.6779921875,-0.759832031249999,0.2216484375,-0.64684375,4.8995546875,1.44350390625,-1.94109765625,-0.72321875,9.563421875,2.986765625,1.37538671875,-1.67159375,3.15169140625,4.9081796875,5.9654765625,5.29037109375,0.95291015625,6.227484375,6.48258203125,4.8403125,4.93982421875,8.471328125
5.48328515625,4.2982265625,1.56842578125,-2.9360234375,-4.340609375,1.501140625,0.42814453125,8.8526171875,2.9339921875,1.07116796875,2.1356484375,0.65215625,5.4025546875,3.24550390625,-0.686097656249999,1.06378125,8.986421875,3.905765625,2.52738671875,-0.434593749999999,3.93069140625,5.1681796875,7.5034765625,5.95837109375,2.29091015625,5.611484375,8.43358203125,7.6503125,7.09682421875,9.868328125
9.81828515625,7.0812265625,4.28042578125,-1.7770234375,-2.464609375,3.212140625,2.10314453125,10.8976171875,4.8909921875,3.01316796875,4.2036484375,1.98415625,5.5705546875,5.00650390625,0.85690234375,3.24578125,8.004421875,4.643765625,3.81538671875,1.26140625,4.68469140625,5.5791796875,8.9344765625,6.91237109375,3.84491015625,4.747484375,10.39258203125,10.2043125,9.29282421875,11.296328125
11.92828515625,8.6132265625,5.94542578125,-1.0090234375,-1.309609375,4.545140625,3.35014453125,11.9486171875,6.0509921875,4.40916796875,5.8126484375,2.82515625,5.2475546875,6.08250390625,2.19890234375,5.02178125,6.838421875,4.830765625,4.77838671875,2.83240625,5.19169140625,5.5411796875,9.7064765625,7.71337109375,5.15191015625,3.974484375,11.65958203125,11.7153125,10.87282421875,12.296328125
11.14628515625,8.3662265625,6.03542578125,-0.949023437499999,-1.395609375,4.960140625,3.67314453125,11.7046171875,6.0949921875,4.68016796875,6.3816484375,2.82515625,4.3235546875,5.94350390625,2.79390234375,5.67678125,5.778421875,4.162765625,4.92838671875,3.61040625,5.24169140625,4.5011796875,9.3364765625,7.81637109375,5.71491015625,3.500484375,11.61258203125,11.4983125,11.17482421875,12.344328125
7.87028515625,6.4602265625,4.66642578125,-1.6840234375,-2.867609375,4.158140625,2.88914453125,10.3546171875,5.0119921875,3.58516796875,5.6156484375,1.95415625,2.8725546875,4.43250390625,2.26290234375,4.87078125,5.047421875,2.588765625,3.99538671875,3.13340625,4.70569140625,2.3471796875,7.6544765625,6.84937109375,5.18591015625,3.264484375,9.96058203125,9.2933125,9.78482421875,11.035328125
3.30628515625,3.5602265625,2.47542578125,-3.0030234375,-5.417609375,2.229140625,1.19714453125,8.4246171875,3.0779921875,1.34216796875,3.6296484375,0.486156250000001,1.2245546875,1.85750390625,0.56890234375,2.76078125,4.714421875,0.369765625,2.07138671875,1.34540625,3.56569140625,-0.4808203125,4.9114765625,4.80237109375,3.48891015625,2.951484375,6.87358203125,5.4363125,6.73082421875,8.248328125
-1.12571484375,0.5202265625,0.246425781249998,-4.4630234375,-8.412609375,-0.381859375,-0.94485546875,6.4976171875,0.745992187500001,-1.45783203125,0.9006484375,-1.14884375,-0.131445312499999,-1.14249609375,-1.93909765625,-0.0962187499999999,4.666421875,-2.029234375,-0.430613281249999,-1.38659375,1.91669140625,-3.2118203125,1.6884765625,2.04637109375,0.86791015625,2.158484375,2.92958203125,0.7813125,2.53582421875,4.258328125
-4.39371484375,-2.0187734375,-1.46657421875,-5.5630234375,-11.126609375,-3.060859375,-3.02385546875,4.9896171875,-1.5070078125,-4.10883203125,-1.9333515625,-2.56884375,-0.777445312499998,-3.86149609375,-4.65609765625,-3.01021875,4.658421875,-4.107234375,-2.96161328125,-4.44459375,-0.0533085937500002,-5.1598203125,-1.3405234375,-0.81262890625,-2.18908984375,0.603484375,-1.07641796875,-3.6006875,-1.90417578125,-0.268671874999999
-6.14371484375,-3.8177734375,-2.50657421875,-5.9610234375,-12.980609375,-5.267859375,-4.66985546875,4.0576171875,-3.3090078125,-6.08683203125,-4.3243515625,-3.58884375,-0.565445312499998,-5.79549609375,-6.95909765625,-5.42721875,4.414421875,-5.488234375,-5.06261328125,-7.20959375,-2.11530859375,-6.0248203125,-3.6665234375,-3.17362890625,-5.09708984375,-1.714515625,-4.39541796875,-6.8156875,-5.62417578125,-4.441671875
-6.59471484375,-4.9497734375,-2.99057421875,-5.6130234375,-13.723609375,-6.719859375,-5.74785546875,3.6536171875,-4.4800078125,-7.20183203125,-5.9843515625,-4.23284375,0.372554687500003,-6.76549609375,-8.44909765625,-7.06721875,3.770421875,-5.979234375,-6.50661328125,-9.25259375,-4.02530859375,-5.9078203125,-5.0635234375,-4.64562890625,-7.33708984375,-4.469515625,-6.53241796875,-8.4286875,-7.92617578125,-7.447671875
-6.16271484375,-5.5547734375,-3.07357421875,-4.7250234375,-13.444609375,-7.412859375,-6.30985546875,3.6396171875,-5.0250078125,-7.56983203125,-6.9003515625,-4.63584375,1.7925546875,-6.86549609375,-9.05609765625,-7.89621875,2.767421875,-5.553234375,-7.30161328125,-10.38759375,-5.54130859375,-5.0808203125,-5.5525234375,-5.12362890625,-8.57108984375,-7.066515625,-7.32841796875,-8.5086875,-8.58117578125,-8.807671875
-5.14771484375,-5.6557734375,-2.77557421875,-3.5750234375,-12.436609375,-7.521859375,-6.46985546875,3.8906171875,-5.0490078125,-7.45183203125,-7.2263515625,-4.91084375,3.5175546875,-6.30949609375,-8.97609765625,-8.02521875,1.647421875,-4.287234375,-7.57661328125,-10.61159375,-6.43630859375,-3.7728203125,-5.2795234375,-4.73862890625,-8.67308984375,-8.808515625,-6.90641796875,-7.4426875,-7.77617578125,-8.448671875
-3.64571484375,-5.1777734375,-2.01257421875,-2.3680234375,-11.035609375,-7.278859375,-6.32385546875,4.2996171875,-4.6790078125,-7.09683203125,-7.1603515625,-5.10584375,5.4685546875,-5.30949609375,-8.52709765625,-7.64621875,0.707421875,-2.335234375,-7.45661328125,-10.04559375,-6.55730859375,-2.1118203125,-4.4215234375,-3.74262890625,-7.73408984375,-9.152515625,-5.56241796875,-5.6706875,-5.90417578125,-6.623671875
-1.70871484375,-4.0947734375,-0.755574218750002,-1.2160234375,-9.543609375,-6.872859375,-5.98485546875,4.7126171875,-4.0430078125,-6.64283203125,-6.8773515625,-5.24984375,7.5455546875,-4.03249609375,-7.97809765625,-6.99921875,0.127421875,0.0737656250000001,-6.99661328125,-8.88759375,-5.91630859375,-0.1928203125,-3.1365234375,-2.40762890625,-6.02808984375,-7.967515625,-3.64641796875,-3.5226875,-3.37717578125,-3.796671875
0.488285156250001,-2.5437734375,0.857425781249997,-0.2130234375,-8.207609375,-6.390859375,-5.60885546875,4.9166171875,-3.2650078125,-6.08583203125,-6.4793515625,-5.38884375,9.5095546875,-2.60049609375,-7.42809765625,-6.32721875,-0.107578125,2.666765625,-6.18161328125,-7.37559375,-4.72530859375,1.8561796875,-1.5475234375,-0.96662890625,-3.94808984375,-5.651515625,-1.49641796875,-1.1956875,-0.58317578125,-0.591671874999999
2.63828515625,-0.7877734375,2.56142578125,0.5359765625,-7.162609375,-5.778859375,-5.33185546875,4.7536171875,-2.4420078125,-5.29483203125,-5.9583515625,-5.54584375,10.9965546875,-1.09049609375,-6.75009765625,-5.78121875,-0.154578125,5.176765625,-4.95361328125,-5.72159375,-3.31730859375,3.8571796875,0.2524765625,0.42537109375,-1.88008984375,-2.999515625,0.60158203125,1.1543125,2.07782421875,2.266328125
4.48928515625,0.954226562499999,4.15142578125,0.923976562500001,-6.365609375,-4.865859375,-5.12985546875,4.2976171875,-1.6120078125,-4.09483203125,-5.1693515625,-5.62484375,11.6725546875,0.470503906250001,-5.63909765625,-5.31721875,-0.174578125,7.373765625,-3.26861328125,-4.03659375,-1.98130859375,5.5811796875,2.1604765625,1.71537109375,-0.05708984375,-0.858515625,2.43358203125,3.3373125,4.20482421875,4.128328125
6.03328515625,2.6462265625,5.63142578125,0.869976562500001,-5.628609375,-3.451859375,-4.76885546875,3.9196171875,-0.7660078125,-2.36383203125,-3.8853515625,-5.37584375,11.4005546875,2.08050390625,-3.76209765625,-4.69021875,-0.206578125,9.075765625,-1.14661328125,-2.29859375,-0.81630859375,6.7701796875,4.0374765625,2.95037109375,1.53191015625,0.267484375,3.89058203125,5.1353125,5.49882421875,4.704328125
7.52028515625,4.4262265625,7.19042578125,0.353976562500001,-4.764609375,-1.455859375,-3.91885546875,4.1376171875,0.109992187500001,-0.12483203125,-1.9443515625,-4.48284375,10.3315546875,3.70150390625,-0.97309765625,-3.57421875,-0.150578125,10.146765625,1.26738671875,-0.418593749999999,0.27269140625,7.2191796875,5.7144765625,4.22537109375,3.08691015625,0.421484375,4.97858203125,6.3683125,5.89182421875,4.234328125
9.25028515625,6.4172265625,8.97642578125,-0.507023437499999,-3.727609375,0.961140625,-2.38085546875,5.3226171875,0.984992187500001,2.37816796875,0.5706484375,-2.77184375,8.8545546875,5.20350390625,2.50490234375,-1.78921875,0.140421875,10.538765625,3.67338671875,1.60940625,1.43669140625,6.8951796875,7.0144765625,5.58037109375,4.80391015625,0.108484375,5.75458203125,6.9493125,5.55682421875,3.370328125
11.27228515625,8.5032265625,10.85542578125,-1.4140234375,-2.669609375,3.340140625,-0.28885546875,7.4296171875,1.7629921875,4.67716796875,3.2286484375,-0.40984375,7.4525546875,6.33950390625,6.01690234375,0.49578125,0.721421875,10.323765625,5.64038671875,3.56240625,2.68869140625,5.9981796875,7.7604765625,6.89037109375,6.64191015625,-0.041515625,6.20858203125,6.8723125,4.78082421875,2.791328125
13.18228515625,10.2142265625,12.32042578125,-1.9690234375,-1.924609375,5.022140625,1.82314453125,9.8886171875,2.2629921875,6.15316796875,5.3086484375,2.04115625,6.4985546875,6.78750390625,8.62190234375,2.71578125,1.457421875,9.652765625,6.67338671875,4.95840625,3.77369140625,4.8671796875,7.7734765625,7.81537109375,8.22591015625,0.340484375,6.19158203125,6.1703125,3.77382421875,2.788328125
14.18328515625,10.8402265625,12.65042578125,-1.9060234375,-1.936609375,5.358140625,3.14814453125,11.7626171875,2.2229921875,6.23916796875,6.0316484375,3.77715625,6.1085546875,6.24150390625,9.41490234375,4.07478125,2.030421875,8.657765625,6.33938671875,5.20540625,4.20769140625,3.7681796875,6.8844765625,7.88237109375,8.95291015625,1.127484375,5.44358203125,4.8783125,2.54482421875,3.071328125
13.42128515625,9.7152265625,11.23942578125,-1.2890234375,-3.084609375,3.980140625,2.93014453125,12.1176171875,1.3709921875,4.64316796875,4.8836484375,4.07815625,6.1045546875,4.54050390625,7.90190234375,3.87978125,2.084421875,7.374765625,4.42738671875,3.87140625,3.49969140625,2.7031796875,4.9914765625,6.68237109375,8.28091015625,1.782484375,3.73658203125,3.0463125,0.95182421875,2.958328125
10.46028515625,6.5772265625,7.94842578125,-0.5140234375,-5.431609375,1.005140625,0.85514453125,10.4866171875,-0.4290078125,1.52016796875,1.9016484375,2.66415625,6.1165546875,1.79250390625,4.27090234375,1.88878125,1.440421875,5.761765625,1.08338671875,0.96940625,1.46369140625,1.4291796875,2.1384765625,4.10637109375,6.05091015625,1.718484375,1.04658203125,0.7793125,-1.13717578125,1.818328125
5.60928515625,1.7912265625,3.25642578125,-0.108023437499999,-8.589609375,-2.948859375,-2.72285546875,7.1316171875,-3.0720078125,-2.52483203125,-2.2643515625,-0.12384375,5.7645546875,-1.60949609375,-0.62709765625,-1.51321875,0.246421875,3.788765625,-3.16661328125,-2.95259375,-1.57930859375,-0.3418203125,-1.4025234375,0.46337109375,2.66491015625,0.706484375,-2.34641796875,-1.7396875,-3.68117578125,-0.500671874999999
-0.130714843749999,-3.7017734375,-1.85657421875,-0.4770234375,-11.827609375,-6.951859375,-6.88885546875,2.9426171875,-6.2100078125,-6.60383203125,-6.5433515625,-3.42084375,4.8275546875,-5.07849609375,-5.57909765625,-5.40921875,-1.049578125,1.530765625,-7.53161328125,-6.95859375,-4.85230859375,-2.6948203125,-5.1395234375,-3.58262890625,-1.01608984375,-0.941515625,-5.90041796875,-4.2706875,-6.43117578125,-3.563671875
-5.44871484375,-8.6887734375,-6.25057421875,-1.7110234375,-14.345609375,-10.050859375,-10.51785546875,-0.940382812500001,-9.3410078125,-9.80083203125,-9.8053515625,-6.17484375,3.3445546875,-7.99149609375,-9.42209765625,-8.66721875,-1.926578125,-0.784234375,-11.17061328125,-10.04259375,-7.41430859375,-5.3828203125,-8.4375234375,-7.22062890625,-3.98808984375,-2.542515625,-8.95641796875,-6.5586875,-8.99817578125,-6.567671875
-9.18171484375,-12.0687734375,-8.97357421875,-3.4980234375,-15.519609375,-11.536859375,-12.63985546875,-3.5543828125,-11.8800078125,-11.40883203125,-11.2053515625,-7.54184375,1.6405546875,-9.81649609375,-11.36009765625,-10.33521875,-2.042578125,-2.769234375,-13.38961328125,-11.45359375,-8.51530859375,-7.8788203125,-10.6665234375,-9.72062890625,-5.47308984375,-3.428515625,-10.91941796875,-8.3426875,-10.95217578125,-8.712671875
-10.59571484375,-13.1457734375,-9.47657421875,-5.1800234375,-15.028609375,-11.093859375,-12.72285546875,-4.3743828125,-13.2370078125,-11.09183203125,-10.3893515625,-7.17384375,0.260554687500003,-10.18149609375,-11.11109765625,-9.94221875,-1.366578125,-3.935234375,-13.77461328125,-10.89659375,-7.86830859375,-9.5298203125,-11.3545234375,-10.59762890625,-5.16608984375,-3.311515625,-11.39941796875,-9.3566875,-11.90717578125,-9.490671875
-9.44371484375,-11.7167734375,-7.66057421875,-6.0060234375,-12.920609375,-8.839859375,-10.79785546875,-3.3983828125,-12.9380078125,-8.93583203125,-7.5573515625,-5.28384375,-0.177445312499998,-8.92849609375,-8.88109765625,-7.62621875,-0.145578125,-3.820234375,-12.26061328125,-8.56559375,-5.72830859375,-9.7308203125,-10.2915234375,-9.71862890625,-3.27708984375,-2.396515625,-10.28341796875,-9.3486875,-11.60617578125,-8.808671875
-5.90271484375,-8.0357734375,-3.81057421875,-5.4530234375,-9.620609375,-5.284859375,-7.43985546875,-1.0523828125,-10.8070078125,-5.40583203125,-3.3843515625,-2.50884375,0.799554687500002,-6.16449609375,-5.24109765625,-4.04221875,1.233421875,-2.161234375,-9.13661328125,-5.03859375,-2.78130859375,-8.1018203125,-7.5855234375,-7.31762890625,-0.39808984375,-1.245515625,-7.75241796875,-8.1406875,-9.97517578125,-6.937671875
-0.49171484375,-2.7257734375,1.49642578125,-3.4600234375,-5.840609375,-1.200859375,-3.57385546875,1.9916171875,-7.1190078125,-1.23783203125,1.1716484375,0.35115625,3.3085546875,-2.30249609375,-0.96209765625,-0.12221875,2.389421875,0.954765625,-4.98861328125,-1.09159375,0.11269140625,-4.6548203125,-3.6585234375,-3.92962890625,2.73591015625,-0.439515625,-4.23641796875,-5.7226875,-7.15617578125,-4.334671875
5.98728515625,3.3232265625,7.47342578125,-0.4640234375,-2.372609375,2.557140625,-0.16485546875,5.0316171875,-2.6300078125,2.71816796875,5.1226484375,2.60115625,6.9755546875,1.96350390625,3.15890234375,3.22878125,3.060421875,5.029765625,-0.57161328125,2.52040625,2.23369140625,0.0921796875,0.812476562500001,-0.23462890625,5.50591015625,-0.251515625,-0.30441796875,-2.3146875,-3.47217578125,-1.426671875
12.53228515625,9.0812265625,13.21442578125,2.7369765625,0.114390625,5.246140625,2.04214453125,7.4676171875,1.5529921875,5.68516796875,7.7036484375,3.81915625,10.9525546875,5.77250390625,6.44290234375,5.38778125,3.150421875,9.221765625,3.34738671875,5.23640625,3.23769140625,5.1511796875,5.0234765625,3.12337109375,7.56691015625,-0.491515625,3.46058203125,1.6153125,0.60282421875,1.511328125
18.07828515625,13.5662265625,17.83542578125,5.2239765625,1.204390625,6.417140625,2.67514453125,8.8906171875,4.2649921875,7.14816796875,8.5486484375,3.91515625,14.1445546875,8.29750390625,8.44690234375,6.12678125,2.739421875,12.553765625,6.14638671875,6.79440625,3.22369140625,9.3091796875,8.2114765625,5.68037109375,8.86091015625,-0.646515625,6.54958203125,5.3833125,4.46382421875,4.306328125
21.73228515625,16.0822265625,20.67542578125,6.2649765625,0.835390625,6.027140625,1.79814453125,9.1596171875,4.6819921875,6.99416796875,7.7696484375,3.08815625,15.5785546875,9.01350390625,9.04890234375,5.60778125,2.046421875,14.223765625,7.48338671875,7.24340625,2.61669140625,11.5311796875,9.8424765625,7.22037109375,9.52091015625,-0.205515625,8.57558203125,8.1813125,7.41582421875,6.727328125
23.04728515625,16.4162265625,21.49842578125,5.5809765625,-0.644609375,4.461140625,-0.10385546875,8.4636171875,2.6979921875,5.54516796875,5.9076484375,1.74415625,14.7905546875,7.90750390625,8.46890234375,4.27378125,1.366421875,13.905765625,7.38238671875,6.87140625,1.96469140625,11.3451796875,9.7394765625,7.75337109375,9.72691015625,1.029484375,9.29158203125,9.2803125,8.81582421875,8.387328125
22.18728515625,14.9112265625,20.56142578125,3.4689765625,-2.554609375,2.411140625,-2.25085546875,7.2696171875,-0.967007812499999,3.46416796875,3.7556484375,0.36415625,12.0395546875,5.52650390625,7.20790234375,2.68478125,0.986421875,11.884765625,6.21738671875,6.08640625,1.71869140625,9.0461796875,8.1434765625,7.45837109375,9.62291015625,2.838484375,8.65658203125,8.3223125,8.30582421875,8.841328125
19.84728515625,12.3182265625,18.48042578125,0.7009765625,-4.137609375,0.652140624999999,-3.84585546875,6.1226171875,-5.0130078125,1.55016796875,2.1006484375,-0.62484375,8.2365546875,2.79450390625,5.88390234375,1.36578125,1.115421875,8.948765625,4.59538671875,5.29540625,2.09569140625,5.5831796875,5.6554765625,6.60137109375,9.31291015625,4.734484375,6.89458203125,5.5553125,6.03482421875,7.840328125
16.90528515625,9.4772265625,15.93242578125,-1.7670234375,-4.864609375,-0.227859375,-4.36785546875,5.3996171875,-8.0900078125,0.461167968750001,1.4516484375,-0.96484375,4.6025546875,0.649503906250001,5.01490234375,0.65778125,1.814421875,6.059765625,3.13738671875,4.79640625,3.03669140625,2.1911796875,3.0404765625,5.46337109375,8.87691015625,6.210484375,4.47958203125,1.8313125,2.69582421875,5.554328125
14.00028515625,6.9732265625,13.37942578125,-3.1650234375,-4.627609375,-0.0428593749999999,-3.75085546875,5.1586171875,-9.3550078125,0.44616796875,1.8766484375,-0.64984375,2.1925546875,-0.347496093749999,4.82890234375,0.62678125,2.948421875,3.969765625,2.24538671875,4.69040625,4.24869140625,-0.1088203125,0.937476562500001,4.25837109375,8.36291015625,6.926484375,1.98358203125,-1.7046875,-0.72417578125,2.586328125
11.28828515625,4.9492265625,10.95542578125,-3.2130234375,-3.741609375,0.913140625,-2.40485546875,5.1546171875,-8.7860078125,1.22716796875,2.9836484375,0.0541562500000001,1.5185546875,-0.232496093749999,5.15290234375,1.01478125,4.175421875,2.941765625,1.95138671875,4.82840625,5.27169140625,-0.8668203125,-0.3895234375,3.06137109375,7.73491015625,6.716484375,-0.16041796875,-4.1256875,-3.37217578125,-0.302671875
8.55328515625,3.1912265625,8.56642578125,-2.2180234375,-2.796609375,1.992140625,-1.05385546875,4.9816171875,-7.1080078125,2.14016796875,4.0706484375,0.67115625,2.4335546875,0.43350390625,5.49590234375,1.31578125,5.025421875,2.732765625,1.93038671875,4.86240625,5.58069140625,-0.2758203125,-1.0885234375,1.79837109375,6.85091015625,5.533484375,-1.81241796875,-5.0836875,-4.87717578125,-2.551671875
5.60628515625,1.4252265625,6.14242578125,-0.8730234375,-2.400609375,2.491140625,-0.44885546875,4.3156171875,-5.3610078125,2.49016796875,4.4216484375,0.69615625,4.3355546875,0.934503906250001,5.30890234375,0.99178125,5.065421875,2.846765625,1.73038671875,4.41640625,4.75969140625,1.1071796875,-1.5125234375,0.359371093750001,5.56391015625,3.454484375,-3.07241796875,-4.8066875,-5.35617578125,-3.977671875
2.69428515625,-0.3747734375,3.87942578125,0.1429765625,-2.872609375,1.991140625,-1.03185546875,3.1316171875,-4.3480078125,1.94116796875,3.6266484375,-0.17684375,6.5215546875,0.831503906250001,4.29290234375,-0.26421875,4.087421875,2.882765625,1.07738671875,3.31740625,2.70469140625,2.7331796875,-1.9155234375,-1.22262890625,3.86891015625,0.749484375,-4.07741796875,-3.7666875,-5.11817578125,-4.671671875
0.576285156250002,-1.8767734375,2.28242578125,0.5019765625,-4.105609375,0.536140625,-2.75085546875,1.7456171875,-4.2920078125,0.65616796875,1.7526484375,-1.90884375,8.4395546875,0.172503906250001,2.56790234375,-2.36721875,2.194421875,2.732765625,0.0603867187500002,1.71040625,-0.27230859375,4.2901796875,-2.2925234375,-2.69862890625,1.99891015625,-2.070515625,-4.82741796875,-2.3456875,-4.36317578125,-4.774671875
0.17628515625,-2.5697734375,1.92542578125,0.2779765625,-5.692609375,-1.455859375,-5.15585546875,0.614617187499999,-4.8930078125,-0.85083203125,-0.7233515625,-4.15984375,9.7295546875,-0.637496093749999,0.56590234375,-4.88621875,-0.245578125,2.498765625,-0.95561328125,-0.0165937500000002,-3.52230859375,5.6321796875,-2.4665234375,-3.70762890625,0.33491015625,-4.362515625,-5.19741796875,-0.7606875,-3.14117578125,-4.364671875
2.01328515625,-2.0957734375,3.08842578125,-0.247023437499999,-7.204609375,-3.435859375,-7.66385546875,0.0456171874999995,-5.6370078125,-2.03483203125,-3.1593515625,-6.45084375,10.1565546875,-1.17949609375,-1.21209765625,-7.23921875,-2.733578125,2.284765625,-1.59761328125,-1.44259375,-6.31230859375,6.5921796875,-2.2985234375,-4.00762890625,-0.79208984375,-5.592515625,-5.08441796875,0.7983125,-1.54417578125,-3.535671875
5.79628515625,-0.5187734375,5.50542578125,-0.8040234375,-8.356609375,-4.933859375,-9.76785546875,0.0466171875000008,-6.0950078125,-2.57183203125,-4.9833515625,-8.33684375,9.6135546875,-1.27049609375,-2.41809765625,-8.91121875,-4.780578125,2.066765625,-1.70061328125,-2.28259375,-8.08830859375,6.9071796875,-1.8375234375,-3.62662890625,-1.26708984375,-5.582515625,-4.54741796875,2.0463125,0.11882421875,-2.529671875
10.45228515625,1.6562265625,8.41042578125,-1.2140234375,-8.979609375,-5.648859375,-11.08585546875,0.3976171875,-6.0380078125,-2.41483203125,-5.8173515625,-9.46684375,8.2295546875,-0.974496093749999,-2.90409765625,-9.57421875,-6.013578125,1.764765625,-1.33461328125,-2.43659375,-8.62330859375,6.3851796875,-1.2815234375,-2.82462890625,-1.20708984375,-4.599515625,-3.79441796875,2.6963125,1.40182421875,-1.705671875
14.56028515625,3.6882265625,10.85642578125,-1.3530234375,-8.932609375,-5.423859375,-11.33785546875,0.841617187499999,-5.4160078125,-1.68083203125,-5.4843515625,-9.59284375,6.4685546875,-0.43349609375,-2.64309765625,-9.11121875,-6.189578125,1.399765625,-0.65661328125,-1.90859375,-7.97730859375,5.1541796875,-0.7815234375,-1.87962890625,-0.80008984375,-3.184515625,-3.02141796875,2.6833125,2.00482421875,-1.313671875
16.92728515625,4.9192265625,12.12042578125,-1.1050234375,-8.114609375,-4.226859375,-10.37185546875,1.2456171875,-4.3100078125,-0.501832031249999,-3.9863515625,-8.58484375,5.0695546875,0.307503906250001,-1.63909765625,-7.58021875,-5.197578125,1.190765625,0.247386718750001,-0.713593749999999,-6.37230859375,3.7551796875,-0.2715234375,-0.88262890625,-0.12308984375,-1.812515625,-2.23441796875,2.2973125,2.03182421875,-1.238671875
17.00228515625,4.9992265625,11.96542578125,-0.3650234375,-6.555609375,-2.168859375,-8.23885546875,1.6406171875,-2.8890078125,1.02016796875,-1.5163515625,-6.50884375,4.7875546875,1.32950390625,0.0579023437500004,-5.21121875,-3.084578125,1.470765625,1.39638671875,1.11540625,-4.09430859375,2.9301796875,0.5064765625,0.29937109375,0.908910156250001,-0.645515625,-1.25241796875,2.0483125,1.94982421875,-1.002671875
14.96428515625,3.9432265625,10.64542578125,0.882976562500001,-4.476609375,0.439140624999999,-5.26285546875,2.1516171875,-1.3670078125,2.74816796875,1.5166484375,-3.69884375,6.0355546875,2.71050390625,2.25290234375,-2.42121875,-0.144578125,2.482765625,2.80838671875,3.41340625,-1.48230859375,3.1931796875,1.7764765625,1.84537109375,2.39491015625,0.436484375,0.100582031250001,2.3113125,2.25082421875,-0.0826718749999991
11.55028515625,2.0632265625,8.71642578125,2.4679765625,-2.270609375,3.096140625,-2.01285546875,2.8726171875,0.0379921875000004,4.44516796875,4.5276484375,-0.74584375,8.6425546875,4.37250390625,4.53390234375,0.20978125,3.045421875,4.189765625,4.37738671875,5.79540625,1.02969140625,4.5161796875,3.5014765625,3.76137109375,4.24691015625,1.583484375,1.77058203125,3.0523125,3.08182421875,1.665328125
7.78928515625,-0.119773437500001,6.80942578125,4.0179765625,-0.410609375,5.246140625,0.83514453125,3.7746171875,1.1359921875,5.81916796875,6.9016484375,1.68315625,11.8735546875,6.03850390625,6.36390234375,2.09178125,5.754421875,6.257765625,5.85338671875,7.72240625,2.96069140625,6.3551796875,5.3414765625,5.80637109375,6.13391015625,2.738484375,3.43958203125,3.8533125,4.13682421875,3.826328125
4.76528515625,-1.9587734375,5.48842578125,5.1119765625,0.741390625,6.502140625,2.73414453125,4.7366171875,1.8069921875,6.67616796875,8.2356484375,3.10215625,14.7255546875,7.35250390625,7.31890234375,2.86178125,7.390421875,8.209765625,6.97438671875,8.74240625,3.95569140625,8.0121796875,6.8344765625,7.63437109375,7.64091015625,3.633484375,4.70358203125,4.2363125,4.88682421875,5.623328125
3.40928515625,-2.7877734375,5.18342578125,5.5139765625,1.126390625,6.827140625,3.50214453125,5.6646171875,2.0329921875,7.04816796875,8.5266484375,3.42215625,16.3375546875,8.06950390625,7.32090234375,2.56778125,7.789421875,9.639765625,7.62238671875,8.74840625,3.99569140625,9.0151796875,7.6404765625,9.03137109375,8.52291015625,3.998484375,5.32358203125,3.9783125,4.94982421875,6.365328125
4.25928515625,-2.1407734375,6.10742578125,5.2879765625,1.018390625,6.528140625,3.36614453125,6.5546171875,1.8809921875,7.16316796875,8.1626484375,2.96815625,16.2745546875,8.14750390625,6.67990234375,1.64378125,7.273421875,10.332765625,7.87138671875,8.04240625,3.45169140625,9.2371796875,7.6544765625,10.02737109375,8.83791015625,3.780484375,5.32358203125,3.1803125,4.30082421875,5.829328125
7.19328515625,-0.0287734375000017,8.11042578125,4.6779765625,0.819390625,6.046140625,2.76414453125,7.4186171875,1.4029921875,7.27516796875,7.6876484375,2.26115625,14.6015546875,7.68850390625,5.90790234375,0.66678125,6.453421875,10.217765625,7.87038671875,7.15540625,2.88369140625,8.7391796875,6.9594765625,10.81037109375,8.85091015625,3.185484375,4.89758203125,2.0773125,3.20982421875,4.313328125
11.32628515625,2.9122265625,10.60242578125,3.8849765625,0.773390625,5.712140625,2.07114453125,8.1766171875,0.559992187500001,7.48616796875,7.5036484375,1.73915625,11.7795546875,6.81850390625,5.43390234375,0.0557812500000001,5.893421875,9.297765625,7.68938671875,6.54140625,2.71569140625,7.5791796875,5.7084765625,11.51437109375,8.81191015625,2.536484375,4.23458203125,0.8143125,2.00282421875,2.406328125
15.23328515625,5.5922265625,12.69242578125,2.9769765625,0.878390625,5.630140625,1.48914453125,8.6586171875,-0.7150078125,7.69316796875,7.7286484375,1.58115625,8.4995546875,5.64450390625,5.42590234375,-0.0802187499999999,5.872421875,7.645765625,7.29438671875,6.37740625,3.02069140625,5.8041796875,4.0734765625,12.09637109375,8.79491015625,2.083484375,3.43058203125,-0.5916875,0.89082421875,0.676328125
17.50828515625,6.9432265625,13.57042578125,1.9689765625,1.012390625,5.730140625,1.10214453125,8.7286171875,-2.3600078125,7.70016796875,8.2566484375,1.72615625,5.4965546875,4.30550390625,5.78990234375,0.10578125,6.342421875,5.503765625,6.65338671875,6.56440625,3.54669140625,3.6031796875,2.2764765625,12.37737109375,8.71091015625,1.903484375,2.53358203125,-2.0896875,-0.0261757812500001,-0.508671874999999
17.36528515625,6.4312265625,12.87642578125,0.922976562500001,1.091390625,5.895140625,0.96914453125,8.3906171875,-4.0990078125,7.37516796875,8.8966484375,1.99615625,3.3675546875,3.01650390625,6.29190234375,0.36578125,7.046421875,3.310765625,5.85338671875,6.86740625,3.91869140625,1.3751796875,0.6214765625,12.19737109375,8.42791015625,1.928484375,1.64558203125,-3.4556875,-0.67017578125,-1.019671875
14.96228515625,4.3052265625,10.86842578125,-0.0300234374999997,1.099390625,6.051140625,1.12314453125,7.7806171875,-5.5190078125,6.76016796875,9.4796484375,2.22415625,2.4205546875,2.04050390625,6.69790234375,0.50978125,7.688421875,1.591765625,5.10238671875,7.08440625,3.86169140625,-0.3808203125,-0.5545234375,11.55237109375,7.89391015625,2.017484375,0.948582031250001,-4.3276875,-0.95417578125,-0.937671874999999
11.30428515625,1.4722265625,8.29842578125,-0.720023437499999,1.077390625,6.198140625,1.55314453125,7.0946171875,-6.2250078125,6.08216796875,9.9066484375,2.33915625,2.6355546875,1.61250390625,6.89690234375,0.48778125,8.077421875,0.764765625,4.63638671875,7.15040625,3.34069140625,-1.3018203125,-0.9935234375,10.64437109375,7.18491015625,2.048484375,0.62458203125,-4.4026875,-0.82017578125,-0.489671874999999
7.81128515625,-0.8967734375,6.12442578125,-0.933023437499999,1.131390625,6.414140625,2.23514453125,6.5626171875,-5.9580078125,5.67416796875,10.1786484375,2.41015625,3.7525546875,1.89250390625,6.96390234375,0.41878125,8.201421875,0.991765625,4.62438671875,7.16640625,2.58469140625,-1.2898203125,-0.6015234375,9.84237109375,6.49891015625,1.996484375,0.769582031250001,-3.6126875,-0.29917578125,0.0453281250000011
5.76228515625,-1.8317734375,5.17442578125,-0.4420234375,1.459390625,6.840140625,3.19314453125,6.4286171875,-4.6690078125,5.86016796875,10.4216484375,2.63115625,5.4185546875,2.93750390625,7.13990234375,0.53978125,8.223421875,2.176765625,5.14738671875,7.36340625,1.99269140625,-0.4518203125,0.5594765625,9.57737109375,6.10391015625,1.979484375,1.38158203125,-2.1396875,0.52482421875,0.489328125000001
5.80528515625,-0.937773437500001,5.85242578125,0.9059765625,2.317390625,7.635140625,4.50914453125,6.9206171875,-2.5410078125,6.82216796875,10.8536484375,3.25015625,7.3105546875,4.70450390625,7.72590234375,1.12278125,8.404421875,4.075765625,6.22538671875,8.00440625,1.98469140625,1.0661796875,2.3414765625,10.19337109375,6.26591015625,2.247484375,2.41758203125,-0.2756875,1.59282421875,0.868328125000001
7.75528515625,1.4552265625,8.00642578125,3.1089765625,3.965390625,8.919140625,6.29914453125,8.1906171875,0.0369921875000001,8.51016796875,11.7106484375,4.46415625,9.2065546875,7.05150390625,8.95490234375,2.36478125,9.000421875,6.432765625,7.85838671875,9.28140625,2.86669140625,3.1951796875,4.5814765625,11.83937109375,7.16391015625,3.108484375,3.85458203125,1.7643125,2.95082421875,1.415328125
10.77628515625,4.4792265625,11.02942578125,6.0279765625,6.628390625,10.723140625,8.68714453125,10.2806171875,2.5949921875,10.65216796875,13.1586484375,6.34915625,11.0025546875,9.77750390625,10.90890234375,4.32978125,10.180421875,9.082765625,10.04138671875,11.25340625,4.76969140625,5.9391796875,7.1194765625,14.45737109375,8.84391015625,4.810484375,5.69158203125,3.9293125,4.74582421875,2.461328125
13.87228515625,7.1882265625,14.20142578125,9.4759765625,10.438390625,12.986140625,11.76314453125,13.1366171875,4.7729921875,12.88816796875,15.2336484375,8.85515625,12.6895546875,12.68650390625,13.51990234375,6.93778125,11.980421875,11.960765625,12.75238671875,13.83840625,7.65169140625,9.2981796875,9.8144765625,17.84037109375,11.22191015625,7.442484375,7.91058203125,6.2903125,7.12882421875,4.255328125
16.41428515625,9.0562265625,17.05542578125,13.2799765625,15.316390625,15.580140625,15.49414453125,16.6056171875,6.4719921875,14.96216796875,17.8286484375,11.82815625,14.3175546875,15.65050390625,16.61190234375,10.01078125,14.295421875,15.045765625,15.90738671875,16.85740625,11.30569140625,13.1881796875,12.5674765625,21.71937109375,14.11191015625,10.873484375,10.44258203125,8.9073125,10.11182421875,6.815328125
18.38928515625,10.2172265625,19.55642578125,17.2739765625,20.853390625,18.343140625,19.64514453125,20.4226171875,7.8609921875,16.85016796875,20.7136484375,15.04715625,15.9555546875,18.62550390625,19.94690234375,13.31578125,16.893421875,18.281765625,19.32438671875,20.08940625,15.37369140625,17.4081796875,15.3414765625,25.82737109375,17.26391015625,14.766484375,13.15558203125,11.7233125,13.48782421875,9.868328125
18.38928515625,10.2172265625,19.55642578125,17.2739765625,20.853390625,18.343140625,19.64514453125,20.4226171875,7.8609921875,16.85016796875,20.7136484375,15.04715625,15.9555546875,18.62550390625,19.94690234375,13.31578125,16.893421875,18.281765625,19.32438671875,20.08940625,15.37369140625,17.4081796875,15.3414765625,25.82737109375,17.26391015625,14.766484375,13.15558203125,11.7233125,13.48782421875,9.868328125
