"Fp1","Fpz","Fp2","F7","F3","Fz","F4","F8","FC5","FC1","FC2","FC6","T7","C3","Cz","C4","T8","CP5","CP1","CP2","CP6","P7","P3","Pz","P4","P8","POz","O1","Oz","O2"
-0.0627265625,-2.4337265625,-3.4150625,-6.21564453125,-9.97330859375,-4.50926953125,-6.5056640625,-0.0254140625,-6.8687421875,-5.1089921875,-15.07644921875,-5.0272265625,2.91055078125,9.77934375,-3.88883984375,4.9771171875,1.82419921875,-5.348875,1.8811484375,-2.509390625,2.13615625,-3.81825390625,0.28094140625,-8.03353515625,-4.524203125,-4.99061328125,-12.89101171875,-11.93741796875,-2.03682421875,1.83951171875
2.6992734375,-0.9467265625,-2.4590625,-5.18964453125,-8.71330859375,-3.21726953125,-5.3646640625,1.3445859375,-0.5807421875,-4.0919921875,-12.79444921875,-4.8662265625,2.53655078125,11.22634375,-2.67483984375,6.2541171875,2.08319921875,-4.730875,3.9571484375,-0.549390625,2.62215625,-4.19225390625,1.00594140625,-6.17353515625,-3.229203125,-4.48461328125,-12.23901171875,-13.51741796875,-3.27482421875,2.64251171875
5.1232734375,0.4812734375,-1.1870625,-4.37264453125,-7.51230859375,-2.13426953125,-4.4706640625,2.3325859375,3.0722578125,-3.1629921875,-11.68244921875,-4.7462265625,3.61355078125,12.36634375,-1.98383984375,6.7771171875,1.99919921875,-3.947875,5.4811484375,0.725609375,2.48815625,-4.30525390625,1.86094140625,-4.69953515625,-2.543203125,-4.14161328125,-11.64401171875,-14.75141796875,-4.36382421875,2.97051171875
7.0322734375,1.8842734375,0.3939375,-3.73764453125,-6.37630859375,-1.21526953125,-3.7886640625,2.9485859375,4.3012578125,-2.3619921875,-11.86244921875,-4.6912265625,5.97055078125,13.17034375,-1.80483984375,6.6671171875,1.73019921875,-3.105875,6.3831484375,1.286609375,1.76315625,-4.12625390625,2.63194140625,-3.76353515625,-2.558203125,-4.05261328125,-11.15701171875,-15.49241796875,-5.19282421875,2.78751171875
8.2412734375,3.2132734375,2.0469375,-3.24964453125,-5.36330859375,-0.39726953125,-3.2966640625,3.2435859375,4.0232578125,-1.7589921875,-13.15544921875,-4.7582265625,8.81855078125,13.64134375,-1.99983984375,6.2421171875,1.47419921875,-2.411875,6.6751484375,1.267609375,0.67815625,-3.72225390625,2.99494140625,-3.47253515625,-3.195203125,-4.30161328125,-10.83001171875,-15.68441796875,-5.68982421875,2.17551171875
8.6392734375,4.2832734375,3.3509375,-2.91764453125,-4.57930859375,0.32073046875,-3.0416640625,3.2085859375,3.2362578125,-1.4369921875,-15.17844921875,-5.0242265625,11.14055078125,13.77834375,-2.38683984375,5.8041171875,1.27719921875,-2.060875,6.4061484375,0.867609375,-0.42184375,-3.23325390625,2.71694140625,-3.84153515625,-4.209203125,-4.90161328125,-10.66201171875,-15.40141796875,-5.84382421875,1.31551171875
8.2982734375,4.8632734375,3.8989375,-2.75564453125,-4.10730859375,0.88573046875,-3.0716640625,2.7765859375,2.6662578125,-1.4229921875,-17.42444921875,-5.5212265625,12.22955078125,13.63134375,-2.76183984375,5.5191171875,1.01019921875,-2.094875,5.7051484375,0.313609375,-1.17184375,-2.78525390625,1.87094140625,-4.70953515625,-5.222203125,-5.71961328125,-10.53601171875,-14.77141796875,-5.66682421875,0.499511718749999
7.5102734375,4.8392734375,3.5319375,-2.71764453125,-3.92030859375,1.25073046875,-3.3206640625,1.9075859375,2.6972578125,-1.6389921875,-19.33844921875,-6.1662265625,12.03855078125,13.35834375,-2.89983984375,5.4301171875,0.51919921875,-2.331875,4.8351484375,-0.143390625,-1.27084375,-2.40025390625,0.90294140625,-5.70353515625,-5.798203125,-6.48061328125,-10.19901171875,-13.85541796875,-5.12782421875,0.12951171875
6.6772734375,4.3232734375,2.4379375,-2.67164453125,-3.86230859375,1.41973046875,-3.5906640625,0.6725859375,3.3962578125,-1.9309921875,-20.43244921875,-6.7592265625,11.13755078125,13.21834375,-2.59883984375,5.4961171875,-0.20280078125,-2.415875,4.1751484375,-0.271390625,-0.59184375,-1.97625390625,0.47094140625,-6.32853515625,-5.584203125,-6.85961328125,-9.34301171875,-12.59441796875,-4.15482421875,0.60551171875
6.1352734375,3.6332734375,1.0779375,-2.44164453125,-3.73230859375,1.46473046875,-3.6346640625,-0.7034140625,4.5692578125,-2.1419921875,-20.41344921875,-7.0542265625,10.33455078125,13.46934375,-1.75683984375,5.6501171875,-0.98580078125,-1.975875,4.0991484375,0.083609375,0.77515625,-1.34825390625,1.13894140625,-6.13453515625,-4.437203125,-6.62061328125,-7.74701171875,-10.86841796875,-2.68782421875,2.15851171875
6.0242734375,3.1602734375,-0.00406249999999989,-1.87764453125,-3.39430859375,1.50273046875,-3.2706640625,-1.8874140625,5.8962578125,-2.1819921875,-19.25544921875,-6.8402265625,10.21655078125,14.25434375,-0.41983984375,5.8501171875,-1.58280078125,-0.799875,4.8471484375,0.956609375,2.55715625,-0.39825390625,3.07694140625,-4.90653515625,-2.466203125,-5.69661328125,-5.41001171875,-8.62941796875,-0.76582421875,4.73851171875
6.2552734375,3.1972734375,-0.3820625,-0.94064453125,-2.86730859375,1.64473046875,-2.4616640625,-2.5334140625,7.0792578125,-2.0519921875,-17.18044921875,-6.0142265625,10.87055078125,15.50734375,1.22016015625,6.1051171875,-1.82380078125,1.023125,6.4121484375,2.257609375,4.41915625,0.83774609375,5.94294140625,-2.76453515625,0.00379687499999948,-4.17761328125,-2.59801171875,-6.02541796875,1.43417578125,8.01351171875
6.5642734375,3.7812734375,0.0979375000000001,0.23335546875,-2.34830859375,1.92473046875,-1.3576640625,-2.4284140625,7.8762578125,-1.8539921875,-14.60944921875,-4.6222265625,11.92755078125,16.91634375,2.85316015625,6.4381171875,-1.68980078125,3.078125,8.5071484375,3.788609375,6.06115625,2.12174609375,8.97494140625,-0.170535156250001,2.523796875,-2.26161328125,0.197988281250002,-3.41941796875,3.59517578125,11.44751171875
6.6192734375,4.6462734375,1.2469375,1.32535546875,-2.16130859375,2.23473046875,-0.2796640625,-1.5954140625,8.0612578125,-1.7679921875,-12.07844921875,-2.8562265625,12.85155078125,17.97534375,4.09116015625,6.8101171875,-1.30280078125,4.727125,10.5881484375,5.257609375,7.25615625,3.06274609375,11.24794140625,2.18846484375,4.618796875,-0.21661328125,2.39198828125,-1.30441796875,5.32117578125,14.43151171875
6.1512734375,5.3112734375,2.5899375,1.91635546875,-2.63030859375,2.32873046875,0.3703359375,-0.3074140625,7.4592578125,-2.0239921875,-10.13644921875,-1.0152265625,13.24355078125,18.14534375,4.52216015625,7.0931171875,-0.83780078125,5.325125,11.9861484375,6.301609375,7.84515625,3.26574609375,12.00194140625,3.59846484375,5.887796875,1.62238671875,3.44798828125,-0.139417968749999,6.21717578125,16.41751171875
5.0232734375,5.2642734375,3.5419375,1.63535546875,-3.96130859375,1.89673046875,0.2553359375,1.0225859375,6.0622578125,-2.8419921875,-9.23644921875,0.5897734375,12.97055078125,17.05834375,3.81216015625,7.0951171875,-0.41880078125,4.463125,12.1081484375,6.552609375,7.72615625,2.49774609375,10.89494140625,3.54446484375,6.088796875,2.86838671875,3.02298828125,-0.187417968749999,5.98517578125,17.04551171875
3.2352734375,4.1542734375,3.6229375,0.28435546875,-6.16430859375,0.67873046875,-0.7686640625,1.9905859375,4.0422578125,-4.3699921875,-9.63044921875,1.7157734375,12.08455078125,14.63334375,1.82116015625,6.6261171875,-0.05880078125,2.134125,10.6321484375,5.722609375,6.88515625,0.79574609375,8.10894140625,1.87646484375,5.187796875,3.17438671875,1.06198828125,-1.43641796875,4.52817578125,16.20751171875
0.8732734375,1.9052734375,2.6179375,-2.09364453125,-9.06330859375,-1.43026953125,-2.6096640625,2.3315859375,1.6332578125,-6.6319921875,-11.30544921875,2.2537734375,10.67355078125,11.08234375,-1.30383984375,5.5561171875,0.33419921875,-1.249875,7.6161484375,3.707609375,5.41715625,-1.56225390625,4.24894140625,-1.14753515625,3.364796875,2.38138671875,-2.17001171875,-3.61441796875,2.01517578125,14.05551171875
-1.9007265625,-1.2237265625,0.6459375,-5.19764453125,-12.33930859375,-4.31126953125,-4.9736640625,2.0005859375,-0.9667421875,-9.4809921875,-13.94844921875,2.2287734375,8.82455078125,6.83534375,-5.11583984375,3.8891171875,0.87019921875,-4.993875,3.4811484375,0.664609375,3.52415625,-4.16925390625,0.10994140625,-4.94953515625,0.954796875,0.63338671875,-6.13901171875,-6.28241796875,-1.13082421875,10.95351171875
-4.7917265625,-4.6527265625,-1.8630625,-8.48564453125,-15.55830859375,-7.58226953125,-7.4306640625,1.1795859375,-3.5297421875,-12.5699921875,-16.96544921875,1.7887734375,6.67755078125,2.46834375,-8.93683984375,1.8071171875,1.57519921875,-8.356875,-1.0838515625,-2.961390625,1.47915625,-6.63725390625,-3.58005859375,-8.80453515625,-1.621203125,-1.60961328125,-10.17401171875,-8.97341796875,-4.34682421875,7.40651171875
-7.3357265625,-7.5997265625,-4.2680625,-11.25164453125,-18.19230859375,-10.64026953125,-9.5046640625,0.2325859375,-5.7047421875,-15.3669921875,-19.57344921875,1.1527734375,4.46455078125,-1.35165625,-12.01783984375,-0.3418828125,2.35919921875,-10.785875,-5.2808515625,-6.515390625,-0.42884375,-8.69725390625,-6.33005859375,-12.01453515625,-3.945203125,-3.68561328125,-13.63301171875,-11.30841796875,-7.10882421875,3.96151171875
-8.9447265625,-9.2837265625,-5.8750625,-12.78464453125,-19.67230859375,-12.77226953125,-10.7716640625,-0.4154140625,-7.0257421875,-17.2469921875,-20.99444921875,0.5617734375,2.45555078125,-3.95465625,-13.74983984375,-2.1368828125,3.05819921875,-12.043875,-8.3798515625,-9.294390625,-1.94084375,-10.22625390625,-7.92905859375,-14.05553515625,-5.663203125,-4.93861328125,-16.04301171875,-13.04541796875,-9.08782421875,1.07451171875
-9.0597265625,-9.1587265625,-6.1450625,-12.56464453125,-19.48630859375,-13.33726953125,-10.9476640625,-0.4134140625,-7.0187421875,-17.6559921875,-20.67144921875,0.2277734375,0.893550781250001,-4.79565625,-13.82583984375,-3.2058828125,3.53119921875,-12.182875,-9.8618515625,-10.752390625,-2.86184375,-11.21725390625,-8.38405859375,-14.65553515625,-6.539203125,-4.96361328125,-17.16901171875,-14.06141796875,-10.19382421875,-0.98248828125
-7.3187265625,-7.0627265625,-4.8510625,-10.41664453125,-17.32130859375,-11.95026953125,-9.9416640625,0.4105859375,-5.3157421875,-16.2879921875,-18.42344921875,0.3047734375,-0.0194492187499993,-3.58465625,-12.27683984375,-3.3048828125,3.74519921875,-11.401875,-9.4948515625,-10.622390625,-3.07184375,-11.68525390625,-7.81205859375,-13.79653515625,-6.455203125,-3.75661328125,-16.99201171875,-14.29541796875,-10.48882421875,-2.14348828125
-3.7117265625,-3.2577265625,-2.1490625,-6.58664453125,-13.20330859375,-8.63026953125,-7.8576640625,2.0025859375,-1.8027421875,-13.2039921875,-14.46244921875,0.8817734375,-0.10044921875,-0.387656250000001,-9.39083984375,-2.3628828125,3.79619921875,-9.891875,-7.3408515625,-8.944390625,-2.53784375,-11.57425390625,-6.35305859375,-11.65553515625,-5.414203125,-1.68961328125,-15.64801171875,-13.71941796875,-10.06982421875,-2.48448828125
1.3382734375,1.6022734375,1.4449375,-1.72064453125,-7.59830859375,-3.86526953125,-4.9776640625,4.0775859375,3.1912578125,-8.8459921875,-9.33244921875,1.9887734375,0.757550781250001,4.31834375,-5.61183984375,-0.5118828125,3.86419921875,-7.775875,-3.7518515625,-6.009390625,-1.33684375,-10.75525390625,-4.16605859375,-8.54953515625,-3.545203125,0.67638671875,-13.38001171875,-12.38141796875,-9.01782421875,-2.14548828125
7.0142734375,6.5882734375,5.1569375,3.25035546875,-1.39430859375,1.45373046875,-1.7336640625,6.1635859375,8.8172578125,-3.9449921875,-3.78344921875,3.5737734375,2.44655078125,9.69334375,-1.46983984375,1.8901171875,4.11019921875,-5.170875,0.6491484375,-2.300390625,0.29715625,-9.14225390625,-1.48505859375,-4.91853515625,-1.147203125,2.81538671875,-10.53801171875,-10.50341796875,-7.45682421875,-1.30948828125
12.2952734375,10.6962734375,8.1319375,7.34335546875,4.27369140625,6.23373046875,1.3523359375,7.7075859375,13.9262578125,0.6540078125,1.36855078125,5.4777734375,4.55055078125,14.71034375,2.47116015625,4.3091171875,4.56619921875,-2.294875,5.0511484375,1.577609375,1.97715625,-6.85225390625,1.32694140625,-1.30353515625,1.303796875,4.37238671875,-7.59601171875,-8.51041796875,-5.64782421875,-0.213488281250001
16.2722734375,13.1372734375,9.7059375,9.80535546875,8.35869140625,9.50373046875,3.7533359375,8.2385859375,17.5202578125,4.2080078125,5.39855078125,7.4147734375,6.44555078125,18.45034375,5.68916015625,6.1831171875,5.07219921875,0.487125,8.6541484375,4.988609375,3.23815625,-4.27525390625,3.81294140625,1.72746484375,3.245796875,5.16938671875,-5.07501171875,-6.92741796875,-3.98882421875,0.842511718749999
18.4352734375,13.6172734375,9.6949375,10.34635546875,10.26069140625,10.73773046875,5.0703359375,7.5685859375,19.1112578125,6.2600078125,7.83555078125,9.0327734375,7.59655078125,20.37934375,7.82816015625,7.1141171875,5.31819921875,2.752125,10.9041484375,7.418609375,3.72215625,-1.95725390625,5.58394140625,3.73146484375,4.231796875,5.17938671875,-3.38701171875,-6.15841796875,-2.87582421875,1.53651171875
18.8182734375,12.4482734375,8.5459375,9.22035546875,10.05069140625,10.04973046875,5.1793359375,5.9295859375,18.8282578125,6.7480078125,8.60455078125,10.0507734375,7.84355078125,20.49534375,8.79616015625,7.0311171875,5.01219921875,4.190125,11.6841484375,8.639609375,3.35515625,-0.37425390625,6.49094140625,4.56346484375,4.154796875,4.52838671875,-2.63601171875,-6.26941796875,-2.48582421875,1.62651171875
17.9232734375,10.4302734375,7.1789375,7.11335546875,8.42669140625,8.15673046875,4.3163359375,3.9565859375,17.2882578125,5.9850078125,8.07255078125,10.3947734375,7.47355078125,19.27034375,8.79016015625,6.2411171875,4.12219921875,4.752125,11.3441484375,8.795609375,2.43415625,0.25874609375,6.71394140625,4.45846484375,3.349796875,3.50538671875,-2.56301171875,-6.94241796875,-2.65582421875,1.06251171875
16.4512734375,8.5092734375,6.5259375,4.84935546875,6.37769140625,6.07773046875,3.0033359375,2.4625859375,15.3322578125,4.4920078125,6.91255078125,10.2217734375,7.01055078125,17.40434375,8.19216015625,5.2921171875,3.02019921875,4.648125,10.5151484375,8.325609375,1.49715625,0.0187460937499999,6.64794140625,3.93346484375,2.456796875,2.51138671875,-2.67701171875,-7.65141796875,-2.94982421875,0.0255117187499998
14.9582734375,7.3312734375,6.9749375,3.02935546875,4.70169140625,4.65073046875,1.7703359375,2.0495859375,13.6562578125,2.7500078125,5.77955078125,9.7917734375,6.86255078125,15.49734375,7.35816015625,4.6751171875,2.36919921875,4.197125,9.7821484375,7.712609375,1.02715625,-0.82825390625,6.67194140625,3.53946484375,2.083796875,1.91138671875,-2.52101171875,-7.94341796875,-2.89182421875,-1.14448828125
13.5852734375,6.9182734375,8.0799375,1.76235546875,3.63269140625,4.12973046875,0.8403359375,2.7645859375,12.4712578125,0.9810078125,4.97555078125,9.2627734375,7.06455078125,13.79134375,6.42016015625,4.5151171875,2.76719921875,3.637125,9.3831484375,7.216609375,1.17715625,-1.96725390625,6.92994140625,3.59446484375,2.470796875,1.88138671875,-1.89101171875,-7.63241796875,-2.19682421875,-2.10148828125
12.0482734375,6.6552734375,8.7279375,0.652355468750001,2.78569140625,4.08573046875,0.00233593749999983,4.0365859375,11.4482578125,-0.8939921875,4.32455078125,8.5967734375,7.28455078125,12.13834375,5.23216015625,4.4921171875,4.32619921875,3.006125,9.1381484375,6.758609375,1.70115625,-3.11625390625,7.29594140625,4.06346484375,3.360796875,2.33638671875,-0.888011718749999,-6.80841796875,-0.85482421875,-2.63348828125
9.8852734375,5.6472734375,7.7449375,-0.91964453125,1.46469140625,3.68573046875,-1.2266640625,4.9415859375,10.0182578125,-3.1189921875,3.34855078125,7.6177734375,7.05955078125,10.20434375,3.50416015625,4.0441171875,6.48919921875,2.185125,8.6371484375,6.034609375,2.11215625,-4.06625390625,7.48394140625,4.63246484375,4.142796875,2.98638671875,0.189988281250002,-5.71141796875,0.94017578125,-2.71348828125
6.8102734375,3.2392734375,4.5909375,-3.39964453125,-0.888308593750001,2.19073046875,-3.2616640625,4.6845859375,7.7622578125,-5.8859921875,1.62155078125,6.1847734375,6.11655078125,7.75834375,1.03416015625,2.7291171875,8.22719921875,1.018125,7.5351484375,4.748609375,1.96515625,-4.70825390625,7.22694140625,4.89746484375,4.176796875,3.48138671875,1.00398828125,-4.61341796875,2.90917578125,-2.48348828125
2.9442734375,-0.5957265625,-0.2580625,-6.77364453125,-4.35230859375,-0.65526953125,-6.1656640625,2.9835859375,4.6222578125,-9.1669921875,-0.951449218750001,4.3307734375,4.56955078125,4.83834375,-2.12783984375,0.501117187500001,8.55719921875,-0.549875,5.7551484375,2.815609375,1.05815625,-5.07625390625,6.39694140625,4.54746484375,3.096796875,3.56438671875,1.29698828125,-3.77841796875,4.76017578125,-2.18848828125
-1.1857265625,-5.1917265625,-5.4910625,-10.53564453125,-8.45930859375,-4.51426953125,-9.5916640625,0.1845859375,0.9112578125,-12.6749921875,-4.06644921875,2.2647734375,2.88455078125,1.74434375,-5.67283984375,-2.2248828125,7.07919921875,-2.412875,3.5011484375,0.415609375,-0.51284375,-5.32525390625,5.03994140625,3.46646484375,0.974796875,3.17038671875,0.951988281250001,-3.43441796875,6.20317578125,-2.06248828125
-4.8467265625,-9.4867265625,-9.6130625,-13.89564453125,-12.39430859375,-8.64926953125,-12.9386640625,-2.9354140625,-2.7417421875,-15.9339921875,-7.17644921875,0.2537734375,1.63555078125,-1.09565625,-9.15083984375,-4.7418828125,4.21219921875,-4.332875,1.1291484375,-2.087390625,-2.43484375,-5.64425390625,3.36294140625,1.75146484375,-1.726203125,2.43638671875,0.0159882812500012,-3.70141796875,6.98917578125,-2.22148828125
-7.3767265625,-12.4777265625,-11.6680625,-16.10764453125,-15.32530859375,-12.25126953125,-15.6196640625,-5.5574140625,-5.5297421875,-18.4189921875,-9.73744921875,-1.5182265625,1.22555078125,-3.28165625,-12.13283984375,-6.3318828125,0.98519921875,-6.016875,-0.9918515625,-4.288390625,-4.32884375,-6.10725390625,1.67594140625,-0.325535156250001,-4.352203125,1.62638671875,-1.30701171875,-4.50841796875,6.98317578125,-2.59848828125
-8.3847265625,-13.6027265625,-11.6090625,-16.73364453125,-16.69630859375,-14.72026953125,-17.2586640625,-7.1424140625,-6.7457421875,-19.7129921875,-11.39844921875,-2.9992265625,1.74355078125,-4.54765625,-14.31183984375,-6.5638828125,-1.48880078125,-7.205875,-2.5908515625,-5.872390625,-5.87484375,-6.58925390625,0.32194140625,-2.39153515625,-6.308203125,1.00638671875,-2.69801171875,-5.57741796875,6.24317578125,-3.02048828125
-7.7977265625,-12.8417265625,-10.1370625,-15.72064453125,-16.34730859375,-15.75426953125,-17.7516640625,-7.5694140625,-6.0747421875,-19.5999921875,-12.02944921875,-4.1752265625,3.03355078125,-4.79365625,-15.51783984375,-5.4258828125,-2.52980078125,-7.731875,-3.5128515625,-6.664390625,-6.87084375,-6.80325390625,-0.41105859375,-4.04553515625,-7.222203125,0.72838671875,-3.80101171875,-6.53241796875,5.02417578125,-3.32548828125
-5.7817265625,-10.5707265625,-8.1650625,-13.31764453125,-14.45530859375,-15.27526953125,-17.1626640625,-7.0194140625,-3.6667421875,-18.0849921875,-11.61844921875,-4.9152265625,4.85955078125,-4.04465625,-15.64183984375,-3.2408828125,-2.12180078125,-7.527875,-3.6938515625,-6.593390625,-7.21784375,-6.44325390625,-0.35405859375,-4.94653515625,-6.990203125,0.78038671875,-4.30401171875,-7.04941796875,3.71217578125,-3.44448828125
-2.6587265625,-7.3267265625,-6.2780625,-9.93264453125,-11.40030859375,-13.34026953125,-15.6106640625,-5.7744140625,-0.00174218749999999,-15.3529921875,-10.16344921875,-4.9302265625,6.98855078125,-2.41465625,-14.59983984375,-0.464882812499999,-0.78080078125,-6.608875,-3.1108515625,-5.644390625,-6.88084375,-5.35725390625,0.50794140625,-4.88253515625,-5.716203125,1.02438671875,-4.00001171875,-6.95441796875,2.72017578125,-3.37548828125
1.1032734375,-3.6687265625,-4.5540625,-6.05664453125,-7.66230859375,-10.14726953125,-13.2446640625,-4.0764140625,4.2872578125,-11.7429921875,-7.69044921875,-3.9012265625,9.13555078125,-0.112656250000001,-12.37983984375,2.4781171875,0.78719921875,-5.051875,-1.8048515625,-3.865390625,-5.89484375,-3.64025390625,2.03294140625,-3.83453515625,-3.649203125,1.28638671875,-2.84101171875,-6.22641796875,2.37417578125,-3.11448828125
4.8732734375,-0.1407265625,-2.7800625,-2.23964453125,-3.77330859375,-6.10026953125,-10.2996640625,-2.1294140625,8.5072578125,-7.7349921875,-4.37344921875,-1.7392265625,10.87255078125,2.53134375,-9.16283984375,5.2251171875,2.01219921875,-2.997875,0.0561484375000001,-1.445390625,-4.40484375,-1.62225390625,3.94994140625,-2.00853515625,-1.139203125,1.43938671875,-0.970011718749999,-4.97041796875,2.82817578125,-2.63748828125
7.9492734375,2.7532734375,-0.8340625,0.97035546875,-0.263308593750001,-1.81926953125,-7.1526640625,-0.1774140625,12.0012578125,-3.9139921875,-0.623449218750002,1.2127734375,11.66755078125,5.09634375,-5.38583984375,7.4461171875,2.60819921875,-0.674875,2.1441484375,1.243609375,-2.71084375,0.20874609375,5.89194140625,0.196464843749999,1.396796875,1.43338671875,1.25698828125,-3.41041796875,4.00717578125,-1.94748828125
9.7702734375,4.6182734375,1.1019375,3.13735546875,2.42269140625,1.97273046875,-4.2896640625,1.4635859375,14.2922578125,-0.8699921875,2.96255078125,4.2027734375,11.11855078125,7.17234375,-1.65583984375,8.8531171875,2.53319921875,1.579125,4.0301484375,3.702609375,-1.21684375,1.32974609375,7.47494140625,2.30646484375,3.521796875,1.28038671875,3.32098828125,-1.88041796875,5.63017578125,-1.12148828125
10.1332734375,5.2652734375,2.5999375,4.06135546875,4.00569140625,4.65173046875,-2.2006640625,2.4645859375,15.1672578125,0.9470078125,5.77055078125,6.3247734375,9.22855078125,8.47934375,1.42016015625,9.2591171875,1.87319921875,3.352125,5.3141484375,5.464609375,-0.29384375,1.34974609375,8.38894140625,3.90846484375,4.885796875,1.02138671875,4.68298828125,-0.754417968749999,7.30617578125,-0.30948828125
9.2502734375,4.7512734375,3.2419375,3.82335546875,4.41069140625,5.85573046875,-1.2536640625,2.5925859375,14.6472578125,1.3490078125,7.34555078125,6.8977734375,6.55455078125,8.90334375,3.40116015625,8.6521171875,0.75419921875,4.262125,5.7541484375,6.263609375,-0.11484375,0.17574609375,8.50194140625,4.75246484375,5.330796875,0.70238671875,4.97898828125,-0.296417968749999,8.69717578125,0.33051171875
7.6292734375,3.3522734375,2.8489375,2.73935546875,3.75169140625,5.54473046875,-1.5786640625,1.8285859375,12.9452578125,0.459007812499999,7.50455078125,5.7677734375,4.07855078125,8.48534375,4.09716015625,7.2341171875,-0.63780078125,4.092125,5.3111484375,6.116609375,-0.56884375,-1.87525390625,7.88894140625,4.75846484375,4.957796875,0.38438671875,4.18498828125,-0.515417968749999,9.64717578125,0.741511718749999
5.8162734375,1.4632734375,1.5749375,1.23635546875,2.27469140625,3.95173046875,-3.0326640625,0.3925859375,10.4442578125,-1.3699921875,6.33755078125,3.3677734375,2.82855078125,7.36734375,3.53916015625,5.3741171875,-1.98680078125,2.867125,4.1061484375,5.264609375,-1.33184375,-4.14825390625,6.75294140625,3.95246484375,4.070796875,0.13838671875,2.61098828125,-1.15341796875,10.21117578125,1.01351171875
4.1422734375,-0.5417265625,-0.2040625,-0.31364453125,0.25869140625,1.44173046875,-5.2626640625,-1.3384140625,7.6082578125,-3.7269921875,4.10355078125,0.5127734375,3.36355078125,5.70834375,1.90016015625,3.4571171875,-2.84880078125,0.805125,2.3011484375,4.012609375,-2.04984375,-5.92325390625,5.26094140625,2.38946484375,3.021796875,0.0473867187499999,0.716988281250002,-1.83841796875,10.54317578125,1.31251171875
2.5812734375,-2.4497265625,-2.0970625,-1.72664453125,-2.07530859375,-1.61826953125,-7.8446640625,-2.9914140625,4.7872578125,-6.3249921875,1.09055078125,-1.9582265625,5.39455078125,3.60234375,-0.60583984375,1.7041171875,-2.80780078125,-1.821875,-0.0288515625000003,2.542609375,-2.52184375,-6.81025390625,3.39494140625,0.0924648437499993,2.028796875,0.18538671875,-1.15101171875,-2.33941796875,10.71517578125,1.72051171875
0.8372734375,-4.2587265625,-3.8790625,-3.02464453125,-4.59230859375,-4.92126953125,-10.4046640625,-4.3164140625,2.1022578125,-9.0639921875,-2.43244921875,-3.4932265625,7.82655078125,1.04534375,-3.75583984375,0.102117187500001,-1.71380078125,-4.813875,-2.9248515625,0.850609375,-2.75684375,-7.00125390625,0.95294140625,-2.91753515625,1.109796875,0.59638671875,-2.91801171875,-2.71241796875,10.62117578125,2.11651171875
-1.4027265625,-6.1007265625,-5.5200625,-4.33164453125,-7.19030859375,-8.18326953125,-12.6636640625,-5.2224140625,-0.4367421875,-11.9309921875,-6.16944921875,-3.9582265625,9.23955078125,-1.98565625,-7.26083984375,-1.4838828125,0.18219921875,-8.056875,-6.4308515625,-1.154390625,-2.87384375,-7.16825390625,-2.26605859375,-6.52853515625,0.151796875,1.29438671875,-4.72501171875,-3.23141796875,10.04317578125,2.25151171875
-4.2127265625,-8.1017265625,-7.0680625,-5.74164453125,-9.70630859375,-11.10526953125,-14.4216640625,-5.7214140625,-2.7237421875,-14.8269921875,-9.70444921875,-3.5682265625,8.59755078125,-5.39065625,-10.71783984375,-3.1098828125,2.31419921875,-11.413875,-10.4048515625,-3.470390625,-2.94684375,-8.01125390625,-6.19105859375,-10.44453515625,-0.916203125,2.27738671875,-6.70701171875,-4.12341796875,8.85817578125,1.96751171875
-7.3427265625,-10.2387265625,-8.5270625,-7.24164453125,-11.87830859375,-13.39926953125,-15.5496640625,-5.8764140625,-4.4987421875,-17.4639921875,-12.51644921875,-2.7032265625,5.75155078125,-8.84565625,-13.64283984375,-4.6418828125,4.05219921875,-14.605875,-14.3948515625,-5.868390625,-2.90584375,-9.77825390625,-10.32905859375,-14.17053515625,-2.009203125,3.53438671875,-8.77801171875,-5.34341796875,7.21517578125,1.36351171875
-10.2807265625,-12.2807265625,-9.7910625,-8.71264453125,-13.37930859375,-14.84626953125,-15.9886640625,-5.7484140625,-5.4677421875,-19.3909921875,-14.10144921875,-1.7202265625,1.49855078125,-11.81665625,-15.60083984375,-5.8038828125,4.95719921875,-17.176875,-17.6958515625,-7.914390625,-2.58684375,-12.06225390625,-13.85905859375,-17.11053515625,-2.885203125,5.01738671875,-10.57001171875,-6.54141796875,5.50717578125,0.75451171875
-12.3977265625,-13.8037265625,-10.6770625,-9.95764453125,-13.89230859375,-15.34326953125,-15.7406640625,-5.3744140625,-5.3857421875,-20.1349921875,-14.14344921875,-0.8272265625,-2.80544921875,-13.68365625,-16.34083984375,-6.3048828125,4.90819921875,-18.586875,-19.5518515625,-9.099390625,-1.85684375,-14.02225390625,-15.92105859375,-18.72753515625,-3.260203125,6.57638671875,-11.53501171875,-7.22641796875,4.20317578125,0.46151171875
-13.1287265625,-14.3207265625,-10.9810625,-10.73964453125,-13.20330859375,-14.89526953125,-14.8486640625,-4.7624140625,-4.0927421875,-19.3709921875,-12.63144921875,-0.0552265624999997,-5.83944921875,-13.93465625,-15.85783984375,-5.9448828125,4.09919921875,-18.410875,-19.4128515625,-9.031390625,-0.73084375,-14.83825390625,-15.93905859375,-18.69053515625,-2.942203125,7.94738671875,-11.14901171875,-6.98841796875,3.65117578125,0.595511718749999
-12.1607265625,-13.4907265625,-10.5380625,-10.85164453125,-11.29930859375,-13.60526953125,-13.4196640625,-3.9254140625,-1.5937421875,-17.0669921875,-9.87844921875,0.672773437500001,-6.81044921875,-12.36965625,-14.37483984375,-4.7288828125,2.93619921875,-16.543875,-17.1548515625,-7.602390625,0.58415625,-14.11325390625,-13.83505859375,-16.98653515625,-1.934203125,8.80038671875,-9.14101171875,-5.68841796875,3.98017578125,0.98251171875
-9.5837265625,-11.3127265625,-9.2580625,-10.21564453125,-8.45730859375,-11.68426953125,-11.6616640625,-2.9224140625,1.8012578125,-13.5759921875,-6.46344921875,1.4237734375,-5.63944921875,-9.26765625,-12.29183984375,-2.9428828125,1.85919921875,-13.327875,-13.2098515625,-5.097390625,1.72615625,-12.04525390625,-10.06905859375,-13.98853515625,-0.481203125,8.82738671875,-5.67401171875,-3.57141796875,5.06317578125,1.22951171875
-5.9227265625,-8.1727265625,-7.1730625,-8.95364453125,-5.24430859375,-9.47326953125,-9.8896640625,-1.8644140625,5.4522578125,-9.6099921875,-3.06844921875,2.1587734375,-2.82344921875,-5.37465625,-10.08983984375,-1.1458828125,1.16219921875,-9.514875,-8.4918515625,-2.163390625,2.30115625,-9.31825390625,-5.51605859375,-10.43053515625,0.971796875,7.84138671875,-1.42301171875,-1.25941796875,6.53217578125,0.90351171875
-1.9937265625,-4.7187265625,-4.4920625,-7.36364453125,-2.40130859375,-7.40926953125,-8.4576640625,-0.8934140625,8.6062578125,-6.0809921875,-0.279449218750001,2.7357734375,0.87055078125,-1.69165625,-8.21083984375,0.0111171875000005,0.89419921875,-6.016875,-4.1318515625,0.385609375,2.03515625,-6.80525390625,-1.19105859375,-7.22453515625,1.914796875,5.86638671875,2.56998828125,0.423582031250001,7.85817578125,-0.239488281250001
1.3242734375,-1.6507265625,-1.6420625,-5.83964453125,-0.630308593750001,-5.94126953125,-7.6366640625,-0.1474140625,10.6812578125,-3.8489921875,1.56955078125,2.9927734375,4.64555078125,0.87434375,-6.94783984375,0.0641171875000004,0.89319921875,-3.574875,-1.0998515625,1.867609375,0.91215625,-5.20825390625,2.06494140625,-5.15753515625,1.962796875,3.19038671875,5.25198828125,0.786582031250001,8.52917578125,-2.08948828125
3.3102734375,0.4562734375,0.7609375,-4.76464453125,-0.38530859375,-5.41626953125,-7.5346640625,0.2665859375,11.4162578125,-3.4729921875,2.42455078125,2.8457734375,7.77055078125,1.81434375,-6.40683984375,-1.0638828125,0.93219921875,-2.488875,0.0911484374999998,1.960609375,-0.81884375,-4.80025390625,3.81794140625,-4.61553515625,1.007796875,0.31538671875,5.96198828125,-0.409417968749999,8.25217578125,-4.20148828125
3.5442734375,1.2372734375,2.0679375,-4.43364453125,-1.74630859375,-5.98826953125,-8.0876640625,0.2895859375,10.8652578125,-5.0559921875,2.41955078125,2.3407734375,9.60755078125,1.12634375,-6.57383984375,-3.0358828125,0.86119921875,-2.597875,-0.5348515625,0.761609375,-2.75184375,-5.39725390625,4.09594140625,-5.49753515625,-0.757203125,-2.18761328125,4.67098828125,-2.83441796875,7.06217578125,-6.00648828125
1.9702734375,0.5812734375,1.8309375,-5.00364453125,-4.41730859375,-7.57826953125,-9.1136640625,-0.0914140625000001,9.3402578125,-8.2459921875,1.76255078125,1.6187734375,9.70155078125,-0.771656250000001,-7.39083984375,-5.2568828125,0.65219921875,-3.473875,-2.5308515625,-1.333390625,-4.48584375,-6.52625390625,3.25694140625,-7.34553515625,-2.952203125,-3.89061328125,1.92598828125,-5.72341796875,5.27617578125,-7.08048828125
-1.1147265625,-1.3547265625,0.0119375000000001,-6.45264453125,-7.83930859375,-9.89126953125,-10.3826640625,-0.8284140625,7.3132578125,-12.3589921875,0.658550781249998,0.8677734375,7.96255078125,-3.25665625,-8.77283984375,-7.0898828125,0.34319921875,-4.678875,-5.2318515625,-3.807390625,-5.74484375,-7.68125390625,1.78494140625,-9.56353515625,-5.157203125,-4.62961328125,-1.40301171875,-8.17341796875,3.35117578125,-7.29048828125
-5.1387265625,-4.1637265625,-2.9600625,-8.57464453125,-11.34930859375,-12.47826953125,-11.6796640625,-1.7984140625,5.2482578125,-16.5679921875,-0.702449218750001,0.2837734375,4.80755078125,-5.73465625,-10.56283984375,-8.0508828125,-0.03880078125,-5.919875,-7.9478515625,-6.170390625,-6.38684375,-8.49725390625,0.11194140625,-11.59353515625,-7.009203125,-4.48961328125,-4.42301171875,-9.45641796875,1.73917578125,-6.74648828125
-9.3737265625,-7.2777265625,-6.3400625,-11.00264453125,-14.34430859375,-14.84226953125,-12.8316640625,-2.8114140625,3.4542578125,-20.1129921875,-2.14744921875,0.0397734375000005,1.12355078125,-7.79365625,-12.48583984375,-7.9138828125,-0.52080078125,-7.055875,-10.1218515625,-8.045390625,-6.38284375,-8.81325390625,-1.46805859375,-13.01953515625,-8.253203125,-3.69361328125,-6.47401171875,-9.24041796875,0.78317578125,-5.65148828125
-13.0907265625,-10.0987265625,-9.3590625,-13.27964453125,-16.41430859375,-16.54126953125,-13.7196640625,-3.6434140625,2.0702578125,-22.4879921875,-3.52444921875,0.228773437500001,-2.02444921875,-9.26265625,-14.20283984375,-6.7328828125,-1.15580078125,-8.046875,-11.4428515625,-9.230390625,-5.80384375,-8.68425390625,-2.83305859375,-13.63753515625,-8.783203125,-2.51361328125,-7.29901171875,-7.72441796875,0.61717578125,-4.19448828125
-15.7097265625,-12.1477265625,-11.5070625,-14.95864453125,-17.41630859375,-17.29626953125,-14.2936640625,-4.1204140625,1.1392578125,-23.5589921875,-4.73344921875,0.8117734375,-3.81844921875,-10.19365625,-15.44883984375,-4.8008828125,-1.92680078125,-8.899875,-11.9158515625,-9.729390625,-4.84784375,-8.35425390625,-4.01605859375,-13.51153515625,-8.692203125,-1.25361328125,-7.11401171875,-5.59641796875,1.10117578125,-2.56548828125
-16.9217265625,-13.1687265625,-12.6730625,-15.68664453125,-17.47030859375,-17.04826953125,-14.5916640625,-4.1794140625,0.6552578125,-23.5449921875,-5.73344921875,1.6117734375,-4.00944921875,-10.78465625,-16.15383984375,-2.5658828125,-2.65580078125,-9.632875,-11.8428515625,-9.739390625,-3.82684375,-8.17425390625,-5.13105859375,-12.96053515625,-8.259203125,-0.22761328125,-6.50201171875,-3.78741796875,1.84617578125,-1.00748828125
-16.7457265625,-13.1507265625,-13.0820625,-15.29464453125,-16.88030859375,-15.96426953125,-14.7236640625,-3.8834140625,0.5682578125,-22.8559921875,-6.52244921875,2.3897734375,-2.94644921875,-11.27465625,-16.46383984375,-0.521882812499999,-2.98080078125,-10.246875,-11.6918515625,-9.552390625,-3.07984375,-8.44325390625,-6.27205859375,-12.43353515625,-7.827203125,0.30638671875,-6.15001171875,-3.06341796875,2.38917578125,0.20351171875
-15.5017265625,-12.2897265625,-13.0910625,-13.85764453125,-16.01030859375,-14.38226953125,-14.8096640625,-3.3744140625,0.8222578125,-21.8889921875,-7.09644921875,2.9607734375,-1.28744921875,-11.81665625,-16.61183984375,0.934117187500001,-2.50280078125,-10.713875,-11.8828515625,-9.421390625,-2.82484375,-9.23225390625,-7.42305859375,-12.30553515625,-7.646203125,0.26538671875,-6.51601171875,-3.64741796875,2.43817578125,0.88451171875
-13.7127265625,-10.9227265625,-12.9960625,-11.72464453125,-15.16430859375,-12.70526953125,-14.9066640625,-2.8234140625,1.4122578125,-20.8849921875,-7.42244921875,3.2557734375,0.379550781250001,-12.40965625,-16.74183984375,1.5851171875,-1.05680078125,-11.003875,-12.5898515625,-9.448390625,-3.04384375,-10.33625390625,-8.44405859375,-12.69853515625,-7.741203125,-0.19161328125,-7.61401171875,-5.11341796875,2.05017578125,1.07851171875
-11.9697265625,-9.4637265625,-12.9390625,-9.44964453125,-14.52730859375,-11.28126953125,-14.9676640625,-2.3864140625,2.3442578125,-19.9239921875,-7.47344921875,3.3087734375,1.75855078125,-12.91565625,-16.80583984375,1.3961171875,1.09519921875,-11.106875,-13.6648515625,-9.574390625,-3.50484375,-11.35725390625,-9.13805859375,-13.43553515625,-7.910203125,-0.71661328125,-9.02501171875,-6.60541796875,1.62217578125,1.07651171875
-10.7597265625,-8.3217265625,-12.9380625,-7.60464453125,-14.12930859375,-10.30926953125,-14.8516640625,-2.1854140625,3.5342578125,-18.9769921875,-7.25844921875,3.1977734375,2.79955078125,-13.14365625,-16.58583984375,0.448117187500001,3.29319921875,-11.014875,-14.7098515625,-9.651390625,-3.88984375,-11.88425390625,-9.33405859375,-14.14253515625,-7.841203125,-0.92161328125,-10.11701171875,-7.26541796875,1.68917578125,1.28051171875
-10.2887265625,-7.7547265625,-12.9390625,-6.51264453125,-13.83930859375,-9.76726953125,-14.3776640625,-2.2914140625,4.8112578125,-17.9529921875,-6.82344921875,2.9777734375,3.52455078125,-12.93465625,-15.82183984375,-1.1068828125,4.76619921875,-10.676875,-15.2528515625,-9.530390625,-3.96184375,-11.63025390625,-8.95205859375,-14.42453515625,-7.276203125,-0.57761328125,-10.34901171875,-6.61541796875,2.63417578125,2.00151171875
-10.3817265625,-7.7267265625,-12.8730625,-6.05564453125,-13.39330859375,-9.43526953125,-13.4096640625,-2.6994140625,6.0582578125,-16.7299921875,-6.22144921875,2.6397734375,3.94355078125,-12.21865625,-14.34883984375,-3.0318828125,4.96519921875,-9.974875,-14.9288515625,-9.129390625,-3.67384375,-10.52925390625,-8.01605859375,-14.02453515625,-6.138203125,0.28538671875,-9.50301171875,-4.73141796875,4.47217578125,3.31551171875
-10.5507265625,-7.8737265625,-12.6710625,-5.72264453125,-12.47830859375,-8.99326953125,-11.9426640625,-3.3384140625,7.3062578125,-15.1899921875,-5.47044921875,2.1387734375,4.10455078125,-11.01965625,-12.21483984375,-4.9798828125,3.77319921875,-8.782875,-13.6158515625,-8.439390625,-3.16084375,-8.74425390625,-6.65705859375,-12.89853515625,-4.568203125,1.39638671875,-7.74301171875,-2.15241796875,6.83117578125,5.05751171875
-10.2407265625,-7.6727265625,-12.2410625,-4.89564453125,-10.86930859375,-8.15426953125,-10.1246640625,-4.0644140625,8.6442578125,-13.2809921875,-4.55444921875,1.4607734375,4.17955078125,-9.44465625,-9.68083984375,-6.5178828125,1.50119921875,-7.057875,-11.4668515625,-7.480390625,-2.63784375,-6.59825390625,-5.05605859375,-11.17153515625,-2.838203125,2.41438671875,-5.48401171875,0.414582031250001,9.14517578125,6.93351171875
-9.1127265625,-6.7227265625,-11.4430625,-3.23364453125,-8.53930859375,-6.76026953125,-8.1706640625,-4.6594140625,10.0942578125,-11.0499921875,-3.41744921875,0.7217734375,4.45255078125,-7.60965625,-7.11183984375,-7.2078828125,-1.25180078125,-4.895875,-8.8128515625,-6.246390625,-2.24384375,-4.41825390625,-3.35305859375,-9.02153515625,-1.195203125,3.12238671875,-3.13301171875,2.44958203125,10.95817578125,8.70351171875
-7.2047265625,-4.9767265625,-10.1250625,-0.88964453125,-5.67630859375,-4.80026953125,-6.2556640625,-4.8524140625,11.5992578125,-8.6189921875,-1.97944921875,0.1817734375,5.19355078125,-5.56865625,-4.80183984375,-6.7178828125,-3.80480078125,-2.506875,-5.9978515625,-4.672390625,-1.93184375,-2.36425390625,-1.55705859375,-6.56853515625,0.265796874999999,3.54538671875,-0.877011718749999,3.86558203125,12.16117578125,10.31951171875
-4.9037265625,-2.7867265625,-8.2660625,1.55335546875,-2.64430859375,-2.41126953125,-4.4676640625,-4.4234140625,13.0582578125,-6.1459921875,-0.201449218750001,0.1417734375,6.50955078125,-3.29965625,-2.87883984375,-4.9588828125,-5.59480078125,-0.153875,-3.2678515625,-2.694390625,-1.47984375,-0.37725390625,0.44794140625,-3.85153515625,1.615796875,3.89938671875,1.36598828125,5.00358203125,13.02017578125,11.93051171875
-2.7877265625,-0.7657265625,-6.1440625,3.36535546875,0.102691406249999,0.10273046875,-2.8836640625,-3.3574140625,14.3062578125,-3.8079921875,1.79155078125,0.7537734375,8.22355078125,-0.803656250000001,-1.34983984375,-2.2038828125,-6.29880078125,1.908125,-0.7768515625,-0.361390625,-0.64284375,1.71474609375,2.77494140625,-0.91453515625,2.983796875,4.42638671875,3.79598828125,6.39658203125,13.97917578125,13.74351171875
-1.4157265625,0.4492734375,-4.3530625,3.99835546875,2.11069140625,2.28073046875,-1.6516640625,-1.9334140625,15.0532578125,-1.8099921875,3.63655078125,1.8727734375,9.86255078125,1.76434375,-0.22883984375,0.8871171875,-5.89380078125,3.448125,1.3161484375,2.060609375,0.65415625,3.97574609375,5.35694140625,2.07746484375,4.408796875,5.21138671875,6.49998828125,8.40358203125,15.35617578125,15.82351171875
-1.1627265625,0.4292734375,-3.6060625,3.28735546875,3.01469140625,3.60773046875,-0.9976640625,-0.6654140625,14.9692578125,-0.3889921875,4.77855078125,3.0457734375,10.74155078125,4.03734375,0.364160156250001,3.4171171875,-4.63880078125,4.251125,2.7821484375,4.099609375,2.18815625,6.19274609375,7.84194140625,4.77446484375,5.747796875,6.10038671875,9.26498828125,10.91758203125,17.09817578125,17.94751171875
-2.1317265625,-0.9137265625,-4.3830625,1.44135546875,2.63069140625,3.68073046875,-1.1426640625,-0.0844140625000001,13.8512578125,0.1880078125,4.67355078125,3.6797734375,10.18155078125,5.52134375,0.207160156250001,4.5381171875,-3.02380078125,4.130125,3.3491484375,5.210609375,3.48015625,7.85774609375,9.64494140625,6.68946484375,6.678796875,6.76138671875,11.57498828125,13.30058203125,18.73417578125,19.61451171875
-4.1617265625,-3.3257265625,-6.6610625,-1.11464453125,1.00869140625,2.37773046875,-2.1726640625,-0.4924140625,11.7082578125,-0.312992187500001,3.02655078125,3.3157734375,7.80655078125,5.76034375,-0.92783984375,3.7651171875,-1.63480078125,2.972125,2.8151484375,4.988609375,3.99415625,8.36974609375,10.15094140625,7.35046484375,6.821796875,6.85638671875,12.79198828125,14.59658203125,19.55617578125,20.22051171875
-6.8797265625,-6.3147265625,-9.8630625,-3.92064453125,-1.55730859375,-0.0582695312500001,-3.9586640625,-1.8114140625,8.7302578125,-1.9879921875,-0.0174492187500004,1.8777734375,3.78555078125,4.52234375,-3.11483984375,1.1611171875,-0.94380078125,0.815125,1.1801484375,3.360609375,3.40615625,7.32674609375,8.99494140625,6.49646484375,5.931796875,6.22938671875,12.45298828125,13.96958203125,18.96017578125,19.32751171875
-9.7677265625,-9.3147265625,-13.0970625,-6.56864453125,-4.55830859375,-3.04826953125,-6.1486640625,-3.6264140625,5.2482578125,-4.6689921875,-3.85144921875,-0.2572265625,-1.15344921875,1.94134375,-6.14883984375,-2.6568828125,-1.11780078125,-2.090875,-1.2638515625,0.658609375,1.77615625,4.77574609375,6.26494140625,4.24646484375,4.060796875,4.98038671875,10.51698828125,11.13258203125,16.76617578125,16.89851171875
-12.2547265625,-11.8287265625,-15.5500625,-8.72964453125,-7.38530859375,-5.84126953125,-8.2726640625,-5.3904140625,1.7362578125,-7.8849921875,-7.58744921875,-2.4232265625,-5.94744921875,-1.45865625,-9.52083984375,-6.7378828125,-1.98180078125,-5.282875,-3.9638515625,-2.464390625,-0.46884375,1.27674609375,2.53094140625,1.12746484375,1.578796875,3.39438671875,7.44598828125,6.56458203125,13.34817578125,13.36851171875
-13.8687265625,-13.5387265625,-16.8390625,-10.16664453125,-9.49430859375,-7.75526953125,-9.9136640625,-6.7024140625,-1.2797421875,-10.9759921875,-10.39144921875,-3.9832265625,-9.57044921875,-4.91765625,-12.56083984375,-10.1488828125,-3.17980078125,-8.192875,-6.2758515625,-5.269390625,-2.72284375,-2.27025390625,-1.34805859375,-2.06253515625,-0.967203125,1.77938671875,4.05598828125,1.35758203125,9.49717578125,9.48551171875
-14.3877265625,-14.3337265625,-17.1370625,-10.78264453125,-10.57130859375,-8.40626953125,-10.8616640625,-7.4634140625,-3.4137421875,-13.3329921875,-11.82544921875,-4.5872265625,-11.35644921875,-7.71265625,-14.67783984375,-12.3068828125,-4.36480078125,-10.342875,-7.7188515625,-7.190390625,-4.45484375,-4.96525390625,-4.54505859375,-4.53653515625,-3.068203125,0.34938671875,1.22598828125,-3.21741796875,6.10017578125,6.02551171875
-13.9127265625,-14.2837265625,-16.9840625,-10.64464453125,-10.59730859375,-7.81926953125,-11.1496640625,-7.8414140625,-4.5367421875,-14.6129921875,-11.97244921875,-4.2632265625,-11.17944921875,-9.41565625,-15.57283984375,-13.1088828125,-5.27480078125,-11.514875,-8.1568515625,-7.984390625,-5.37084375,-6.27925390625,-6.55105859375,-5.79453515625,-4.404203125,-0.78261328125,-0.402011718749998,-6.20641796875,3.81317578125,3.55051171875
-12.7877265625,-13.5577265625,-16.8920625,-9.93664453125,-9.78930859375,-6.35626953125,-10.9506640625,-8.0644140625,-4.7027421875,-14.8059921875,-11.29144921875,-3.2932265625,-9.44344921875,-9.97065625,-15.29183984375,-12.7948828125,-5.67880078125,-11.794875,-7.7848515625,-7.717390625,-5.43084375,-6.23725390625,-7.27405859375,-5.75853515625,-4.857203125,-1.52461328125,-0.607011718749998,-7.25041796875,2.90017578125,2.31951171875
-11.4317265625,-12.3587265625,-16.9980625,-8.86764453125,-8.43430859375,-4.50926953125,-10.4246640625,-8.2114140625,-3.9977421875,-14.1459921875,-10.29044921875,-2.0132265625,-6.90144921875,-9.59465625,-14.13183984375,-11.7058828125,-5.33880078125,-11.454875,-6.9388515625,-6.637390625,-4.76084375,-5.29825390625,-6.92905859375,-4.70853515625,-4.444203125,-1.74761328125,0.412988281250001,-6.55241796875,3.27217578125,2.33851171875
-10.1547265625,-10.8797265625,-16.9860625,-7.59464453125,-6.75830859375,-2.69726953125,-9.6226640625,-8.1584140625,-2.5067421875,-12.9489921875,-9.27344921875,-0.6652265625,-4.38744921875,-8.60565625,-12.47083984375,-10.1168828125,-4.09480078125,-10.744875,-5.8698515625,-5.046390625,-3.56784375,-4.04225390625,-5.84405859375,-3.10253515625,-3.262203125,-1.32361328125,2.18298828125,-4.65241796875,4.60517578125,3.42551171875
-9.0677265625,-9.2987265625,-16.3270625,-6.21464453125,-4.87530859375,-1.16226953125,-8.5236640625,-7.7034140625,-0.3507421875,-11.4919921875,-8.27344921875,0.6227734375,-2.55244921875,-7.29465625,-10.64583984375,-8.2438828125,-2.04680078125,-9.782875,-4.6568515625,-3.237390625,-2.10784375,-2.87425390625,-4.32905859375,-1.39653515625,-1.489203125,-0.26461328125,4.12498828125,-2.19741796875,6.43017578125,5.22251171875
-8.0967265625,-7.7507265625,-14.6590625,-4.79864453125,-2.84530859375,0.03373046875,-7.1326640625,-6.7654140625,2.2992578125,-9.9749921875,-7.16544921875,1.7607734375,-1.70444921875,-5.86865625,-8.87183984375,-6.3188828125,0.35719921875,-8.563875,-3.2748515625,-1.482390625,-0.68584375,-1.93625390625,-2.63705859375,0.0734648437499992,0.582796875,1.16438671875,5.72198828125,0.183582031250001,8.18717578125,7.21551171875
-7.0577265625,-6.3077265625,-12.0700625,-3.41964453125,-0.74030859375,0.95073046875,-5.5526640625,-5.5034140625,5.2392578125,-8.5119921875,-5.83444921875,2.6117734375,-1.77644921875,-4.43765625,-7.23183984375,-4.6148828125,2.43119921875,-7.046875,-1.7108515625,0.00360937500000003,0.38915625,-1.16925390625,-0.96105859375,1.15046484375,2.591796875,2.48238671875,6.66198828125,1.96158203125,9.33317578125,8.83251171875
-5.7547265625,-4.9577265625,-9.1080625,-2.14164453125,1.31869140625,1.70873046875,-3.9766640625,-4.2714140625,8.2082578125,-7.1279921875,-4.28044921875,3.0047734375,-2.39244921875,-3.02465625,-5.68583984375,-3.3788828125,3.55719921875,-5.218875,-0.0408515624999999,1.117609375,0.91115625,-0.43425390625,0.59594140625,1.89546484375,4.227796875,3.21438671875,6.94498828125,2.81658203125,9.52317578125,9.64451171875
-4.0777265625,-3.6337265625,-6.5560625,-1.00264453125,3.16969140625,2.40573046875,-2.6066640625,-3.4454140625,10.8592578125,-5.7739921875,-2.63044921875,2.8167734375,-3.00544921875,-1.60865625,-4.13883984375,-2.7098828125,3.45619921875,-3.137875,1.5841484375,1.906609375,0.87615625,0.389746093749999,2.03194140625,2.54546484375,5.364796875,3.14638671875,6.87898828125,2.72458203125,8.76417578125,9.53251171875
-2.1017265625,-2.2967265625,-5.0700625,-0.0376445312499998,4.62569140625,3.06173046875,-1.5796640625,-3.2514140625,12.8272578125,-4.3819921875,-1.06144921875,2.0587734375,-3.11644921875,-0.20965625,-2.52583984375,-2.4888828125,2.28119921875,-0.973875,2.9841484375,2.518609375,0.47715625,1.30674609375,3.38294140625,3.38446484375,6.077796875,2.43238671875,6.91598828125,1.93358203125,7.40917578125,8.72351171875
-0.1367265625,-1.0107265625,-4.8770625,0.657355468750001,5.49069140625,3.58673046875,-0.9396640625,-3.6774140625,13.8572578125,-2.9449921875,0.284550781249999,0.8947734375,-2.51244921875,1.04634375,-0.88383984375,-2.4218828125,0.49819921875,0.962125,4.0041484375,3.079609375,-0.00384375000000015,2.13074609375,4.60694140625,4.55346484375,6.549796875,1.50138671875,7.39898828125,0.824582031250001,5.96817578125,7.65451171875
1.3152734375,0.0132734375,-5.6650625,0.89735546875,5.60769140625,3.82673046875,-0.6466640625,-4.4934140625,13.8562578125,-1.5439921875,1.35655078125,-0.4092265625,-1.41044921875,1.92734375,0.64316015625,-2.1998828125,-1.33180078125,2.274125,4.5471484375,3.600609375,-0.32184375,2.50274609375,5.53094140625,5.94746484375,6.933796875,0.86238671875,8.38098828125,-0.25341796875,4.89217578125,6.77151171875
1.7442734375,0.4992734375,-6.7450625,0.47735546875,4.94469140625,3.64873046875,-0.5936640625,-5.3534140625,12.8542578125,-0.301992187500001,2.18755078125,-1.5742265625,-0.370449218749999,2.19734375,1.87916015625,-1.6548828125,-2.72180078125,2.625125,4.6011484375,3.974609375,-0.34084375,2.05974609375,5.91694140625,7.26446484375,7.280796875,0.90838671875,9.63098828125,-1.07141796875,4.43917578125,6.37151171875
0.8692734375,0.2362734375,-7.4410625,-0.67564453125,3.67169140625,3.02373046875,-0.6356640625,-5.9374140625,10.9812578125,0.690007812499999,2.82655078125,-2.4042265625,-0.0304492187499994,1.75034375,2.71416015625,-0.831882812499999,-3.35780078125,1.909125,4.2521484375,4.044609375,-0.0458437500000002,0.67074609375,5.60194140625,8.15946484375,7.553796875,1.76138671875,10.77598828125,-1.52341796875,4.65017578125,6.53251171875
-1.2197265625,-0.8037265625,-7.4840625,-2.41864453125,2.12669140625,2.03973046875,-0.6526640625,-6.0894140625,8.4892578125,1.4060078125,3.24355078125,-2.8612265625,-0.84944921875,0.666343749999999,3.14616015625,0.0621171875000006,-3.12780078125,0.319125,3.6681484375,3.689609375,0.46915625,-1.41925390625,4.60894140625,8.40046484375,7.656796875,3.20738671875,11.45698828125,-1.60741796875,5.38517578125,7.11151171875
-4.0997265625,-2.4577265625,-7.1570625,-4.41964453125,0.69469140625,0.84773046875,-0.6226640625,-5.9034140625,5.7192578125,1.8530078125,3.28255078125,-3.0662265625,-2.96344921875,-0.836656250000001,3.25716015625,0.751117187500001,-2.15280078125,-1.708875,3.0371484375,2.884609375,1.00815625,-3.64725390625,3.15594140625,7.93346484375,7.465796875,4.74938671875,11.43998828125,-1.42841796875,6.36017578125,7.79651171875
-7.1687265625,-4.4257265625,-7.0760625,-6.28464453125,-0.34930859375,-0.38926953125,-0.6336640625,-5.6644140625,2.9932578125,2.0480078125,2.73355078125,-3.2232265625,-6.15744921875,-2.51965625,3.14516015625,0.9921171875,-0.76980078125,-3.636875,2.5011484375,1.724609375,1.31415625,-5.37625390625,1.56694140625,6.86146484375,6.879796875,5.81238671875,10.67498828125,-1.18241796875,7.21817578125,8.21551171875
-9.8167265625,-6.3257265625,-7.7320625,-7.67064453125,-0.89330859375,-1.51926953125,-0.8056640625,-5.6804140625,0.5742578125,2.0180078125,1.50355078125,-3.4992265625,-9.85944921875,-4.17365625,2.90616015625,0.6561171875,0.54219921875,-4.981875,2.1271484375,0.427609375,1.16615625,-6.14425390625,0.17994140625,5.39246484375,5.906796875,6.01738671875,9.33098828125,-1.07741796875,7.66017578125,8.09251171875
-11.5527265625,-7.7477265625,-9.1240625,-8.34964453125,-0.95130859375,-2.38426953125,-1.1836640625,-6.1024140625,-1.2647421875,1.8310078125,-0.245449218750002,-3.9352265625,-13.20544921875,-5.60665625,2.64016015625,-0.223882812499999,1.33119921875,-5.419875,1.9281484375,-0.702390625,0.49315625,-5.78725390625,-0.73405859375,3.80046484375,4.724796875,5.36738671875,7.77498828125,-1.20241796875,7.59217578125,7.38351171875
-12.0917265625,-8.3447265625,-10.7220625,-8.23964453125,-0.61130859375,-2.86326953125,-1.6976640625,-6.8664140625,-2.2287421875,1.5680078125,-2.13444921875,-4.4562265625,-15.23444921875,-6.64165625,2.44516015625,-1.4888828125,1.31519921875,-4.866875,1.8921484375,-1.376390625,-0.57784375,-4.40225390625,-1.03305859375,2.37846484375,3.636796875,4.21638671875,6.45298828125,-1.45741796875,7.16317578125,6.26951171875
-11.4367265625,-7.9737265625,-11.7780625,-7.43264453125,-0.0183085937499996,-2.93726953125,-2.2206640625,-7.7964140625,-2.1617421875,1.2420078125,-3.76444921875,-4.9442265625,-15.21344921875,-7.16465625,2.36516015625,-2.9448828125,0.44119921875,-3.503875,1.9721484375,-1.453390625,-1.79184375,-2.26825390625,-0.76405859375,1.36046484375,2.914796875,3.04538671875,5.69798828125,-1.63341796875,6.64917578125,5.01851171875
-9.8807265625,-6.7607265625,-11.7150625,-6.19264453125,0.628691406250001,-2.71626953125,-2.6486640625,-8.7264140625,-1.2107421875,0.7730078125,-4.91544921875,-5.2912265625,-12.97044921875,-7.21065625,2.34816015625,-4.4178828125,-1.15980078125,-1.748875,2.0701484375,-1.014390625,-2.87484375,0.20774609375,-0.17405859375,0.845464843749999,2.649796875,2.19338671875,5.56398828125,-1.61041796875,6.24217578125,3.79851171875
-7.8977265625,-5.0477265625,-10.3580625,-4.86864453125,1.13269140625,-2.36426953125,-2.8966640625,-9.5414140625,0.2212578125,0.0660078124999997,-5.57544921875,-5.3982265625,-9.04144921875,-6.94565625,2.29316015625,-5.7468828125,-3.22680078125,-0.119875,2.0911484375,-0.297390625,-3.63584375,2.53774609375,0.37394140625,0.792464843749999,2.717796875,1.72438671875,5.82098828125,-1.48841796875,5.91517578125,2.61051171875
-5.9587265625,-3.2307265625,-7.9400625,-3.75864453125,1.41569140625,-1.96026953125,-2.8596640625,-10.1194140625,1.6862578125,-0.825992187500001,-5.81744921875,-5.1452265625,-4.53544921875,-6.55065625,2.16216015625,-6.7338828125,-5.37780078125,0.968125,2.0481484375,0.473609375,-3.99484375,4.25774609375,0.60594140625,1.10146484375,2.898796875,1.49338671875,6.12898828125,-1.49941796875,5.49017578125,1.38451171875
-4.3767265625,-1.6247265625,-4.9560625,-3.00364453125,1.60969140625,-1.41626953125,-2.3936640625,-10.2904140625,2.8812578125,-1.6259921875,-5.65444921875,-4.4042265625,-0.778449218749999,-6.10465625,2.07416015625,-7.1768828125,-7.11680078125,1.400125,2.1371484375,1.229609375,-3.95884375,5.09674609375,0.52694140625,1.71246484375,3.052796875,1.31438671875,6.28598828125,-1.77241796875,4.83417578125,0.13951171875
-3.2537265625,-0.4337265625,-1.9980625,-2.57164453125,2.02669140625,-0.52326953125,-1.3806640625,-9.8724140625,3.6982578125,-1.9269921875,-5.00444921875,-3.1132265625,1.13255078125,-5.54965625,2.27716015625,-6.9698828125,-7.93180078125,1.405125,2.6721484375,2.058609375,-3.59284375,5.11374609375,0.46694140625,2.63546484375,3.213796875,1.11238671875,6.35998828125,-2.14841796875,4.03217578125,-0.938488281250001
-2.5477265625,0.2202734375,0.3739375,-2.34264453125,2.99469140625,0.89473046875,0.1703359375,-8.7864140625,4.2012578125,-1.4259921875,-3.78244921875,-1.3762265625,0.68155078125,-4.78865625,3.01216015625,-6.1798828125,-7.52180078125,1.416125,3.9041484375,3.073609375,-3.00984375,4.65974609375,0.90994140625,3.87646484375,3.539796875,0.92938671875,6.59898828125,-2.22741796875,3.37017578125,-1.56148828125
-2.1907265625,0.2552734375,1.7169375,-2.23664453125,4.63069140625,2.81773046875,2.0443359375,-7.1584140625,4.5312578125,-0.1549921875,-2.04844921875,0.4887734375,-1.93344921875,-3.80165625,4.33416015625,-5.0418828125,-6.03280078125,1.795125,5.8161484375,4.244609375,-2.35984375,4.17574609375,2.17994140625,5.31546484375,4.158796875,0.82438671875,7.19298828125,-1.63841796875,3.14117578125,-1.53148828125
-2.1827265625,-0.3647265625,1.7729375,-2.30564453125,6.68069140625,4.95773046875,3.8303359375,-5.3374140625,4.7262578125,1.4370078125,-0.100449218750001,2.0187734375,-5.87244921875,-2.72865625,6.00916015625,-3.8968828125,-4.06980078125,2.600125,8.0231484375,5.325609375,-1.81484375,3.94074609375,4.18794140625,6.65346484375,5.011796875,0.77038671875,8.06698828125,-0.335417968749999,3.42317578125,-0.906488281250001
-2.5747265625,-1.5727265625,0.5529375,-2.71464453125,8.57669140625,6.83573046875,5.0363359375,-3.7844140625,4.5852578125,2.6470078125,1.55655078125,2.7687734375,-9.89744921875,-1.82765625,7.56216015625,-3.1048828125,-2.43380078125,3.547125,9.8801484375,5.935609375,-1.50484375,3.96174609375,6.41594140625,7.49446484375,5.833796875,0.65138671875,8.88698828125,1.32158203125,4.00017578125,-0.0254882812500004
-3.3787265625,-3.1447265625,-1.6220625,-3.61464453125,9.67569140625,7.97473046875,5.2983359375,-2.8864140625,3.7812578125,2.8540078125,2.40155078125,2.5247734375,-12.71344921875,-1.32965625,8.47216015625,-2.9468828125,-1.72180078125,4.195125,10.7581484375,5.762609375,-1.45184375,4.07074609375,8.14894140625,7.54046484375,6.288796875,0.35738671875,9.26598828125,2.76558203125,4.50917578125,0.657511718749999
-4.4687265625,-4.7087265625,-4.1650625,-4.98764453125,9.56969140625,8.10773046875,4.5503359375,-2.7974140625,2.1562578125,1.8370078125,2.13155078125,1.4017734375,-13.39244921875,-1.28565625,8.40916015625,-3.5228828125,-2.06180078125,4.219125,10.3481484375,4.749609375,-1.54584375,4.09974609375,8.81994140625,6.74946484375,6.161796875,-0.11761328125,9.00998828125,3.55958203125,4.66617578125,0.834511718749999
-5.6027265625,-5.8597265625,-6.4040625,-6.58564453125,8.26069140625,7.26373046875,3.0523359375,-3.4024140625,-0.0837421875,-0.1199921875,0.796550781249998,-0.2122265625,-11.74344921875,-1.54365625,7.35816015625,-4.7118828125,-3.15480078125,3.587125,8.8011484375,3.142609375,-1.60484375,3.98474609375,8.23594140625,5.34546484375,5.478796875,-0.65361328125,8.20398828125,3.59658203125,4.41617578125,0.475511718749999
-6.5377265625,-6.3437265625,-7.8210625,-8.02064453125,6.11969140625,5.70473046875,1.2533359375,-4.4144140625,-2.4627421875,-2.4019921875,-1.23544921875,-1.8572265625,-8.45044921875,-1.87565625,5.56816015625,-6.2408828125,-4.53280078125,2.526125,6.5931484375,1.352609375,-1.49884375,3.72174609375,6.57694140625,3.66346484375,4.465796875,-1.10161328125,7.09998828125,3.06458203125,3.88717578125,-0.234488281250001
-7.1407265625,-6.1527265625,-8.2170625,-8.93064453125,3.70269140625,3.79973046875,-0.4026640625,-5.4914140625,-4.4687421875,-4.3909921875,-3.43144921875,-3.2012265625,-4.79244921875,-2.13165625,3.38716015625,-7.8028828125,-5.83180078125,1.358125,4.2621484375,-0.248390625,-1.24284375,3.26774609375,4.23594140625,1.96846484375,3.406796875,-1.39361328125,5.92698828125,2.24058203125,3.24417578125,-1.08048828125
-7.4087265625,-5.4867265625,-7.7110625,-9.10964453125,1.55369140625,1.94373046875,-1.6066640625,-6.2974140625,-5.6967421875,-5.7219921875,-5.23944921875,-4.1282265625,-2.07744921875,-2.29865625,1.14316015625,-9.1328828125,-6.88580078125,0.346125,2.2061484375,-1.451390625,-0.97284375,2.52874609375,1.65294140625,0.39146484375,2.516796875,-1.57961328125,4.78298828125,1.33758203125,2.60917578125,-1.91848828125
-7.4097265625,-4.6007265625,-6.6240625,-8.54764453125,0.0846914062500002,0.51173046875,-2.2166640625,-6.5444140625,-5.8767421875,-6.3499921875,-6.20044921875,-4.6692265625,-1.09044921875,-2.42665625,-0.87883984375,-10.0228828125,-7.62380078125,-0.353875,0.6441484375,-2.197390625,-0.83984375,1.46374609375,-0.75905859375,-0.97853515625,1.902796875,-1.74861328125,3.69598828125,0.497582031250001,2.07817578125,-2.65248828125
-7.2137265625,-3.6847265625,-5.3210625,-7.38564453125,-0.48630859375,-0.19226953125,-2.2466640625,-6.0664140625,-4.9257421875,-6.4379921875,-6.05844921875,-4.8932265625,-1.88244921875,-2.53465625,-2.43183984375,-10.3278828125,-7.92080078125,-0.648875,-0.3148515625,-2.496390625,-0.90184375,0.21374609375,-2.63705859375,-1.99353515625,1.589796875,-1.91861328125,2.73098828125,-0.14741796875,1.77417578125,-3.17748828125
-6.8427265625,-2.8237265625,-4.0950625,-5.84464453125,-0.14930859375,-0.0172695312500002,-1.8376640625,-4.9354140625,-2.9927421875,-6.1909921875,-4.86144921875,-4.8522265625,-3.93344921875,-2.55465625,-3.32583984375,-10.0098828125,-7.58780078125,-0.459875,-0.6178515625,-2.370390625,-1.10584375,-0.86525390625,-3.70605859375,-2.44153515625,1.538796875,-2.01261328125,2.03498828125,-0.456417968749999,1.80917578125,-3.38348828125
-6.2447265625,-2.0357265625,-3.0860625,-4.13864453125,0.916691406249999,0.95573046875,-1.2046640625,-3.5124140625,-0.4067421875,-5.7359921875,-2.98044921875,-4.6112265625,-6.49544921875,-2.33465625,-3.47483984375,-9.1628828125,-6.51280078125,0.254125,-0.2668515625,-1.862390625,-1.36384375,-1.34825390625,-3.85105859375,-2.16853515625,1.654796875,-1.95361328125,1.73598828125,-0.345417968749999,2.18117578125,-3.22048828125
-5.3237265625,-1.3267265625,-2.2790625,-2.42364453125,2.39069140625,2.41173046875,-0.5726640625,-2.3584140625,2.4212578125,-5.0999921875,-0.997449218750001,-4.2972265625,-8.87844921875,-1.71665625,-2.92483984375,-7.9858828125,-4.83380078125,1.432125,0.6391484375,-1.074390625,-1.62684375,-0.97425390625,-3.17605859375,-1.21553515625,1.793796875,-1.75261328125,1.81598828125,0.10258203125,2.71617578125,-2.73748828125
-4.0407265625,-0.7237265625,-1.5840625,-0.80164453125,3.87369140625,3.87473046875,-0.1106640625,-2.0124140625,5.0292578125,-4.2859921875,0.505550781249999,-4.1012265625,-10.58944921875,-0.65865625,-1.85783984375,-6.7248828125,-2.95380078125,2.848125,1.8631484375,-0.196390625,-1.92084375,0.17074609375,-2.00905859375,0.121464843749999,1.792796875,-1.52761328125,2.05598828125,0.600582031250001,3.11317578125,-2.07748828125
-2.5467265625,-0.2707265625,-0.9580625,0.620355468750001,4.95269140625,4.83473046875,0.0843359374999997,-2.7184140625,6.8652578125,-3.3829921875,1.13355078125,-4.2132265625,-11.36344921875,0.641343749999999,-0.57983984375,-5.6068828125,-1.38780078125,4.119125,3.0241484375,0.505609375,-2.31484375,1.62774609375,-0.82405859375,1.37146484375,1.519796875,-1.42461328125,2.11498828125,0.75258203125,3.07917578125,-1.43648828125
-1.2547265625,-0.0117265625,-0.4980625,1.67035546875,5.28469140625,4.90373046875,-0.0116640624999995,-4.2534140625,7.3692578125,-2.6369921875,0.79555078125,-4.7142265625,-11.17444921875,1.72534375,0.529160156250001,-4.7848828125,-0.55580078125,4.814125,3.6721484375,0.740609375,-2.86684375,2.74774609375,-0.10005859375,2.05646484375,0.928796875,-1.53261328125,1.70498828125,0.253582031250001,2.46017578125,-1.00948828125
-0.7537265625,0.0102734375,-0.4210625,2.11735546875,4.66469140625,3.93873046875,-0.3776640625,-5.9694140625,6.1832578125,-2.3879921875,-0.317449218750001,-5.5072265625,-10.26444921875,2.02834375,1.10916015625,-4.3078828125,-0.62780078125,4.614125,3.4521484375,0.294609375,-3.57984375,2.99074609375,-0.14705859375,1.89946484375,0.0827968749999997,-1.83361328125,0.768988281250001,-0.890417968749999,1.34117578125,-0.92748828125
-1.5797265625,-0.2607265625,-0.9410625,1.74935546875,3.08669140625,2.10373046875,-0.9666640625,-7.0824140625,3.3362578125,-2.9229921875,-1.82444921875,-6.3422265625,-9.12544921875,1.11834375,0.95116015625,-4.1248828125,-1.50280078125,3.464125,2.2731484375,-0.878390625,-4.39984375,2.19474609375,-0.99605859375,0.964464843749999,-0.863203125,-2.22061328125,-0.454011718749998,-2.29041796875,0.0161757812499999,-1.22448828125
-3.8957265625,-0.8907265625,-2.1060625,0.52535546875,0.77669140625,-0.15926953125,-1.6996640625,-7.0454140625,-0.7267421875,-4.2779921875,-3.27944921875,-6.9182265625,-8.35944921875,-1.08465625,0.106160156250001,-4.1258828125,-2.88580078125,1.614125,0.3831484375,-2.595390625,-5.25084375,0.64574609375,-2.39905859375,-0.34553515625,-1.715203125,-2.56961328125,-1.52401171875,-3.35441796875,-1.13382421875,-1.85448828125
-7.2877265625,-1.8957265625,-3.6820625,-1.31564453125,-1.82530859375,-2.23726953125,-2.4386640625,-5.8064140625,-5.2367421875,-6.1389921875,-4.25644921875,-7.0162265625,-8.40944921875,-4.23665625,-1.07983984375,-4.1748828125,-4.39080078125,-0.479875,-1.6908515625,-4.459390625,-6.06284375,-1.08925390625,-3.95205859375,-1.44553515625,-2.304203125,-2.81661328125,-2.01101171875,-3.60141796875,-1.82282421875,-2.73748828125
-10.8337265625,-3.1747265625,-5.1980625,-3.26664453125,-4.16730859375,-3.53526953125,-2.9696640625,-3.7994140625,-9.2857421875,-7.9199921875,-4.42544921875,-6.5762265625,-9.35044921875,-7.69965625,-2.07783984375,-4.1388828125,-5.64680078125,-2.341875,-3.3458515625,-5.973390625,-6.77784375,-2.46325390625,-5.27605859375,-1.82453515625,-2.544203125,-3.00261328125,-1.72001171875,-2.92841796875,-1.99082421875,-3.80348828125
-13.5097265625,-4.5247265625,-6.1650625,-4.76964453125,-5.78230859375,-3.70526953125,-3.0876640625,-1.7124140625,-12.1447421875,-9.0429921875,-3.65744921875,-5.7272265625,-10.91444921875,-10.82265625,-2.41683984375,-3.9528828125,-6.38980078125,-3.662875,-4.1638515625,-6.730390625,-7.35284375,-3.19325390625,-6.17905859375,-1.30453515625,-2.482203125,-3.27861328125,-0.817011718749998,-1.67541796875,-1.84082421875,-5.03548828125
-14.6987265625,-5.7467265625,-6.3640625,-5.49464453125,-6.49730859375,-2.81426953125,-2.7366640625,-0.2044140625,-13.5847421875,-9.2419921875,-2.11044921875,-4.7532265625,-12.73344921875,-13.21565625,-1.93683984375,-3.6918828125,-6.51680078125,-4.407875,-4.1108515625,-6.603390625,-7.78284375,-3.34525390625,-6.71405859375,-0.154535156250001,-2.304203125,-3.82761328125,0.205988281250002,-0.476417968749999,-1.77082421875,-6.48348828125
-14.4617265625,-6.7307265625,-6.0020625,-5.49764453125,-6.47230859375,-1.31126953125,-2.0596640625,0.3325859375,-13.9517421875,-8.6789921875,-0.181449218750002,-3.9842265625,-14.58444921875,-14.82365625,-0.85183984375,-3.5518828125,-6.09880078125,-4.771875,-3.5218515625,-5.789390625,-8.09784375,-3.24925390625,-7.10405859375,1.03746484375,-2.255203125,-4.72361328125,0.740988281250001,0.039582031250001,-2.17982421875,-8.18548828125
-13.4117265625,-7.4427265625,-5.5680625,-5.12364453125,-6.05230859375,0.21673046875,-1.2946640625,-0.0924140625000001,-13.8597421875,-7.7549921875,1.69955078125,-3.6342265625,-16.44344921875,-15.76165625,0.43416015625,-3.6848828125,-5.31180078125,-5.015875,-2.8588515625,-4.656390625,-8.30184375,-3.30725390625,-7.55205859375,1.68546484375,-2.480203125,-5.80561328125,0.378988281250001,-0.447417968749999,-3.24382421875,-10.01348828125
-12.2837265625,-7.8397265625,-5.4880625,-4.74364453125,-5.52130859375,1.36573046875,-0.5856640625,-1.0924140625,-13.7807421875,-6.7849921875,3.31755078125,-3.6642265625,-18.34244921875,-16.08965625,1.60216015625,-4.0178828125,-4.34980078125,-5.283875,-2.4248515625,-3.527390625,-8.31584375,-3.80125390625,-8.09705859375,1.52546484375,-2.894203125,-6.66361328125,-0.869011718749999,-1.79441796875,-4.77982421875,-11.60248828125
-11.5297265625,-7.8207265625,-5.8100625,-4.52564453125,-4.94730859375,2.10073046875,0.1193359375,-2.0744140625,-13.8427421875,-5.7629921875,4.76255078125,-3.7772265625,-20.16144921875,-15.71465625,2.58416015625,-4.2278828125,-3.35080078125,-5.507875,-2.2178515625,-2.524390625,-7.98484375,-4.76025390625,-8.58005859375,0.72946484375,-3.194203125,-6.82461328125,-2.54701171875,-3.46441796875,-6.31082421875,-12.45948828125
-11.1397265625,-7.2637265625,-6.1430625,-4.36664453125,-4.20130859375,2.71973046875,1.0243359375,-2.4974140625,-13.8977421875,-4.3929921875,6.33955078125,-3.5642265625,-21.53244921875,-14.48265625,3.53216015625,-3.9118828125,-2.39180078125,-5.438875,-1.9868515625,-1.581390625,-7.15284375,-5.91825390625,-8.73305859375,-0.21253515625,-3.007203125,-6.00461328125,-3.96801171875,-4.75241796875,-7.28482421875,-12.19848828125
-10.7537265625,-6.1167265625,-5.8850625,-4.00464453125,-3.09530859375,3.63273046875,2.3563359375,-2.0894140625,-13.6727421875,-2.3369921875,8.36855078125,-2.7312265625,-21.90844921875,-12.32865625,4.65516015625,-2.8218828125,-1.56280078125,-4.799875,-1.4128515625,-0.547390625,-5.75484375,-6.78325390625,-8.31205859375,-0.73653515625,-2.086203125,-4.29061328125,-4.50801171875,-5.05741796875,-7.29982421875,-10.74548828125
-9.9457265625,-4.4697265625,-4.6030625,-3.20664453125,-1.54630859375,5.09973046875,4.2053359375,-0.9394140625,-12.9187421875,0.4920078125,10.98455078125,-1.2672265625,-20.81744921875,-9.39665625,6.06216015625,-1.0248828125,-1.03680078125,-3.445875,-0.2808515625,0.701609375,-3.87684375,-6.83025390625,-7.20705859375,-0.436535156250001,-0.454203125,-2.12061328125,-3.85601171875,-4.08941796875,-6.25182421875,-8.37248828125
-8.5077265625,-2.5697265625,-2.3380625,-1.94264453125,0.329691406249999,7.04673046875,6.4343359375,0.5615859375,-11.5917421875,3.7780078125,14.02555078125,0.5227734375,-18.18244921875,-6.03865625,7.68716015625,1.0891171875,-1.04480078125,-1.458875,1.4241484375,2.178609375,-1.73884375,-5.75525390625,-5.48205859375,0.81746484375,1.600796875,-0.07861328125,-2.09701171875,-1.97241796875,-4.34482421875,-5.59148828125
-6.5767265625,-0.7717265625,0.3549375,-0.43264453125,2.23869140625,9.09173046875,8.6773359375,1.8785859375,-9.9607421875,6.8970078125,17.06355078125,2.1567734375,-14.48044921875,-2.71765625,9.32016015625,2.9461171875,-1.72980078125,0.891125,3.5041484375,3.795609375,0.37615625,-3.62425390625,-3.33605859375,2.87146484375,3.658796875,1.36338671875,0.391988281250002,0.820582031250002,-1.97882421875,-2.94448828125
-4.5557265625,0.5782734375,2.6569375,0.950355468750001,3.83569140625,10.75373046875,10.4713359375,2.5655859375,-8.5047421875,9.2020078125,19.58255078125,3.2017734375,-10.59844921875,0.13634375,10.70816015625,4.0451171875,-2.95380078125,3.273125,5.6451484375,5.399609375,2.23515625,-0.84625390625,-1.01205859375,5.38246484375,5.358796875,2.02638671875,3.14298828125,3.67658203125,0.42917578125,-0.790488281250001
-2.9137265625,1.2652734375,3.8929375,1.85635546875,4.88369140625,11.71473046875,11.4433359375,2.4365859375,-7.6447421875,10.3200078125,21.20555078125,3.4617734375,-7.44344921875,2.22934375,11.66416015625,4.1791171875,-4.24180078125,5.397125,7.5291484375,6.817609375,3.73215625,2.00874609375,1.25894140625,7.93246484375,6.529796875,2.04238671875,5.76998828125,6.06858203125,2.58017578125,0.795511718749999
-2.0137265625,1.2562734375,3.8139375,2.07935546875,5.32169140625,11.94173046875,11.4493359375,1.6205859375,-7.5557421875,10.2670078125,21.82355078125,3.0317734375,-5.57744921875,3.40834375,12.09216015625,3.5011171875,-4.94380078125,7.029125,8.9101484375,7.871609375,4.90215625,4.39774609375,3.25894140625,10.12846484375,7.193796875,1.74738671875,8.03798828125,7.68858203125,4.32217578125,1.96651171875
-2.0507265625,0.6652734375,2.6239375,1.59235546875,5.23869140625,11.62773046875,10.5913359375,0.4545859375,-8.1897421875,9.3680078125,21.56255078125,2.2077734375,-5.10444921875,3.60934375,11.96916015625,2.4071171875,-4.53880078125,7.938125,9.6171484375,8.382609375,5.88115625,5.92674609375,4.75494140625,11.67546484375,7.493796875,1.53438671875,9.82798828125,8.45458203125,5.60117578125,2.92851171875
-3.0497265625,-0.3397265625,0.8099375,0.49835546875,4.78469140625,11.01673046875,9.1443359375,-0.6904140625,-9.3667421875,8.0640078125,20.64755078125,1.3427734375,-5.82244921875,2.84034375,11.31916015625,1.3471171875,-2.91680078125,7.899125,9.5461484375,8.224609375,6.85215625,6.40574609375,5.51994140625,12.41746484375,7.593796875,1.71838671875,11.08098828125,8.46358203125,6.39917578125,3.80051171875
-4.8517265625,-1.5887265625,-1.0950625,-0.99364453125,4.11769140625,10.28173046875,7.4563359375,-1.5364140625,-10.8037421875,6.7600078125,19.29455078125,0.7467734375,-7.46144921875,1.23934375,10.24316015625,0.687117187500001,-0.43880078125,6.794125,8.7121484375,7.420609375,7.98215625,5.87874609375,5.43194140625,12.37646484375,7.629796875,2.45638671875,11.79398828125,7.95458203125,6.72817578125,4.56751171875
-7.0947265625,-2.9127265625,-2.6720625,-2.58964453125,3.40169140625,9.51173046875,5.8923359375,-1.9214140625,-12.1537421875,5.7680078125,17.68555078125,0.6467734375,-9.83844921875,-0.852656250000001,8.96716015625,0.654117187500001,2.25019921875,4.757125,7.3081484375,6.217609375,9.36615625,4.62274609375,4.59194140625,11.74846484375,7.696796875,3.71538671875,12.03098828125,7.26158203125,6.64217578125,5.14151171875
-9.2467265625,-4.1297265625,-3.6830625,-3.93764453125,2.83869140625,8.78673046875,4.7993359375,-1.7674140625,-13.1347421875,5.3220078125,16.03055078125,1.1997734375,-12.82544921875,-2.91865625,7.82716015625,1.3261171875,4.54219921875,2.251125,5.7291484375,5.058609375,10.96915625,3.09974609375,3.34294140625,10.86446484375,7.861796875,5.29938671875,11.93098828125,6.72758203125,6.23817578125,5.43751171875
-10.7217265625,-5.0187265625,-4.0570625,-4.69264453125,2.66069140625,8.25473046875,4.4683359375,-1.0424140625,-13.6347421875,5.6090078125,14.60355078125,2.4717734375,-16.18644921875,-4.40965625,7.19516015625,2.6441171875,6.09719921875,-0.0318749999999999,4.4851484375,4.431609375,12.61515625,1.82774609375,2.17694140625,10.09546484375,8.160796875,6.92438671875,11.65398828125,6.60358203125,5.63417578125,5.42951171875
-11.0457265625,-5.3357265625,-3.8500625,-4.61764453125,3.09169140625,8.12873046875,5.0533359375,0.2145859375,-13.6617421875,6.7620078125,13.70655078125,4.3887734375,-19.42144921875,-4.92065625,7.35116015625,4.4371171875,6.86619921875,-1.400875,4.0471484375,4.665609375,14.02615625,1.21974609375,1.55294140625,9.74146484375,8.586796875,8.30038671875,11.29998828125,6.96358203125,4.92617578125,5.15051171875
-10.0027265625,-4.8637265625,-3.1900625,-3.65864453125,4.25869140625,8.61073046875,6.4973359375,1.8545859375,-13.2217421875,8.7970078125,13.53755078125,6.6957734375,-21.82244921875,-4.32265625,8.37316015625,6.4601171875,6.96219921875,-1.438875,4.6641484375,5.771609375,14.91015625,1.44774609375,1.71894140625,9.93446484375,9.065796875,9.19138671875,10.85398828125,7.68758203125,4.14617578125,4.65251171875
-7.7027265625,-3.5107265625,-2.2100625,-1.96264453125,6.12669140625,9.77473046875,8.5043359375,3.5955859375,-12.2767421875,11.5450078125,14.04155078125,8.9887734375,-22.75144921875,-2.78265625,10.08916015625,8.4321171875,6.50819921875,-0.159875,6.2461484375,7.417609375,15.06415625,2.39174609375,2.62394140625,10.58646484375,9.460796875,9.44938671875,10.18698828125,8.50758203125,3.24817578125,3.95951171875
-4.5427265625,-1.3947265625,-0.9800625,0.192355468750001,8.48369140625,11.51873046875,10.6233359375,5.0935859375,-10.7897421875,14.6330078125,14.87055078125,10.8347734375,-21.97344921875,-0.669656250000001,12.11016015625,10.0771171875,5.58119921875,2.017125,8.3721484375,9.053609375,14.43715625,3.70674609375,3.95194140625,11.42146484375,9.600796875,9.03638671875,9.13598828125,9.11358203125,2.13717578125,3.05551171875
-1.0497265625,1.1732734375,0.5319375,2.51235546875,11.00869140625,13.58973046875,12.4163359375,6.0725859375,-8.7557421875,17.5740078125,15.52155078125,11.9177734375,-19.76844921875,1.62234375,13.96316015625,11.1861171875,4.26019921875,4.471125,10.4571484375,10.133609375,13.14315625,5.00074609375,5.27694140625,12.09746484375,9.349796875,8.02038671875,7.62298828125,9.28258203125,0.76017578125,1.96051171875
2.2982734375,3.8002734375,2.4239375,4.78835546875,13.37969140625,15.66973046875,13.6073359375,6.4435859375,-6.2107421875,19.9210078125,15.56155078125,12.1267734375,-16.72744921875,3.82634375,15.25616015625,11.6561171875,2.71019921875,6.634125,11.9741484375,10.335609375,11.42815625,6.03574609375,6.25694140625,12.36146484375,8.660796875,6.56938671875,5.74198828125,8.99058203125,-0.79882421875,0.802511718749999
5.1842734375,6.1302734375,4.7349375,6.90435546875,15.33569140625,17.42173046875,14.1193359375,6.3225859375,-3.3247421875,21.3860078125,14.79255078125,11.5287734375,-13.44444921875,5.81634375,15.77816015625,11.4621171875,1.20619921875,8.169125,12.6071484375,9.635609375,9.58415625,6.82774609375,6.74694140625,12.12546484375,7.576796875,4.91638671875,3.75898828125,8.40458203125,-2.30582421875,-0.194488281250001
7.4262734375,7.8922734375,7.2929375,8.75735546875,16.67069140625,18.50873046875,13.9833359375,5.9195859375,-0.5197421875,21.8740078125,13.26755078125,10.2627734375,-10.36344921875,7.49634375,15.49616015625,10.5861171875,0.02819921875,8.974125,12.2531484375,8.235609375,7.84315625,7.55274609375,6.76394140625,11.43946484375,6.183796875,3.29038671875,1.99298828125,7.74158203125,-3.50282421875,-0.875488281250001
8.9022734375,8.8912734375,9.6509375,10.16935546875,17.19369140625,18.63673046875,13.2393359375,5.3835859375,1.5892578125,21.4330078125,11.20255078125,8.4417734375,-7.85544921875,8.68434375,14.49116015625,9.0031171875,-0.72080078125,9.079125,10.9541484375,6.413609375,6.29915625,8.32874609375,6.35594140625,10.38946484375,4.558796875,1.82438671875,0.640988281250001,7.06758203125,-4.28682421875,-1.30448828125
9.5292734375,9.0202734375,11.2169375,10.90735546875,16.75269140625,17.65973046875,11.9083359375,4.7275859375,2.4782578125,20.2120078125,8.88855078125,6.1417734375,-6.31644921875,9.13734375,12.91416015625,6.7511171875,-1.19180078125,8.561125,8.8611484375,4.440609375,4.92415625,9.04474609375,5.50794140625,9.04346484375,2.781796875,0.50938671875,-0.310011718749998,6.21458203125,-4.79382421875,-1.78048828125
9.3472734375,8.3382734375,11.5349375,10.83535546875,15.34869140625,15.70773046875,10.0623359375,3.8655859375,2.0002578125,18.4540078125,6.65755078125,3.4667734375,-6.09144921875,8.71934375,10.99416015625,4.0251171875,-1.66780078125,7.552125,6.2721484375,2.570609375,3.66915625,9.42574609375,4.18994140625,7.49146484375,1.003796875,-0.74761328125,-1.01801171875,4.90658203125,-5.30882421875,-2.64448828125
8.6152734375,7.1452734375,10.5859375,10.08335546875,13.26369140625,13.24573046875,7.9363359375,2.7695859375,0.4752578125,16.5180078125,4.86255078125,0.6387734375,-7.19444921875,7.57734375,9.05116015625,1.2001171875,-2.30580078125,6.337125,3.6781484375,1.082609375,2.59215625,9.28674609375,2.52094140625,5.94646484375,-0.494203125,-1.97061328125,-1.59501171875,3.04558203125,-6.02382421875,-4.02248828125
7.8152734375,5.9702734375,8.9099375,9.10935546875,11.09369140625,10.98873046875,5.9753359375,1.5975859375,-1.3997421875,14.8540078125,3.84155078125,-1.9782265625,-9.09844921875,6.18134375,7.47216015625,-1.2158828125,-2.97980078125,5.393125,1.7221484375,0.276609375,1.90515625,8.79574609375,0.89094140625,4.78646484375,-1.336203125,-2.98861328125,-1.93001171875,0.94858203125,-6.81882421875,-5.63948828125
7.5182734375,5.4082734375,7.4349375,8.56335546875,9.59269140625,9.66673046875,4.7433359375,0.6955859375,-2.7717421875,13.8920078125,3.83255078125,-3.9562265625,-10.78544921875,5.16134375,6.62516015625,-2.7108828125,-3.35080078125,5.288125,1.0351484375,0.395609375,1.90015625,8.50674609375,-0.0950585937499999,4.45946484375,-1.208203125,-3.47161328125,-1.69501171875,-0.671417968749999,-7.23482421875,-6.88748828125
8.1392734375,5.8592734375,7.0439375,9.00235546875,9.35869140625,9.71873046875,4.6853359375,0.4165859375,-2.9457421875,13.8720078125,4.82955078125,-4.9802265625,-11.15144921875,5.01434375,6.72216015625,-2.9558828125,-3.13080078125,6.430125,1.9661484375,1.478609375,2.74215625,9.08874609375,0.10894140625,5.26946484375,-0.0612031250000002,-3.14061328125,-0.543011718749998,-1.02441796875,-6.72582421875,-7.13448828125
9.7132734375,7.3272734375,8.1169375,10.58535546875,10.51269140625,11.06873046875,5.8533359375,0.8825859375,-1.7437421875,14.7080078125,6.48855078125,-5.0272265625,-9.54344921875,5.83134375,7.68116015625,-1.9928828125,-2.35480078125,8.805125,4.3481484375,3.242609375,4.26815625,10.89574609375,1.66494140625,7.14446484375,1.752796875,-2.02961328125,1.60998828125,0.29158203125,-5.04282421875,-6.12748828125
11.8362734375,9.3972734375,10.3199375,12.95835546875,12.58869140625,13.11973046875,7.8063359375,1.8655859375,0.3552578125,15.9890078125,8.18255078125,-4.4172265625,-6.11144921875,7.24734375,9.11016015625,-0.276882812499999,-1.44480078125,11.894125,7.4651484375,5.110609375,5.95915625,13.68074609375,4.17894140625,9.57746484375,3.565796875,-0.57761328125,4.41898828125,2.99858203125,-2.49782421875,-4.19348828125
13.8292734375,11.4402734375,12.8059375,15.38035546875,14.73569140625,15.01973046875,9.7803359375,2.9055859375,2.4662578125,17.1770078125,9.26055078125,-3.6562265625,-1.72044921875,8.63934375,10.45816015625,1.5151171875,-1.00580078125,14.828125,10.3171484375,6.434609375,7.14815625,16.63774609375,6.85294140625,11.82046484375,4.674796875,0.53838671875,7.20998828125,6.23058203125,0.10317578125,-2.07948828125
15.0482734375,12.9102734375,14.6799375,17.03535546875,16.13069140625,16.06673046875,11.0663359375,3.5695859375,3.7692578125,17.8760078125,9.38355078125,-3.1772265625,2.51055078125,9.44434375,11.27816015625,2.8321171875,-1.42880078125,16.743125,12.0611484375,6.808609375,7.37815625,18.74574609375,8.84494140625,13.23146484375,4.678796875,0.76438671875,9.27998828125,8.94758203125,1.83617578125,-0.53848828125
15.1592734375,13.5632734375,15.4409375,17.36135546875,16.35669140625,16.00073046875,11.3453359375,3.6805859375,3.8642578125,18.0190078125,8.72055078125,-3.1202265625,5.74855078125,9.38534375,11.43016015625,3.5031171875,-2.58380078125,17.126125,12.3661484375,6.277609375,6.65115625,19.23374609375,9.64494140625,13.56946484375,3.666796875,-0.03461328125,10.21598828125,10.41258203125,2.10617578125,0.0415117187499998
14.2432734375,13.4882734375,15.1379375,16.25235546875,15.53869140625,15.05773046875,10.7983359375,3.3725859375,2.8592578125,17.8550078125,7.87155078125,-3.2872265625,7.70355078125,8.52234375,11.11416015625,3.7611171875,-3.82180078125,15.997125,11.4961484375,5.317609375,5.42315625,17.90174609375,9.25194140625,13.08246484375,2.163796875,-1.49561328125,10.05198828125,10.47258203125,0.91717578125,-0.22748828125
12.7052734375,12.9842734375,14.2169375,14.07835546875,14.22069140625,13.78073046875,9.9743359375,2.9935859375,1.2722578125,17.7770078125,7.55555078125,-3.2732265625,8.52255078125,7.16134375,10.74816015625,4.0771171875,-4.29280078125,13.872125,10.1071484375,4.591609375,4.37115625,15.17474609375,8.10894140625,12.34446484375,0.893796875,-2.92961328125,9.20898828125,9.54358203125,-1.14782421875,-0.867488281250001
11.0452734375,12.3962734375,13.2309375,11.50535546875,13.04769140625,12.71373046875,9.4973359375,2.9255859375,-0.1777421875,18.0860078125,8.25555078125,-2.6932265625,8.49855078125,5.69634375,10.74216015625,4.8851171875,-3.38080078125,11.520125,8.9101484375,4.621609375,4.07315625,11.85374609375,6.83494140625,11.95546484375,0.476796875,-3.63561328125,8.25798828125,8.32458203125,-3.22382421875,-1.29348828125
9.6382734375,11.9682734375,12.5799375,9.21535546875,12.43069140625,12.13573046875,9.7503359375,3.4155859375,-0.8917421875,18.8020078125,9.95555078125,-1.3882265625,7.83155078125,4.44434375,11.27516015625,6.3421171875,-0.98080078125,9.630125,8.3321484375,5.517609375,4.75415625,8.71974609375,5.91194140625,12.22946484375,1.168796875,-3.20361328125,7.63098828125,7.41158203125,-4.58382421875,-1.10448828125
8.5952734375,11.7602734375,12.4139375,7.63035546875,12.34269140625,11.93773046875,10.6853359375,4.4725859375,-0.6977421875,19.6350078125,12.09955078125,0.4607734375,6.57955078125,3.53034375,12.18016015625,8.2161171875,2.45419921875,8.553125,8.3371484375,6.918609375,6.19515625,6.22174609375,5.46694140625,13.03146484375,2.757796875,-1.70361328125,7.41698828125,7.01558203125,-4.97782421875,-0.282488281250001
7.7882734375,11.6562734375,12.6639375,6.77935546875,12.35569140625,11.72773046875,11.8543359375,5.8635859375,0.1102578125,20.1150078125,13.79655078125,2.3787734375,4.77555078125,2.86034375,13.00416015625,9.9771171875,6.07519921875,8.214125,8.4961484375,8.152609375,7.82515625,4.37874609375,5.26794140625,13.83046484375,4.634796875,0.31338671875,7.34898828125,6.91758203125,-4.70482421875,0.810511718749999
6.9772734375,11.4232734375,13.1249375,6.35835546875,11.87169140625,11.04573046875,12.6313359375,7.1795859375,1.0132578125,19.8200078125,14.17255078125,3.7487734375,2.58755078125,2.20634375,13.21216015625,11.0311171875,8.88819921875,8.218125,8.2301484375,8.531609375,8.92915625,2.93274609375,4.88894140625,13.94846484375,6.018796875,2.02338671875,6.98098828125,6.65658203125,-4.39582421875,1.61651171875
5.9362734375,10.7762734375,13.4919375,5.90035546875,10.40269140625,9.56873046875,12.4673359375,7.9075859375,1.5332578125,18.5340078125,12.69355078125,4.0047734375,0.401550781250001,1.29634375,12.39516015625,10.9411171875,10.00519921875,8.068125,7.0841484375,7.614609375,8.89115625,1.60674609375,3.93794140625,12.85146484375,6.224796875,2.65338671875,5.93098828125,5.80958203125,-4.65382421875,1.65951171875
4.5062734375,9.4312734375,13.3689375,4.98335546875,7.75369140625,7.18973046875,11.0613359375,7.5255859375,1.3412578125,16.2730078125,9.32155078125,2.7867734375,-1.24644921875,-0.114656250000001,10.37416015625,9.5271171875,8.84519921875,7.368125,4.8831484375,5.316609375,7.36515625,0.32174609375,2.21794140625,10.35946484375,4.871796875,1.78538671875,4.07298828125,4.21658203125,-5.74082421875,0.758511718749999
2.5962734375,7.1762734375,12.3089375,3.39235546875,4.08269140625,3.99273046875,8.4223359375,5.6425859375,0.2702578125,13.2100078125,4.49655078125,0.0517734375000005,-1.86844921875,-2.17965625,7.21316015625,6.8931171875,5.28819921875,5.960125,1.7491484375,1.895609375,4.38215625,-0.72725390625,-0.19505859375,6.70146484375,1.999796875,-0.49961328125,1.58298828125,2.09258203125,-7.45782421875,-0.88948828125
0.2122734375,4.0012734375,9.9659375,1.22335546875,-0.140308593749999,0.21173046875,4.8613359375,2.2005859375,-1.6247421875,9.6250078125,-1.00844921875,-3.8732265625,-1.24844921875,-4.88165625,3.22116015625,3.4501171875,-0.22380078125,3.974125,-1.9238515625,-2.119390625,0.37215625,-1.16125390625,-2.97405859375,2.45446484375,-1.917203125,-3.68561328125,-1.13101171875,-0.0144179687499992,-9.23382421875,-2.77448828125
-2.4917265625,0.2082734375,6.3089375,-1.13664453125,-4.24830859375,-3.78226953125,0.9493359375,-2.3674140625,-4.0147421875,5.8950078125,-6.28544921875,-8.3232265625,0.44255078125,-7.96065625,-1.04983984375,-0.0848828124999992,-6.67580078125,1.791125,-5.5458515625,-6.013390625,-3.90784375,-0.62325390625,-5.60905859375,-1.60753515625,-6.065203125,-7.02461328125,-3.57501171875,-1.40041796875,-10.38482421875,-4.26348828125
-5.1977265625,-3.5847265625,1.7729375,-3.15264453125,-7.54530859375,-7.51126953125,-2.5936640625,-7.1554140625,-6.3977421875,2.4940078125,-10.50844921875,-12.4302265625,2.67855078125,-10.94565625,-4.84083984375,-2.8188828125,-12.64480078125,-0.0838749999999999,-8.4578515625,-9.025390625,-7.55884375,1.00674609375,-7.55405859375,-4.72653515625,-9.513203125,-9.76361328125,-5.32901171875,-1.48841796875,-10.41282421875,-4.85848828125
-7.4827265625,-6.6297265625,-2.7890625,-4.36764453125,-9.50930859375,-10.44726953125,-5.0636640625,-11.0234140625,-8.2977421875,-0.0729921875000006,-13.10844921875,-15.3712265625,4.74455078125,-13.28765625,-7.35183984375,-3.9468828125,-16.68880078125,-1.203875,-10.1118515625,-10.549390625,-9.79584375,3.47674609375,-8.40005859375,-6.38653515625,-11.500203125,-11.34761328125,-6.17301171875,-0.108417968749999,-9.23682421875,-4.41448828125
-8.9467265625,-8.3237265625,-6.3600625,-4.58464453125,-9.93330859375,-12.12226953125,-5.9616640625,-12.9934140625,-9.3937421875,-1.3969921875,-13.85844921875,-16.6132265625,5.96155078125,-14.53665625,-7.98483984375,-3.0528828125,-17.84980078125,-1.356875,-10.2388515625,-10.332390625,-10.19484375,6.18774609375,-8.01405859375,-6.47653515625,-11.688203125,-11.54561328125,-6.11501171875,2.38258203125,-7.23582421875,-3.17948828125
-9.3357265625,-8.4357265625,-8.1340625,-3.93364453125,-8.95730859375,-12.25926953125,-5.1516640625,-12.6204140625,-9.5587421875,-1.2989921875,-12.85944921875,-16.0782265625,5.91055078125,-14.46365625,-6.58583984375,-0.297882812499999,-16.02180078125,-0.637875,-8.9238515625,-8.563390625,-8.81284375,8.37874609375,-6.57505859375,-5.29853515625,-10.260203125,-10.48261328125,-5.32101171875,5.22258203125,-5.08882421875,-1.66048828125
-8.6257265625,-7.1697265625,-7.8230625,-2.77864453125,-6.98330859375,-10.89426953125,-2.9126640625,-10.1724140625,-8.8627421875,0.1030078125,-10.47344921875,-14.1492265625,4.57155078125,-13.10565625,-3.54583984375,3.6091171875,-11.99080078125,0.631125,-6.5588515625,-5.791390625,-6.13384375,9.41074609375,-4.47705859375,-3.40353515625,-7.806203125,-8.56061328125,-3.99001171875,7.59058203125,-3.44382421875,-0.374488281250001
-7.0267265625,-5.0527265625,-5.7740625,-1.52464453125,-4.52430859375,-8.40626953125,0.1463359375,-6.5184140625,-7.5657421875,2.4540078125,-7.22444921875,-11.5122265625,2.30555078125,-10.71265625,0.31616015625,7.6631171875,-7.08080078125,2.073125,-3.7058515625,-2.695390625,-2.86084375,9.02374609375,-2.15205859375,-1.32753515625,-5.050203125,-6.30461328125,-2.24601171875,9.01358203125,-2.59682421875,0.388511718749999
-4.9197265625,-2.7087265625,-2.8160625,-0.43564453125,-2.05730859375,-5.42626953125,3.3023359375,-2.7654140625,-6.0127421875,5.2940078125,-3.68744921875,-8.9032265625,-0.330449218749999,-7.65165625,4.04116015625,10.9271171875,-2.60780078125,3.431125,-0.9148515625,0.163609375,0.33315625,7.44974609375,0.0899414062500001,0.60646484375,-2.578203125,-4.18761328125,-0.133011718749998,9.57958203125,-2.35682421875,0.681511718749999
-2.7477265625,-0.6427265625,0.0939375000000001,0.43335546875,0.0696914062499996,-2.63926953125,5.9583359375,0.1745859375,-4.4977421875,8.1930078125,-0.400449218750001,-6.8732265625,-2.79944921875,-4.33865625,6.85216015625,12.8401171875,0.60119921875,4.614125,1.3991484375,2.488609375,2.97915625,5.30574609375,2.09294140625,2.32346484375,-0.684203125,-2.52461328125,2.29598828125,9.82358203125,-2.20582421875,0.82051171875
-0.8987265625,0.8812734375,2.2539375,1.17435546875,1.66669140625,-0.57626953125,7.7983359375,1.8725859375,-3.2237421875,10.8120078125,2.17455078125,-5.6412265625,-4.72544921875,-1.22465625,8.35716015625,13.3161171875,2.39119921875,5.622125,2.9901484375,4.213609375,4.86015625,3.30874609375,3.75194140625,3.85346484375,0.595796875,-1.43361328125,4.85798828125,10.30658203125,-1.66682421875,1.15151171875
0.4052734375,1.8632734375,3.4619375,1.90835546875,2.69469140625,0.52873046875,8.8023359375,2.4455859375,-2.3547421875,12.9060078125,3.68055078125,-5.0852265625,-5.86344921875,1.22634375,8.57116015625,12.6391171875,3.11819921875,6.427125,3.7321484375,5.364609375,5.95615625,1.97074609375,4.88894140625,5.14646484375,1.349796875,-0.85661328125,7.18698828125,11.20858203125,-0.62982421875,1.81851171875
1.1672734375,2.5092734375,4.0129375,2.71435546875,3.24569140625,0.78073046875,9.1543359375,2.4065859375,-2.0237421875,14.3270078125,3.93355078125,-4.8482265625,-6.01944921875,2.63734375,7.82516015625,11.2941171875,3.29919921875,6.918125,3.5971484375,5.954609375,6.38315625,1.43174609375,5.24594140625,6.00146484375,1.681796875,-0.60661328125,8.82998828125,12.20658203125,0.58917578125,2.68751171875
1.5792734375,3.1012734375,4.4549375,3.59435546875,3.49569140625,0.53673046875,9.1063359375,2.3835859375,-2.2457421875,15.0420078125,3.01555078125,-4.5072265625,-5.05944921875,2.87334375,6.62016015625,9.8171171875,3.27819921875,6.948125,2.6651484375,5.973609375,6.35915625,1.51374609375,4.62094140625,6.15246484375,1.674796875,-0.42361328125,9.44098828125,12.73358203125,1.48417578125,3.46551171875
1.8812734375,3.8352734375,5.2199375,4.46135546875,3.62469140625,0.22273046875,8.8453359375,2.8385859375,-2.8777421875,15.1210078125,1.30155078125,-3.7662265625,-3.04644921875,2.12334375,5.47916015625,8.6601171875,3.09419921875,6.451125,1.1631484375,5.468609375,6.16515625,1.92174609375,3.05494140625,5.44046484375,1.409796875,-0.0616132812500001,8.94098828125,12.38858203125,1.68617578125,3.87551171875
2.2182734375,4.7062734375,6.3729375,5.15235546875,3.73569140625,0.14873046875,8.4483359375,3.8795859375,-3.7097421875,14.7080078125,-0.637449218750001,-2.5702265625,-0.35044921875,0.82934375,4.81016015625,8.0791171875,2.59119921875,5.539125,-0.5588515625,4.596609375,6.06915625,2.45074609375,0.91694140625,3.93446484375,0.990796875,0.60738671875,7.55898828125,11.20658203125,1.16217578125,3.76751171875
2.6112734375,5.5342734375,7.6309375,5.50535546875,3.85269140625,0.42073046875,7.9423359375,5.2795859375,-4.5487421875,13.9790078125,-2.19944921875,-1.0912265625,2.42155078125,-0.48465625,4.82716015625,8.0741171875,1.68419921875,4.505125,-2.0938515625,3.608609375,6.21415625,3.05674609375,-1.18905859375,1.93746484375,0.538796875,1.49838671875,5.72698828125,9.61758203125,0.17317578125,3.12551171875
3.0442734375,6.1142734375,8.6009375,5.48335546875,3.97969140625,0.98473046875,7.4323359375,6.6725859375,-5.1977421875,13.1370078125,-2.92544921875,0.3967734375,4.65955078125,-1.37365625,5.54616015625,8.4271171875,0.60419921875,3.716125,-3.0748515625,2.773609375,6.56515625,3.80274609375,-2.65005859375,-0.12453515625,0.173796875,2.29938671875,3.88798828125,8.17058203125,-0.93082421875,2.03451171875
3.5482734375,6.3862734375,9.0419375,5.23135546875,4.15769140625,1.71873046875,7.1283359375,7.7775859375,-5.4177421875,12.4130078125,-2.62044921875,1.6707734375,5.96955078125,-1.57565625,6.81516015625,8.8231171875,-0.08880078125,3.458125,-3.2588515625,2.279609375,6.93115625,4.72474609375,-3.08805859375,-1.84953515625,-0.0242031250000003,2.59438671875,2.33798828125,7.22858203125,-1.91582421875,0.64251171875
4.1912734375,6.4762734375,8.9699375,5.01535546875,4.46169140625,2.49673046875,7.2423359375,8.5065859375,-5.0227421875,12.0100078125,-1.41144921875,2.6257734375,6.25855078125,-1.04465625,8.35916015625,8.9641171875,0.21519921875,3.810125,-2.6058515625,2.158609375,7.07015625,5.74474609375,-2.51005859375,-2.97153515625,-0.0442031250000003,2.08938671875,1.15598828125,6.81958203125,-2.74782421875,-0.851488281250001
4.9952734375,6.6072734375,8.6069375,5.08335546875,4.94569140625,3.19473046875,7.8473359375,8.9485859375,-4.0257421875,12.0460078125,0.310550781249999,3.2627734375,5.68255078125,0.0663437499999997,9.83416015625,8.6581171875,1.77319921875,4.615125,-1.3008515625,2.288609375,6.83615625,6.68974609375,-1.27205859375,-3.41053515625,0.0677968749999995,0.83538671875,0.256988281250001,6.71658203125,-3.52182421875,-2.21248828125
5.9062734375,6.9792734375,8.2739375,5.56535546875,5.62669140625,3.72573046875,8.8463359375,9.2845859375,-2.6307421875,12.5180078125,2.06855078125,3.6517734375,4.57955078125,1.48934375,10.93616015625,7.8771171875,4.27419921875,5.561125,0.3211484375,2.496609375,6.28915625,7.37174609375,0.11994140625,-3.23053515625,0.254796875,-0.71761328125,-0.476011718749998,6.66958203125,-4.30282421875,-3.18448828125
6.8542734375,7.6782734375,8.2889375,6.46735546875,6.50469140625,4.07873046875,10.0673359375,9.6955859375,-1.0977421875,13.3370078125,3.51355078125,3.9117734375,3.40755078125,2.95334375,11.52516015625,6.7681171875,6.98119921875,6.335125,1.9131484375,2.675609375,5.70015625,7.69574609375,1.24794140625,-2.55553515625,0.511796874999999,-1.89061328125,-1.07901171875,6.61458203125,-5.02582421875,-3.53748828125
7.8062734375,8.6372734375,8.8569375,7.69935546875,7.56069140625,4.31873046875,11.3483359375,10.2685859375,0.3452578125,14.3490078125,4.53155078125,4.1757734375,2.65155078125,4.22534375,11.66016015625,5.5671171875,9.12219921875,6.742125,3.2011484375,2.832609375,5.39315625,7.68774609375,1.91994140625,-1.52853515625,0.883796875,-2.10861328125,-1.48901171875,6.68458203125,-5.53082421875,-3.18248828125
8.7442734375,9.6182734375,9.9369375,9.07735546875,8.69269140625,4.49973046875,12.5383359375,10.9205859375,1.4602578125,15.3130078125,5.18755078125,4.5057734375,2.64055078125,5.08334375,11.50116015625,4.4601171875,10.22419921875,6.719125,3.9761484375,3.009609375,5.51815625,7.44074609375,2.13294140625,-0.33153515625,1.391796875,-1.20161328125,-1.63601171875,7.02258203125,-5.72082421875,-2.26848828125
9.5772734375,10.2662734375,11.1909375,10.33735546875,9.66469140625,4.57573046875,13.4573359375,11.4035859375,1.9982578125,15.8920078125,5.59255078125,4.8427734375,3.36555078125,5.28834375,11.16516015625,3.4891171875,10.20019921875,6.295125,4.0591484375,3.179609375,5.90715625,7.03374609375,1.94594140625,0.78846484375,1.959796875,0.49538671875,-1.53901171875,7.57758203125,-5.68282421875,-1.18748828125
10.1082734375,10.2482734375,12.0979375,11.20235546875,10.15869140625,4.41873046875,13.9163359375,11.4215859375,1.7872578125,15.7370078125,5.84255078125,5.0207734375,4.44855078125,4.65734375,10.66616015625,2.5801171875,9.22019921875,5.556125,3.3501484375,3.223609375,6.14915625,6.50474609375,1.41094140625,1.57246484375,2.415796875,2.32738671875,-1.30901171875,8.08558203125,-5.64882421875,-0.41848828125
10.1342734375,9.4392734375,12.2059375,11.51135546875,9.92769140625,3.92973046875,13.8093359375,10.8165859375,0.8362578125,14.6670078125,6.04655078125,4.8907734375,5.35255078125,3.20134375,9.97116015625,1.6461171875,7.54919921875,4.665125,1.9321484375,3.015609375,5.82315625,5.89574609375,0.61094140625,1.87346484375,2.593796875,3.65138671875,-1.07301171875,8.25858203125,-5.83382421875,-0.29948828125
9.6062734375,8.0442734375,11.3999375,11.32835546875,8.95669140625,3.15673046875,13.2163359375,9.6755859375,-0.6507421875,12.8320078125,6.35655078125,4.4337734375,5.72355078125,1.22834375,9.08916015625,0.6401171875,5.48719921875,3.865125,0.1171484375,2.522609375,4.74415625,5.29374609375,-0.27605859375,1.74246484375,2.424796875,4.12038671875,-0.886011718749998,8.01158203125,-6.29082421875,-0.88748828125
8.7402734375,6.5452734375,9.9989375,10.94735546875,7.50969140625,2.30573046875,12.4163359375,8.3225859375,-2.3207421875,10.7120078125,6.94055078125,3.7987734375,5.62555078125,-0.69365625,8.11216015625,-0.4508828125,3.40419921875,3.414125,-1.6448515625,1.826609375,3.06015625,4.81074609375,-0.99505859375,1.39446484375,1.965796875,3.76038671875,-0.726011718749999,7.53358203125,-6.89282421875,-1.95848828125
7.9522734375,5.4972734375,8.6239375,10.74235546875,6.01569140625,1.61673046875,11.7613359375,7.1775859375,-3.7297421875,8.9270078125,7.86455078125,3.2227734375,5.46155078125,-1.93465625,7.16916015625,-1.6388828125,1.77419921875,3.453125,-2.9538515625,1.067609375,1.16915625,4.49374609375,-1.33005859375,1.06146484375,1.332796875,2.85638671875,-0.558011718749999,7.16858203125,-7.44782421875,-3.13548828125
7.6302734375,5.2532734375,7.8559375,10.96235546875,4.86169140625,1.19973046875,11.4763359375,6.5625859375,-4.5027421875,7.9130078125,8.98455078125,2.8777734375,5.62455078125,-2.08665625,6.32516015625,-2.9388828125,1.08719921875,3.919125,-3.6448515625,0.353609375,-0.47484375,4.26874609375,-1.24505859375,0.855464843749999,0.611796875,1.78138671875,-0.408011718749998,7.20358203125,-7.83582421875,-4.06748828125
7.8842734375,5.7662734375,7.9119375,11.57035546875,4.19169140625,0.91573046875,11.4853359375,6.5475859375,-4.5587421875,7.6740078125,9.93955078125,2.7597734375,6.16555078125,-1.19465625,5.49116015625,-4.3388828125,1.62519921875,4.558125,-3.8608515625,-0.309390625,-1.56284375,3.97574609375,-0.93805859375,0.701464843749999,-0.188203125,0.84738671875,-0.375011718749999,7.69758203125,-8.06782421875,-4.59148828125
8.4572734375,6.6022734375,8.5149375,12.24335546875,3.85369140625,0.41673046875,11.4343359375,6.9145859375,-4.2087421875,7.7660078125,10.28755078125,2.6817734375,6.75255078125,0.22334375,4.44116015625,-5.7548828125,3.24219921875,5.047125,-3.9728515625,-0.998390625,-2.02984375,3.48774609375,-0.75605859375,0.395464843749999,-1.113203125,0.22138671875,-0.590011718749999,8.46158203125,-8.25982421875,-4.78148828125
8.8652734375,7.1682734375,9.0579375,12.55235546875,3.50869140625,-0.66326953125,10.9053359375,7.2795859375,-3.9687421875,7.5380078125,9.73255078125,2.3957734375,6.95455078125,1.38234375,2.93316015625,-6.9888828125,5.35319921875,5.128125,-4.3818515625,-1.798390625,-2.04984375,2.82074609375,-1.01105859375,-0.25753515625,-2.189203125,-0.0966132812499998,-1.14101171875,9.15358203125,-8.52682421875,-4.88148828125
8.6782734375,7.0292734375,8.9359375,12.20435546875,2.83469140625,-2.48726953125,9.6803359375,7.2895859375,-4.2507421875,6.4910078125,8.30655078125,1.7607734375,6.60155078125,1.55834375,0.88616015625,-7.7808828125,7.18619921875,4.693125,-5.3178515625,-2.720390625,-1.92584375,2.13874609375,-1.83605859375,-1.33353515625,-3.362203125,-0.23961328125,-2.03701171875,9.40558203125,-8.93482421875,-5.14848828125
7.7442734375,6.1082734375,7.8619375,11.19635546875,1.69069140625,-4.89126953125,7.8783359375,6.7735859375,-5.1997421875,4.5280078125,6.36455078125,0.8357734375,5.92755078125,0.36734375,-1.53683984375,-7.9378828125,8.13119921875,3.777125,-6.7568515625,-3.689390625,-1.96884375,1.63674609375,-3.17605859375,-2.76453515625,-4.516203125,-0.40561328125,-3.23701171875,8.90158203125,-9.52982421875,-5.73948828125
6.2572734375,4.6872734375,6.0099375,9.79435546875,0.16469140625,-7.43226953125,5.8863359375,5.7985859375,-6.7107421875,1.9900078125,4.42055078125,-0.1402265625,5.38455078125,-2.10065625,-3.96883984375,-7.4678828125,7.96719921875,2.495125,-8.4818515625,-4.617390625,-2.39384375,1.37774609375,-4.89605859375,-4.40353515625,-5.548203125,-0.77561328125,-4.71501171875,7.42058203125,-10.41582421875,-6.68648828125
4.6622734375,3.2342734375,3.9539375,8.40535546875,-1.46530859375,-9.56126953125,4.1603359375,4.6105859375,-8.5107421875,-0.514992187500001,2.91655078125,-0.8752265625,5.32255078125,-5.29465625,-5.99083984375,-6.5988828125,6.84119921875,0.986124999999999,-10.1948515625,-5.475390625,-3.25984375,1.21474609375,-6.88405859375,-6.10653515625,-6.436203125,-1.46161328125,-6.48101171875,4.92558203125,-11.74482421875,-7.92648828125
3.4732734375,2.1982734375,2.4379375,7.39735546875,-2.82430859375,-10.82426953125,3.0273359375,3.5355859375,-10.2407421875,-2.3619921875,2.06155078125,-1.1682265625,5.77655078125,-8.36865625,-7.28183984375,-5.6688828125,5.10819921875,-0.584875,-11.6128515625,-6.307390625,-4.47484375,0.86774609375,-9.04905859375,-7.74353515625,-7.242203125,-2.48061328125,-8.52001171875,1.64758203125,-13.62482421875,-9.34448828125
3.0812734375,1.8492734375,2.0649375,6.96335546875,-3.54530859375,-11.00926953125,2.5843359375,2.8485859375,-11.5877421875,-3.1299921875,1.80855078125,-1.0002265625,6.50355078125,-10.47865625,-7.73383984375,-4.9938828125,3.14419921875,-1.999875,-12.5268515625,-7.180390625,-5.84584375,0.10974609375,-11.24405859375,-9.18053515625,-8.064203125,-3.75761328125,-10.70101171875,-1.90341796875,-15.98582421875,-10.81648828125
3.6102734375,2.2242734375,3.0399375,7.09035546875,-3.37030859375,-10.19126953125,2.7083359375,2.6705859375,-12.4217421875,-2.7229921875,1.94055078125,-0.5262265625,7.19155078125,-11.08865625,-7.47383984375,-4.7728828125,1.24819921875,-2.969875,-12.8238515625,-8.116390625,-7.15084375,-1.04025390625,-13.18305859375,-10.24753515625,-8.945203125,-5.15061328125,-12.71501171875,-5.04241796875,-18.51082421875,-12.21648828125
4.9112734375,3.1642734375,5.0969375,7.62935546875,-2.22130859375,-8.66226953125,3.1753359375,2.9415859375,-12.7757421875,-1.3479921875,2.23055078125,0.0287734375000004,7.67055078125,-10.13265625,-6.78683984375,-5.0428828125,-0.36780078125,-3.185875,-12.4988515625,-9.041390625,-8.19784375,-2.24525390625,-14.44405859375,-10.75453515625,-9.818203125,-6.48761328125,-14.13801171875,-7.09341796875,-20.68682421875,-13.41148828125
6.6682734375,4.4432734375,7.6459375,8.41835546875,-0.22330859375,-6.80126953125,3.7953359375,3.4595859375,-12.6977421875,0.6110078125,2.54855078125,0.4877734375,8.01155078125,-7.95065625,-5.98483984375,-5.6868828125,-1.56480078125,-2.423875,-11.6438515625,-9.792390625,-8.87084375,-2.97425390625,-14.60505859375,-10.55953515625,-10.524203125,-7.61661328125,-14.59501171875,-7.62841796875,-21.98382421875,-14.26648828125
8.5742734375,5.8692734375,10.0689375,9.36735546875,2.32369140625,-4.95026953125,4.4723359375,3.9715859375,-12.1537421875,2.7580078125,2.88255078125,0.7927734375,8.46355078125,-5.09665625,-5.29583984375,-6.5068828125,-2.27480078125,-0.691875,-10.4378515625,-10.182390625,-9.16684375,-2.79125390625,-13.46105859375,-9.64853515625,-10.898203125,-8.46061328125,-13.96001171875,-6.66141796875,-22.08982421875,-14.70348828125
10.4522734375,7.3412734375,11.9859375,10.45835546875,5.01369140625,-3.35026953125,5.1953359375,4.2895859375,-11.0957421875,4.8070078125,3.25455078125,0.9977734375,9.26655078125,-2.12565625,-4.81783984375,-7.3218828125,-2.51380078125,1.707125,-9.1428515625,-10.081390625,-9.22084375,-1.61325390625,-11.18805859375,-8.18253515625,-10.882203125,-9.04561328125,-12.46001171875,-4.71441796875,-21.07682421875,-14.78648828125
12.2792734375,8.8242734375,13.3739375,11.69835546875,7.43669140625,-2.11126953125,5.9773359375,4.3935859375,-9.5487421875,6.6330078125,3.67755078125,1.2227734375,10.47455078125,0.55934375,-4.51083984375,-7.9998828125,-2.35480078125,4.242125,-8.0208515625,-9.446390625,-9.23684375,0.22574609375,-8.31105859375,-6.44553515625,-10.539203125,-9.44861328125,-10.56201171875,-2.61341796875,-19.35682421875,-14.70048828125
14.1252734375,10.3192734375,14.5189375,13.08035546875,9.32169140625,-1.19026953125,6.8523359375,4.4825859375,-7.5967421875,8.2750078125,4.18855078125,1.6327734375,11.90955078125,2.79934375,-4.18683984375,-8.3838828125,-1.85880078125,6.389125,-7.1918515625,-8.256390625,-9.33184375,2.18974609375,-5.45505859375,-4.67553515625,-9.940203125,-9.65861328125,-8.70001171875,-1.07141796875,-17.40782421875,-14.56748828125
16.0522734375,11.8432734375,15.8509375,14.57735546875,10.62369140625,-0.39226953125,7.8923359375,4.9185859375,-5.3257421875,9.8760078125,4.93155078125,2.4227734375,13.28555078125,4.68034375,-3.53483984375,-8.2098828125,-0.99880078125,7.868125,-6.5088515625,-6.446390625,-9.37584375,3.86574609375,-3.03305859375,-2.90453515625,-9.016203125,-9.43061328125,-7.01401171875,-0.304417968749998,-15.46582421875,-14.25248828125
18.0142734375,13.3842734375,17.7119375,16.13935546875,11.49969140625,0.53373046875,9.1913359375,6.0475859375,-2.8677421875,11.5680078125,6.13655078125,3.7647734375,14.38255078125,6.40134375,-2.23783984375,-7.1738828125,0.33019921875,8.736125,-5.6278515625,-3.932390625,-8.99784375,5.14974609375,-1.10805859375,-0.94553515625,-7.541203125,-8.32861328125,-5.31401171875,0.0505820312500003,-13.42182421875,-13.35848828125
19.7952734375,14.8332734375,20.1159375,17.65035546875,12.15269140625,1.71873046875,10.7603359375,7.9665859375,-0.5117421875,13.3220078125,7.95255078125,5.6687734375,15.07555078125,8.04634375,-0.18983984375,-5.1598828125,2.16619921875,9.220125,-4.2778515625,-0.789390625,-7.82384375,6.16674609375,0.44694140625,1.38346484375,-5.364203125,-6.01861328125,-3.34201171875,0.59858203125,-11.04682421875,-11.55348828125
21.0122734375,15.9012734375,22.5639375,18.86035546875,12.62069140625,3.01173046875,12.3843359375,10.3495859375,1.2232578125,14.8300078125,10.21755078125,7.8437734375,15.20155078125,9.40834375,2.31516015625,-2.4698828125,4.26719921875,9.421125,-2.5868515625,2.540609375,-5.82484375,6.99374609375,1.64294140625,3.94346484375,-2.741203125,-2.66761328125,-1.16701171875,1.66658203125,-8.39982421875,-8.99948828125
21.1762734375,16.1122734375,24.0589375,19.36635546875,12.66569140625,3.93273046875,13.5583359375,12.4655859375,1.6102578125,15.5310078125,12.35955078125,9.6727734375,14.39855078125,9.96834375,4.58016015625,0.130117187500001,6.01319921875,9.129125,-1.1858515625,5.230609375,-3.50884375,7.46574609375,2.16594140625,6.11946484375,-0.493203125,0.88738671875,0.617988281250001,2.98658203125,-6.05382421875,-6.55548828125
19.8392734375,14.9332734375,23.4279375,18.72035546875,11.85469140625,3.85273046875,13.6103359375,13.4375859375,-0.1777421875,14.8010078125,13.56555078125,10.4187734375,12.13055078125,9.09034375,5.75616015625,1.6471171875,6.57919921875,7.904125,-0.9918515625,6.310609375,-1.75984375,7.22474609375,1.46794140625,7.01746484375,0.240796875,3.42338671875,1.08198828125,3.81358203125,-4.93282421875,-5.49448828125
16.7722734375,12.0172734375,19.8619375,16.63035546875,9.80869140625,2.29973046875,12.0143359375,12.6345859375,-4.7657421875,12.2530078125,13.16955078125,9.5627734375,7.96855078125,6.35234375,5.23416015625,1.3131171875,5.34719921875,5.376125,-2.7288515625,5.120609375,-1.37784375,5.96074609375,-0.89505859375,5.92846484375,-1.433203125,3.95438671875,-0.533011718749998,3.39658203125,-5.80482421875,-6.85948828125
12.1462734375,7.4572734375,13.4229375,13.17835546875,6.49169140625,-0.73626953125,8.7373359375,10.0285859375,-12.1217421875,7.9970078125,11.06255078125,7.1117734375,1.94855078125,1.82934375,2.98416015625,-0.981882812499999,2.28619921875,1.542125,-6.4818515625,1.703609375,-2.59484375,3.66174609375,-4.91005859375,2.79146484375,-5.600203125,2.29338671875,-4.31301171875,1.48658203125,-8.77782421875,-10.82548828125
6.5832734375,1.8852734375,5.1969375,8.89035546875,2.34369140625,-4.71326953125,4.3943359375,6.2875859375,-21.2387421875,2.6930078125,7.84855078125,3.6717734375,-5.23344921875,-3.80865625,-0.35383984375,-4.5328828125,-1.92280078125,-3.132875,-11.5338515625,-3.089390625,-4.88684375,0.70274609375,-9.97705859375,-1.65653515625,-11.352203125,-0.78361328125,-9.48701171875,-1.45941796875,-13.10482421875,-16.47148828125
6.5832734375,1.8852734375,5.1969375,8.89035546875,2.34369140625,-4.71326953125,4.3943359375,6.2875859375,-21.2387421875,2.6930078125,7.84855078125,3.6717734375,-5.23344921875,-3.80865625,-0.35383984375,-4.5328828125,-1.92280078125,-3.132875,-11.5338515625,-3.089390625,-4.88684375,0.70274609375,-9.97705859375,-1.65653515625,-11.352203125,-0.78361328125,-9.48701171875,-1.45941796875,-13.10482421875,-16.47148828125
