"Fp1","Fpz","Fp2","F7","F3","Fz","F4","F8","FC5","FC1","FC2","FC6","T7","C3","Cz","C4","T8","CP5","CP1","CP2","CP6","P7","P3","Pz","P4","P8","POz","O1","Oz","O2"
6.61808203125,8.6233671875,17.15328515625,0.97296875,19.19525390625,23.53268359375,24.0953046875,0.239203125,10.67759765625,29.69938671875,24.38404296875,10.3466171875,-10.523734375,23.362375,27.1524765625,19.893171875,13.42746875,7.66054296875,20.735203125,18.625671875,14.24005078125,3.22648046875,11.6542734375,15.71845703125,8.8251953125,-5.364921875,5.13655078125,-5.94899609375,4.18879296875,-2.8116171875
5.63308203125,8.2453671875,18.78128515625,1.09196875,19.25725390625,24.26768359375,24.6033046875,1.697203125,11.17259765625,29.89338671875,24.40804296875,8.8656171875,-9.953734375,23.937375,26.0464765625,20.379171875,14.56946875,8.24954296875,20.472203125,19.143671875,15.18305078125,3.57748046875,11.6852734375,15.06645703125,9.2461953125,-5.655921875,4.68455078125,-7.02499609375,3.82379296875,-2.8676171875
4.37408203125,7.9263671875,19.46428515625,1.91396875,19.16225390625,24.60468359375,24.7813046875,2.712203125,11.07259765625,29.81038671875,24.35204296875,7.8366171875,-9.289734375,24.154375,25.2074765625,20.872171875,16.04946875,8.73054296875,20.365203125,19.644671875,16.12005078125,3.57948046875,11.5432734375,14.47045703125,9.8521953125,-5.616921875,4.12155078125,-8.30799609375,3.45179296875,-2.8706171875
2.97808203125,7.5553671875,19.07428515625,3.17196875,18.65325390625,24.28968359375,24.4693046875,3.119203125,10.44759765625,29.15938671875,24.09004296875,7.4666171875,-8.615734375,23.857375,24.4874765625,21.258171875,17.65246875,9.08154296875,20.284203125,19.981671875,16.89805078125,3.33648046875,11.1982734375,13.91445703125,10.4871953125,-5.288921875,3.39555078125,-9.69399609375,3.04979296875,-2.9686171875
1.74308203125,7.0183671875,17.78928515625,4.34896875,17.48825390625,23.14968359375,23.5843046875,2.829203125,9.57859765625,27.70638671875,23.48204296875,7.8976171875,-8.007734375,22.996375,23.6214765625,21.387171875,18.97246875,9.33454296875,20.030203125,19.971671875,17.30805078125,3.10748046875,10.7052734375,13.37645703125,10.8931953125,-4.794921875,2.50255078125,-10.92599609375,2.62879296875,-3.3226171875
0.98708203125,6.2983671875,16.04728515625,4.99196875,15.63225390625,21.20168359375,22.1903046875,1.917203125,8.82259765625,25.46638671875,22.44404296875,9.1376171875,-7.422734375,21.712375,22.3864765625,21.147171875,19.62146875,9.58554296875,19.470203125,19.484671875,17.16605078125,3.19948046875,10.2032734375,12.85745703125,10.8381953125,-4.239921875,1.51055078125,-11.68999609375,2.24879296875,-3.9866171875
0.909082031250001,5.5113671875,14.40728515625,4.94096875,13.38825390625,18.70468359375,20.5063046875,0.705203125000001,8.50259765625,22.79638671875,20.98904296875,10.9256171875,-6.688734375,20.359375,20.7294765625,20.497171875,19.43746875,9.97454296875,18.610203125,18.496671875,16.38305078125,3.84848046875,9.8692734375,12.37745703125,10.2081953125,-3.683921875,0.54355078125,-11.75799609375,1.98979296875,-4.8836171875
1.51108203125,4.8873671875,13.36728515625,4.37696875,11.33525390625,16.13368359375,18.8083046875,-0.334796874999999,8.83359765625,20.29338671875,19.24104296875,12.6576171875,-5.611734375,19.390375,18.8134765625,19.470171875,18.53246875,10.62654296875,17.568203125,17.094671875,14.99205078125,5.13948046875,9.8312734375,11.96345703125,9.0391953125,-3.188921875,-0.24544921875,-11.08999609375,1.91279296875,-5.8516171875
2.64208203125,4.7083671875,13.22328515625,3.72296875,10.10525390625,14.05568359375,17.3253046875,-0.802796874999999,9.87359765625,18.55638671875,17.41504296875,13.4956171875,-4.103734375,19.166375,16.9544765625,18.164171875,17.18746875,11.58354296875,16.503203125,15.460671875,13.15905078125,6.96148046875,10.1102734375,11.64645703125,7.5111953125,-2.880921875,-0.69744921875,-9.83199609375,2.06079296875,-6.7086171875
4.11808203125,5.1943671875,14.00328515625,3.49196875,10.11125390625,12.94968359375,16.2283046875,-0.529796875,11.48759765625,17.93638671875,15.77204296875,12.7206171875,-2.240734375,19.773375,15.4914765625,16.741171875,15.68546875,12.76454296875,15.545203125,13.848671875,11.18005078125,9.05048046875,10.6222734375,11.47645703125,5.8981953125,-2.914921875,-0.66944921875,-8.23899609375,2.47979296875,-7.2986171875
5.79108203125,6.3683671875,15.50128515625,4.11196875,11.34125390625,13.00268359375,15.6643046875,0.419203125000001,13.33759765625,18.37638671875,14.53204296875,10.1756171875,-0.241734375,20.952375,14.6324765625,15.400171875,14.18846875,13.96454296875,14.757203125,12.532671875,9.43505078125,11.06448046875,11.2292734375,11.51845703125,4.4921953125,-3.378921875,-0.08544921875,-6.58999609375,3.20079296875,-7.5206171875
7.52408203125,7.9863671875,17.35028515625,5.74896875,13.30925390625,13.98368359375,15.7033046875,1.793203125,14.92259765625,19.39238671875,13.77304296875,6.5126171875,1.602265625,22.175375,14.3414765625,14.322171875,12.71046875,14.91054296875,14.154203125,11.721671875,8.26505078125,12.69448046875,11.7912734375,11.83345703125,3.5201953125,-4.202921875,1.01955078125,-5.16799609375,4.18479296875,-7.3766171875
9.12508203125,9.5943671875,19.11428515625,8.17596875,15.21425390625,15.28668359375,16.2223046875,3.208203125,15.69959765625,20.22238671875,13.35804296875,2.9936171875,3.009265625,22.838375,14.3274765625,13.602171875,11.17546875,15.37554296875,13.740203125,11.489671875,7.83905078125,13.75748046875,12.2162734375,12.46045703125,3.0881953125,-5.150921875,2.49455078125,-4.23799609375,5.27279296875,-6.9816171875
10.32608203125,10.6883671875,20.39128515625,10.82496875,16.26125390625,16.14268359375,16.8543046875,4.267203125,15.28259765625,20.12838671875,12.96404296875,0.9056171875,3.787265625,22.499375,14.1734765625,13.201171875,9.56346875,15.30354296875,13.541203125,11.748671875,8.09905078125,14.26648046875,12.4902734375,13.40845703125,3.1871953125,-5.903921875,4.13755078125,-3.98999609375,6.22779296875,-6.5066171875
10.84108203125,10.9033671875,20.89728515625,13.00296875,16.01125390625,15.94468359375,17.1353046875,4.726203125,13.62859765625,18.74538671875,12.23504296875,0.9446171875,3.904265625,21.062375,13.5454765625,12.969171875,8.03646875,14.87054296875,13.613203125,12.298671875,8.81905078125,14.44548046875,12.6912734375,14.64845703125,3.7371953125,-6.161921875,5.77155078125,-4.42299609375,6.84079296875,-6.0836171875
10.47108203125,10.1693671875,20.53828515625,14.13796875,14.56525390625,14.53168359375,16.7373046875,4.583203125,11.09159765625,16.27938671875,10.99604296875,2.9236171875,3.510265625,18.818375,12.3814765625,12.727171875,6.93546875,14.43354296875,14.004203125,12.918671875,9.73705078125,14.63748046875,12.9462734375,16.10445703125,4.6291953125,-5.714921875,7.29755078125,-5.29999609375,7.03379296875,-5.7346171875
9.16708203125,8.7373671875,19.42928515625,13.92596875,12.50525390625,12.29068359375,15.6193046875,4.011203125,8.31759765625,13.43538671875,9.37904296875,5.8746171875,2.862265625,16.321375,10.9304765625,12.346171875,6.61046875,14.34654296875,14.676203125,13.431671875,10.63905078125,15.10648046875,13.3352734375,17.60845703125,5.7301953125,-4.489921875,8.64055078125,-6.23499609375,6.86179296875,-5.4096171875
7.05008203125,7.0373671875,17.85228515625,12.40196875,10.60525390625,9.96168359375,14.0153046875,3.248203125,5.99159765625,11.08038671875,7.74404296875,8.4286171875,2.172265625,14.120375,9.5744765625,11.755171875,7.16146875,14.73154296875,15.408203125,13.666671875,11.34505078125,15.84148046875,13.7492734375,18.82445703125,6.8201953125,-2.591921875,9.62755078125,-6.91099609375,6.40579296875,-5.1056171875
4.41108203125,5.4623671875,16.15228515625,9.98296875,9.49025390625,8.27168359375,12.3193046875,2.541203125,4.57359765625,9.82738671875,6.45104296875,9.3176171875,1.492265625,12.517375,8.5654765625,10.898171875,8.29346875,15.33854296875,15.774203125,13.415671875,11.66905078125,16.49248046875,13.8242734375,19.24445703125,7.5591953125,-0.343921875,9.89955078125,-7.26199609375,5.65879296875,-4.9626171875
1.69508203125,4.2173671875,14.64428515625,7.46596875,9.41325390625,7.61568359375,10.9523046875,2.132203125,4.13759765625,9.77238671875,5.66704296875,7.9036171875,0.738265625,11.480375,7.8754765625,9.748171875,9.40646875,15.62854296875,15.278203125,12.451671875,11.47005078125,16.53148046875,13.0522734375,18.32645703125,7.5721953125,1.765078125,9.00255078125,-7.48399609375,4.53379296875,-5.2166171875
-0.582917968749999,3.3503671875,13.54628515625,5.82496875,10.22925390625,7.96968359375,10.2303046875,2.172203125,4.41159765625,10.51638671875,5.34104296875,4.5386171875,-0.164734375,10.753375,7.2604765625,8.374171875,9.87546875,15.05454296875,13.601203125,10.672671875,10.77805078125,15.55148046875,11.0442734375,15.77445703125,6.6441953125,3.233078125,6.64755078125,-7.85499609375,2.99179296875,-6.0446171875
-1.97891796875,2.8463671875,12.95328515625,5.83096875,11.53825390625,9.00568359375,10.2793046875,2.660203125,4.97059765625,11.42138671875,5.29904296875,0.4946171875,-1.160734375,10.053375,6.4724765625,6.998171875,9.37646875,13.38254296875,10.804203125,8.223671875,9.87005078125,13.54148046875,7.7922734375,11.76645703125,4.9051953125,3.739078125,2.96055078125,-8.50599609375,1.17579296875,-7.3996171875
-2.31191796875,2.6513671875,12.78828515625,7.67896875,12.88225390625,10.26968359375,10.9863046875,3.488203125,5.45759765625,11.91538671875,5.33804296875,-2.6183828125,-2.093734375,9.218375,5.4164765625,5.907171875,8.03646875,10.81654296875,7.328203125,5.489671875,9.18505078125,10.93748046875,3.7432734375,6.95145703125,2.8081953125,3.271078125,-1.46844921875,-9.32099609375,-0.58720703125,-9.0036171875
-1.79991796875,2.6133671875,12.77028515625,10.83396875,13.86925390625,11.32268359375,12.0183046875,4.552203125,5.67859765625,11.68338671875,5.26704296875,-3.6183828125,-2.890734375,8.214375,4.1664765625,5.292171875,6.35246875,7.88954296875,3.797203125,2.924671875,9.10205078125,8.42848046875,-0.365726562499999,2.20945703125,0.9061953125,2.112078125,-5.80444921875,-10.02099609375,-1.94520703125,-10.4846171875
-1.02891796875,2.4613671875,12.45328515625,14.16696875,14.22025390625,11.83468359375,12.9053046875,5.757203125,5.56459765625,10.68538671875,4.93704296875,-2.2073828125,-3.716734375,7.081375,2.8774765625,5.130171875,4.95346875,5.21354296875,0.772203125000003,0.863671875,9.72405078125,6.61948046875,-3.7777265625,-1.66954296875,-0.4138046875,0.713078125,-9.26744921875,-10.34199609375,-2.69520703125,-11.5636171875
-0.720917968749999,1.8973671875,11.39328515625,16.36796875,13.79925390625,11.65368359375,13.2113046875,6.969203125,5.05659765625,9.08238671875,4.28704296875,1.0546171875,-4.940734375,5.884375,1.6844765625,5.213171875,4.34546875,3.25254296875,-1.400796875,-0.562328125000001,10.81705078125,5.78248046875,-5.9617265625,-4.20054296875,-1.0788046875,-0.464921875,-11.36544921875,-10.17599609375,-2.84620703125,-12.1376171875
-1.37391796875,0.7463671875,9.37628515625,16.49896875,12.62725390625,10.81968359375,12.7283046875,8.034203125,4.06559765625,7.14938671875,3.37504296875,5.1016171875,-6.878734375,4.707375,0.668476562499997,5.273171875,4.77046875,2.23254296875,-2.596796875,-1.398328125,11.94505078125,5.80748046875,-6.7227265625,-5.26354296875,-1.2878046875,-1.075921875,-11.95744921875,-9.59099609375,-2.54920703125,-12.2506171875
-3.00791796875,-0.948632812500001,6.57028515625,14.40296875,10.89825390625,9.49868359375,11.5703046875,8.895203125,2.53059765625,5.20638671875,2.33704296875,8.7356171875,-9.488734375,3.665375,-0.149523437500003,5.102171875,6.16246875,2.14354296875,-2.861796875,-1.773328125,12.68405078125,6.34048046875,-6.1877265625,-5.02354296875,-1.3398046875,-0.960921875,-11.19744921875,-8.75299609375,-1.97420703125,-12.0096171875
-5.19991796875,-2.9216328125,3.49528515625,10.73296875,8.92325390625,7.90068359375,10.0563046875,9.622203125,0.536597656250001,3.54038671875,1.30904296875,10.8886171875,-12.254734375,2.908375,-0.774523437500003,4.608171875,8.18146875,2.81754296875,-2.339796875,-1.826328125,12.80105078125,6.99148046875,-4.6967265625,-3.80754296875,-1.4638046875,-0.170921875,-9.42644921875,-7.81799609375,-1.23920703125,-11.5146171875
-7.34391796875,-4.7726328125,0.83328515625,6.59596875,7.04025390625,6.22568359375,8.4993046875,10.305203125,-1.61440234375,2.33238671875,0.371042968749999,10.8536171875,-14.379734375,2.583375,-1.2265234375,3.794171875,10.28646875,4.01354296875,-1.223796875,-1.664328125,12.29605078125,7.50848046875,-2.6717265625,-1.97554296875,-1.7198046875,1.059078125,-7.05144921875,-6.85699609375,-0.39220703125,-10.8316171875
-8.94591796875,-6.0956328125,-0.833714843750002,3.07296875,5.53325390625,4.65868359375,7.0713046875,10.926203125,-3.45140234375,1.63238671875,-0.452957031250001,8.5176171875,-15.155734375,2.778375,-1.5225234375,2.734171875,11.87546875,5.48354296875,0.274203125000001,-1.366328125,11.36005078125,7.83848046875,-0.494726562499999,0.154457031249999,-2.0128046875,2.392078125,-4.46344921875,-5.86899609375,0.55779296875,-9.9776171875
-9.76391796875,-6.6116328125,-1.21871484375,0.85196875,4.57825390625,3.37468359375,5.8433046875,11.352203125,-4.49340234375,1.38038671875,-1.13495703125,4.5216171875,-14.278734375,3.451375,-1.6785234375,1.554171875,12.48846875,6.99254296875,1.931203125,-0.981328124999999,10.29205078125,8.10348046875,1.5422734375,2.32945703125,-2.1788046875,3.525078125,-1.99444921875,-4.82899609375,1.60479296875,-8.9316171875
-9.78691796875,-6.2456328125,-0.388714843750002,0.0759687500000004,4.21925390625,2.53968359375,4.8853046875,11.419203125,-4.47040234375,1.46938671875,-1.59095703125,0.1566171875,-11.963734375,4.396375,-1.6925234375,0.449171874999999,11.98546875,8.31354296875,3.537203125,-0.529328124999999,9.42505078125,8.48248046875,3.2482734375,4.34045703125,-2.0738046875,4.311078125,0.10255078125,-3.75799609375,2.71779296875,-7.6626171875
-9.14491796875,-5.1196328125,1.31528515625,0.39796875,4.37125390625,2.29468359375,4.3023046875,11.008203125,-3.46740234375,1.79738671875,-1.66295703125,-3.0593828125,-8.813734375,5.271375,-1.5345234375,-0.312828125000001,10.60246875,9.23254296875,4.907203125,-0.00532812500000013,9.03705078125,9.09148046875,4.5002734375,6.00245703125,-1.6358046875,4.802078125,1.65755078125,-2.74599609375,3.81679296875,-6.2056171875
-8.01991796875,-3.5036328125,3.42728515625,1.22296875,4.86425390625,2.70668359375,4.2113046875,10.158203125,-1.87740234375,2.29838671875,-1.18395703125,-3.9683828125,-5.575734375,5.706375,-1.1605234375,-0.453828125000001,8.83046875,9.57654296875,5.883203125,0.583671875,9.24805078125,9.90748046875,5.2062734375,7.12245703125,-0.9248046875,5.164078125,2.55955078125,-1.94399609375,4.75079296875,-4.7386171875
-6.61191796875,-1.7456328125,5.49728515625,2.04396875,5.53025390625,3.70568359375,4.7063046875,9.159203125,-0.202402343749998,2.94838671875,-0.0909570312500012,-2.2413828125,-2.870734375,5.432375,-0.550523437500003,0.196171874999999,7.16746875,9.25954296875,6.322203125,1.184671875,9.94305078125,10.79748046875,5.2802734375,7.50145703125,-0.1228046875,5.518078125,2.72455078125,-1.51399609375,5.29879296875,-3.5826171875
-5.14491796875,-0.1916328125,7.14828515625,2.65096875,6.27025390625,5.07168359375,5.8233046875,8.551203125,1.17059765625,3.74938671875,1.51704296875,1.4966171875,-0.999734375,4.407375,0.268476562499997,1.606171875,5.90346875,8.31954296875,6.115203125,1.695671875,10.79805078125,11.59348046875,4.6872734375,7.00345703125,0.5171953125,5.841078125,2.10855078125,-1.54999609375,5.24979296875,-3.0826171875
-3.88391796875,0.9013671875,8.07028515625,3.08096875,7.06925390625,6.49468359375,7.4783046875,8.905203125,2.09459765625,4.69838671875,3.41004296875,5.8956171875,0.0982656250000002,2.860375,1.2264765625,3.543171875,5.06246875,6.92354296875,5.257203125,2.042671875,11.43105078125,12.15748046875,3.5132734375,5.66245703125,0.8041953125,5.995078125,0.78555078125,-1.98999609375,4.52579296875,-3.4206171875
-3.10491796875,1.4083671875,8.03528515625,3.40996875,7.93925390625,7.67068359375,9.4313046875,10.536203125,2.61659765625,5.74638671875,5.30004296875,9.3826171875,0.718265625,1.220375,2.2324765625,5.644171875,4.49846875,5.32954296875,3.902203125,2.248671875,11.59105078125,12.38648046875,2.0002734375,3.75845703125,0.7021953125,5.864078125,-0.97844921875,-2.60599609375,3.27079296875,-4.4856171875
-3.00191796875,1.3063671875,6.95528515625,3.61196875,8.83725390625,8.35868359375,11.3163046875,13.328203125,2.84859765625,6.77138671875,6.89404296875,10.7646171875,1.142265625,-0.0486250000000013,3.1574765625,7.521171875,4.07346875,3.79354296875,2.357203125,2.422671875,11.28705078125,12.19048046875,0.4982734375,1.74445703125,0.3491953125,5.473078125,-2.76244921875,-3.05999609375,1.81979296875,-5.8936171875
-3.59991796875,0.628367187499999,4.97928515625,3.58396875,9.61125390625,8.39568359375,12.7453046875,16.724203125,2.83359765625,7.58038671875,7.90604296875,9.7266171875,1.444265625,-0.641625000000001,3.8134765625,8.851171875,3.78946875,2.48054296875,0.989203125000001,2.670671875,10.76705078125,11.50548046875,-0.647726562499999,0.0844570312499986,-0.00880468749999963,5.043078125,-4.10544921875,-3.03799609375,0.58379296875,-7.1116171875
-4.75391796875,-0.5486328125,2.53428515625,3.22996875,9.99125390625,7.70968359375,13.3973046875,19.830203125,2.49059765625,7.93338671875,8.09304296875,6.9836171875,1.464265625,-0.530625000000004,3.9724765625,9.463171875,3.80046875,1.42954296875,0.108203125000003,3.014671875,10.39405078125,10.32948046875,-1.2117265625,-0.916542968750001,-0.1078046875,4.921078125,-4.65644921875,-2.37199609375,-0.09720703125,-7.6436171875
-6.25191796875,-2.0846328125,0.20528515625,2.50696875,9.66425390625,6.33168359375,13.0733046875,21.657203125,1.67459765625,7.61538671875,7.31804296875,3.9326171875,0.977265625,0.0433749999999975,3.4524765625,9.355171875,4.32346875,0.592542968750001,-0.149796874999998,3.360671875,10.45605078125,8.77248046875,-1.1627265625,-1.19854296875,0.2461953125,5.413078125,-4.28344921875,-1.10599609375,-0.0612070312499999,-7.1906171875
-7.90491796875,-3.7886328125,-1.50371484375,1.43396875,8.39625390625,4.39868359375,11.7463046875,21.515203125,0.30659765625,6.50838671875,5.62804296875,1.9376171875,-0.076734375,0.687374999999996,2.1964765625,8.654171875,5.48146875,-0.0934570312499989,0.116203125000002,3.538671875,11.01605078125,7.06648046875,-0.683726562499999,-0.936542968750002,1.1011953125,6.590078125,-3.11644921875,0.526003906250002,0.61479296875,-5.7706171875
-9.57291796875,-5.4666328125,-2.40571484375,0.10396875,6.17225390625,2.13268359375,9.6183046875,19.392203125,-1.51940234375,4.67438671875,3.29504296875,1.6946171875,-1.477734375,1.017375,0.338476562499997,7.532171875,7.15546875,-0.647457031249999,0.588203125000001,3.382671875,11.86305078125,5.51948046875,-0.112726562499999,-0.461542968750003,2.2921953125,8.176078125,-1.51444921875,2.18900390625,1.62279296875,-3.7506171875
-11.10191796875,-6.9376328125,-2.67771484375,-1.30103125,3.26325390625,-0.163316406249999,7.0933046875,15.996203125,-3.54240234375,2.37438671875,0.787042968749999,3.0146171875,-2.792734375,0.798374999999997,-1.8025234375,6.152171875,8.90246875,-1.03445703125,0.849203125000003,2.805671875,12.59105078125,4.41748046875,0.1772734375,-0.129542968750002,3.4601953125,9.608078125,0.0565507812499999,3.56500390625,2.52479296875,-1.7456171875
-12.25291796875,-7.9936328125,-2.66871484375,-2.53603125,0.207253906250001,-2.09831640625,4.6723046875,12.413203125,-5.41640234375,0.0503867187499978,-1.31095703125,5.0696171875,-3.584734375,0.0293749999999982,-3.7685234375,4.664171875,10.03646875,-1.18645703125,0.581203125000002,1.851671875,12.74305078125,3.90848046875,-0.0657265624999983,-0.192542968750002,4.1611953125,10.243078125,1.19255078125,4.45100390625,2.91579296875,-0.4076171875
-12.65991796875,-8.3656328125,-2.56971484375,-3.31303125,-2.27474609375,-3.22831640625,2.8143046875,9.648203125,-6.76340234375,-1.74261328125,-2.43795703125,6.8526171875,-3.587734375,-1.041625,-5.0585234375,3.228171875,9.88846875,-1.03145703125,-0.247796874999997,0.691671875000001,11.98805078125,3.96348046875,-0.8447265625,-0.706542968750002,4.0451953125,9.623078125,1.69055078125,4.81600390625,2.60079296875,-0.1756171875
-11.89591796875,-7.7546328125,-2.19171484375,-3.32903125,-3.44774609375,-3.15131640625,1.8553046875,8.341203125,-7.20040234375,-2.43661328125,-2.20595703125,7.5966171875,-2.755734375,-1.958625,-5.2485234375,2.036171875,8.17846875,-0.513457031249999,-1.322796875,-0.416328125,10.27205078125,4.41548046875,-1.8667265625,-1.50354296875,3.0291953125,7.691078125,1.60055078125,4.80600390625,1.70379296875,-1.0916171875
-9.66191796875,-5.9566328125,-1.05871484375,-2.34703125,-2.78074609375,-1.65331640625,1.9383046875,8.655203125,-6.39840234375,-1.62361328125,-0.519957031250001,7.0006171875,-1.186734375,-2.189625,-4.1115234375,1.302171875,5.26146875,0.384542968750001,-2.093796875,-1.187328125,7.89405078125,5.06848046875,-2.6357265625,-2.22754296875,1.3811953125,4.887078125,1.18255078125,4.70400390625,0.62979296875,-2.7756171875
-6.03191796875,-3.0156328125,1.21828515625,-0.36003125,-0.193746093749999,1.15068359375,2.9783046875,10.251203125,-4.25340234375,0.751386718749998,2.37804296875,5.2706171875,0.957265625,-1.330625,-1.7265234375,1.211171875,2.04646875,1.61354296875,-2.021796875,-1.383328125,5.44905078125,5.76748046875,-2.6447265625,-2.46654296875,-0.3378046875,2.053078125,0.80355078125,4.83700390625,-0.10520703125,-4.5716171875
-1.57891796875,0.6783671875,4.53028515625,2.30796875,3.83525390625,4.77368359375,4.6733046875,12.414203125,-1.04640234375,4.27138671875,5.93804296875,2.9966171875,3.468265625,0.685374999999997,1.4664765625,1.844171875,-0.41053125,3.03954296875,-0.863796874999998,-0.889328125,3.62105078125,6.43148046875,-1.6157265625,-1.92154296875,-1.4878046875,0.153078125,0.78055078125,5.45200390625,-0.10520703125,-5.7856171875
2.73608203125,4.4173671875,8.13628515625,5.07396875,8.37325390625,8.44668359375,6.6263046875,14.346203125,2.55759765625,8.12938671875,9.40804296875,0.9196171875,6.061265625,3.485375,4.7274765625,3.093171875,-1.36553125,4.44654296875,1.166203125,0.231671875,2.92605078125,7.03548046875,0.351273437500002,-0.567542968750002,-1.6028046875,-0.080921875,1.25655078125,6.62300390625,0.75379296875,-5.9056171875
5.90108203125,7.3783671875,10.93828515625,7.30396875,12.33525390625,11.34468359375,8.4703046875,15.487203125,5.72159765625,11.38838671875,12.00704296875,-0.3153828125,8.355265625,6.351375,7.2184765625,4.657171875,-0.655531250000001,5.58654296875,3.466203125,1.729671875,3.51805078125,7.58348046875,2.8012734375,1.29845703125,-0.5768046875,1.570078125,2.15655078125,8.23700390625,2.30179296875,-4.7296171875
7.25108203125,8.9153671875,12.02128515625,8.51696875,14.84125390625,12.87268359375,9.9103046875,15.614203125,7.72759765625,13.30338671875,13.13804296875,-0.358382812499999,9.932265625,8.479375,8.3064765625,6.130171875,1.32246875,6.25554296875,5.309203125,3.252671875,5.16205078125,8.07248046875,5.1182734375,3.17145703125,1.3311953125,4.729078125,3.24455078125,10.06300390625,4.19479296875,-2.3816171875
6.72208203125,8.8213671875,11.11428515625,8.50096875,15.49125390625,12.85768359375,10.7213046875,14.748203125,8.22059765625,13.57238671875,12.58004296875,0.782617187500001,10.491265625,9.304375,7.8194765625,7.146171875,3.84546875,6.39454296875,6.194203125,4.470671875,7.35205078125,8.49748046875,6.8142734375,4.56045703125,3.6451953125,8.585078125,4.26655078125,11.88100390625,6.06679296875,0.7463828125
4.87708203125,7.3823671875,8.72028515625,7.35996875,14.47125390625,11.57168359375,10.7833046875,13.080203125,7.33059765625,12.43138671875,10.56704296875,2.8146171875,10.016265625,8.744375,6.1324765625,7.516171875,6.20646875,6.16454296875,6.081203125,5.206671875,9.55405078125,8.93248046875,7.7702734375,5.21545703125,5.8811953125,12.215078125,5.08155078125,13.61200390625,7.67279296875,4.1323828125
2.66508203125,5.2433671875,5.83728515625,5.48596875,12.46025390625,9.60368359375,10.1713046875,10.982203125,5.64959765625,10.55638671875,7.72404296875,5.2756171875,8.850265625,7.259375,4.0104765625,7.270171875,7.98846875,5.95254296875,5.408203125,5.495671875,11.41705078125,9.58848046875,8.3082734375,5.24745703125,7.7341953125,14.938078125,5.75055078125,15.37400390625,8.97279296875,7.2983828125
1.04108203125,3.1623671875,3.47028515625,3.44496875,10.36825390625,7.64068359375,9.1583046875,8.952203125,4.06859765625,8.80538671875,4.85604296875,7.6136171875,7.567265625,5.680375,2.3044765625,6.615171875,9.14846875,6.24654296875,4.880203125,5.553671875,12.87005078125,10.78548046875,9.0442734375,5.07245703125,9.1451953125,16.541078125,6.52955078125,17.41700390625,10.13479296875,9.9743828125
0.60608203125,1.7743671875,2.20728515625,1.76796875,9.00025390625,6.26268359375,8.1053046875,7.448203125,3.44259765625,7.88938671875,2.67204296875,9.2336171875,6.706265625,4.864375,1.6204765625,5.819171875,9.87546875,7.41354296875,5.135203125,5.661671875,14.05405078125,12.77848046875,10.5582734375,5.21845703125,10.2621953125,17.286078125,7.76455078125,19.96300390625,11.45379296875,12.1763828125
1.44908203125,1.4183671875,2.08728515625,0.799968750000001,8.80625390625,5.79468359375,7.3323046875,6.723203125,4.24359765625,8.13338671875,1.57004296875,9.5826171875,6.542265625,5.350375,2.1254765625,5.102171875,10.34946875,9.49054296875,6.456203125,6.032671875,15.14005078125,15.55648046875,13.0712734375,6.06145703125,11.3031953125,17.691078125,9.71555078125,23.01900390625,13.18179296875,14.1283828125
3.23308203125,2.1033671875,2.76528515625,0.67596875,9.81325390625,6.26668359375,7.0523046875,6.780203125,6.37359765625,9.44538671875,1.57204296875,8.3746171875,7.022265625,7.181375,3.5654765625,4.602171875,10.56246875,12.13754296875,8.669203125,6.733671875,16.17705078125,18.77048046875,16.3042734375,7.64945703125,12.4221953125,18.213078125,12.39355078125,26.30700390625,15.35979296875,16.0613828125
5.43108203125,3.6033671875,3.83428515625,1.37696875,11.72925390625,7.50068359375,7.3713046875,7.409203125,9.26059765625,11.45638671875,2.44704296875,5.8376171875,7.866265625,9.970375,5.4914765625,4.411171875,10.31646875,14.77654296875,11.289203125,7.715671875,17.05005078125,21.83848046875,19.6042734375,9.70745703125,13.6511953125,18.973078125,15.51655078125,29.32500390625,17.73979296875,18.0233828125
7.56708203125,5.6213671875,5.06428515625,2.80496875,14.11125390625,9.25268359375,8.2713046875,8.254203125,12.16659765625,13.74038671875,3.89504296875,2.8036171875,8.746265625,13.137375,7.5034765625,4.637171875,9.36546875,16.85654296875,13.792203125,8.893671875,17.55605078125,24.16148046875,22.2522734375,11.80545703125,14.9241953125,19.687078125,18.60255078125,31.53700390625,19.84679296875,19.8003828125
9.36408203125,7.8963671875,6.44228515625,4.84896875,16.52425390625,11.28568359375,9.5923046875,8.976203125,14.52759765625,15.95538671875,5.65704296875,0.4216171875,9.432265625,16.156375,9.3934765625,5.393171875,7.58446875,18.08054296875,15.850203125,10.210671875,17.52305078125,25.32948046875,23.7792734375,13.56845703125,16.1241953125,19.810078125,21.14655078125,32.57100390625,21.15579296875,20.9963828125
10.76608203125,10.1943671875,8.03328515625,7.42096875,18.61425390625,13.35168359375,11.0583046875,9.461203125,16.13859765625,17.87238671875,7.50804296875,-0.3683828125,9.860265625,18.693375,11.0904765625,6.716171875,5.09046875,18.49054296875,17.398203125,11.622671875,16.90205078125,25.22948046875,24.1252734375,14.79445703125,17.1121953125,18.803078125,22.75855078125,32.33600390625,21.27879296875,21.2203828125
11.83908203125,12.2543671875,9.78828515625,10.38596875,20.12625390625,15.13868359375,12.3363046875,9.845203125,17.10159765625,19.29638671875,9.19704296875,0.7036171875,10.100265625,20.598375,12.5304765625,8.479171875,2.26146875,18.39254296875,18.540203125,13.036671875,15.78905078125,24.03748046875,23.5982734375,15.45545703125,17.7241953125,16.394078125,23.23955078125,31.02700390625,20.10979296875,20.2663828125
12.61908203125,13.7663671875,11.45828515625,13.39696875,20.86625390625,16.28068359375,13.1113046875,10.242203125,17.59559765625,19.98938671875,10.43304296875,3.1306171875,10.259265625,21.816375,13.5604765625,10.381171875,-0.34953125,18.16554296875,19.391203125,14.268671875,14.37705078125,22.13048046875,22.6872734375,15.62545703125,17.7961953125,12.700078125,22.59355078125,29.02500390625,17.87079296875,18.1973828125
13.01108203125,14.4253671875,12.65028515625,15.81296875,20.67625390625,16.42768359375,13.1523046875,10.426203125,17.66559765625,19.66638671875,10.93204296875,5.8906171875,10.383265625,22.294375,13.9364765625,11.999171875,-2.20153125,18.07654296875,19.955203125,15.038671875,12.85105078125,19.96648046875,21.8342734375,15.38345703125,17.1841953125,8.186078125,20.98155078125,26.76600390625,15.04479296875,15.3213828125
12.77808203125,14.0023671875,12.96828515625,16.86596875,19.44525390625,15.33868359375,12.3633046875,9.855203125,17.15759765625,18.10038671875,10.47004296875,7.8736171875,10.402265625,21.955375,13.4034765625,12.876171875,-2.97753125,18.17954296875,20.100203125,15.015671875,11.28105078125,17.96648046875,21.2732734375,14.75245703125,15.7921953125,3.498078125,18.66955078125,24.60800390625,12.21879296875,12.0613828125
11.65908203125,12.4243671875,12.16828515625,16.03596875,17.16825390625,12.96468359375,10.8083046875,8.057203125,15.87159765625,15.26338671875,8.93804296875,8.2686171875,10.184265625,20.750375,11.8074765625,12.619171875,-2.72253125,18.34354296875,19.626203125,13.915671875,9.59305078125,16.43548046875,20.9812734375,13.68245703125,13.6051953125,-0.737921875,15.96155078125,22.76400390625,9.89079296875,8.8223828125
9.55508203125,9.8663671875,10.27328515625,13.38096875,14.00925390625,9.52068359375,8.6643046875,5.041203125,13.77959765625,11.41938671875,6.38004296875,6.8036171875,9.655265625,18.735375,9.1944765625,11.014171875,-1.83753125,18.35754296875,18.395203125,11.610671875,7.63505078125,15.50048046875,20.7472734375,12.12345703125,10.7371953125,-4.071921875,13.16855078125,21.30000390625,8.33279296875,5.8933828125
6.67908203125,6.7713671875,7.59728515625,9.61696875,10.35625390625,5.49768359375,6.1753046875,1.404203125,11.17159765625,7.10538671875,3.04204296875,3.7726171875,8.896265625,16.125375,5.8474765625,8.111171875,-0.924531250000001,18.05154296875,16.432203125,8.230671875,5.30605078125,15.08948046875,20.2872734375,10.10845703125,7.4501953125,-6.312921875,10.56555078125,20.15200390625,7.53679296875,3.4273828125
3.58908203125,3.7553671875,4.65528515625,5.90296875,6.79525390625,1.56868359375,3.6493046875,-1.875796875,8.60459765625,3.00938671875,-0.622957031250001,-0.0933828124999998,8.132265625,13.259375,2.2474765625,4.245171875,-0.540531250000001,17.33154296875,13.941203125,4.183671875,2.68005078125,14.94248046875,19.3532734375,7.78245703125,4.1171953125,-7.513921875,8.32655078125,19.13900390625,7.24879296875,1.4623828125
1.02608203125,1.4013671875,1.99328515625,3.40496875,3.99325390625,-1.59731640625,1.4793046875,-3.831796875,6.67359765625,-0.217613281250003,-4.01495703125,-3.8223828125,7.590265625,10.510375,-1.0445234375,0.00617187499999972,-0.97553125,16.14354296875,11.230203125,0.0926718750000006,0.0350507812500016,14.68248046875,17.7872734375,5.37245703125,1.1441953125,-7.901921875,6.46655078125,17.98400390625,7.07679296875,-0.0236171875000002
-0.372917968749999,0.0713671874999999,0.0202851562500008,2.82596875,2.48325390625,-3.51531640625,0.0943046874999993,-3.943796875,5.74559765625,-2.15061328125,-6.49695703125,-6.4183828125,7.350265625,8.191375,-3.5265234375,-3.840828125,-2.14753125,14.44654296875,8.622203125,-3.348328125,-2.20294921875,13.90748046875,15.5522734375,3.11945703125,-1.1288046875,-7.764921875,4.85155078125,16.38800390625,6.63279296875,-1.0596171875
-0.33191796875,-0.1596328125,-1.05771484375,4.10696875,2.47225390625,-3.98831640625,-0.160695312500003,-2.395796875,5.82159765625,-2.66861328125,-7.53995703125,-7.1173828125,7.296265625,6.508375,-4.8395234375,-6.495828125,-3.67653125,12.24054296875,6.405203125,-5.525328125,-3.59794921875,12.31948046875,12.7512734375,1.24445703125,-2.4828046875,-7.342921875,3.30655078125,14.16600390625,5.68479296875,-1.6486171875
0.97608203125,0.5383671875,-1.20071484375,6.47096875,3.77925390625,-3.10031640625,0.884304687499998,0.0332031250000004,6.61759765625,-1.90961328125,-6.85895703125,-5.6573828125,7.226265625,5.585375,-4.8075234375,-7.308828125,-5.05653125,9.65654296875,4.834203125,-6.061328125,-3.85094921875,9.83448046875,9.6502734375,-0.071542968750002,-2.8468046875,-6.776921875,1.74255078125,11.37800390625,4.23379296875,-1.7816171875
3.04008203125,1.8433671875,-0.464714843749999,8.81996875,5.95125390625,-1.12731640625,3.2083046875,2.442203125,7.77859765625,-0.128613281250001,-4.47595703125,-2.4043828125,6.976265625,5.497375,-3.4245234375,-5.987828125,-5.84753125,6.99254296875,4.125203125,-4.913328125,-2.91094921875,6.64848046875,6.6582734375,-0.704542968750001,-2.3088046875,-6.119921875,0.21755078125,8.34900390625,2.48579296875,-1.4886171875
5.21708203125,3.3893671875,1.01228515625,10.24796875,8.44725390625,1.58968359375,6.6163046875,4.295203125,9.04859765625,2.40338671875,-0.708957031250002,1.8096171875,6.469265625,6.262375,-0.854523437500003,-2.705828125,-5.80953125,4.62854296875,4.407203125,-2.389328125,-1.00694921875,3.18148046875,4.2242734375,-0.631542968750002,-1.1088046875,-5.417921875,-1.09844921875,5.52600390625,0.71979296875,-0.9056171875
6.93508203125,4.8503671875,2.96928515625,10.41696875,10.80425390625,4.74968359375,10.7493046875,5.600203125,10.29059765625,5.40738671875,3.92704296875,6.0746171875,5.644265625,7.758375,2.5704765625,1.928171875,-4.96153125,2.86054296875,5.621203125,0.926671875,1.40905078125,-0.08251953125,2.6792734375,0.0434570312499982,0.4091953125,-4.793921875,-2.03944921875,3.25600390625,-0.88020703125,-0.3296171875
7.82508203125,5.9783671875,4.99728515625,9.63296875,12.71525390625,8.11268359375,15.0993046875,6.737203125,11.38559765625,8.55038671875,8.82604296875,9.7696171875,4.401265625,9.660375,6.3494765625,7.042171875,-3.55953125,1.75654296875,7.456203125,4.329671875,3.80305078125,-2.78751953125,2.0852734375,1.07645703125,1.8561953125,-4.482921875,-2.56944921875,1.60600390625,-2.34520703125,-0.1916171875
7.80408203125,6.6093671875,6.61928515625,8.61996875,14.03825390625,11.43568359375,19.0893046875,8.121203125,12.14759765625,11.42938671875,13.37904296875,12.6556171875,2.666265625,11.460375,9.8654765625,11.706171875,-2.01853125,1.15454296875,9.388203125,7.164671875,5.70805078125,-4.80851953125,2.2222734375,2.13145703125,2.8781953125,-4.780921875,-2.83044921875,0.360003906250002,-3.89720703125,-0.9346171875
7.08808203125,6.6833671875,7.49428515625,8.11496875,14.79225390625,14.45168359375,22.2053046875,9.898203125,12.35059765625,13.66538671875,17.06804296875,14.7116171875,0.556265625,12.635375,12.5494765625,15.152171875,-0.78153125,0.806542968750001,10.871203125,9.009671875,6.84205078125,-6.21851953125,2.7172734375,2.89045703125,3.2581953125,-5.887921875,-3.07244921875,-0.783996093749998,-5.77820703125,-2.7836171875
6.13308203125,6.3283671875,7.64928515625,8.48996875,15.15825390625,16.94768359375,24.1663046875,11.830203125,11.87259765625,15.08138671875,19.60104296875,15.9516171875,-1.499734375,12.919375,14.1244765625,16.968171875,-0.18953125,0.596542968750001,11.617203125,9.808671875,7.17405078125,-7.12151953125,3.2962734375,3.22745703125,3.0311953125,-7.707921875,-3.44544921875,-1.94599609375,-7.98720703125,-5.5296171875
5.51408203125,5.9143671875,7.56928515625,9.61596875,15.48025390625,18.92868359375,25.0623046875,13.427203125,10.85459765625,15.86438671875,21.05004296875,16.4316171875,-2.824734375,12.515375,14.8024765625,17.226171875,-0.331531250000001,0.690542968750002,11.803203125,9.918671875,6.93705078125,-7.47851953125,3.9742734375,3.33545703125,2.5531953125,-9.760921875,-3.81144921875,-2.87999609375,-10.11520703125,-8.4566171875
5.75108203125,5.9643671875,7.99628515625,11.05196875,16.19325390625,20.65868359375,25.3923046875,14.279203125,9.73559765625,16.54238671875,21.85004296875,16.3856171875,-2.775734375,12.082375,15.2374765625,16.440171875,-0.95853125,1.48454296875,12.021203125,9.971671875,6.54905078125,-7.03851953125,5.0592734375,3.69145703125,2.3951953125,-11.300921875,-3.73144921875,-3.00999609375,-11.40820703125,-10.5316171875
7.12108203125,6.9253671875,9.50428515625,12.40296875,17.63325390625,22.51968359375,25.8553046875,14.328203125,9.09659765625,17.73038671875,22.61104296875,16.2416171875,-1.066734375,12.424375,16.2144765625,15.344171875,-1.54853125,3.35754296875,12.971203125,10.587671875,6.46305078125,-5.47951953125,6.9382734375,4.82245703125,3.0971953125,-11.633921875,-2.67744921875,-1.70799609375,-11.09420703125,-10.8146171875
9.53008203125,8.9323671875,12.09728515625,13.56196875,19.80825390625,24.74068359375,26.9823046875,13.851203125,9.36359765625,19.75138671875,23.80204296875,16.4126171875,2.070265625,14.063375,18.2394765625,14.575171875,-1.55253125,6.39654296875,15.060203125,12.063671875,6.96305078125,-2.66151953125,9.7802734375,7.00745703125,4.8731953125,-10.472921875,-0.36144921875,1.33300390625,-8.80120703125,-8.9096171875
12.54508203125,11.7253671875,15.15428515625,14.70096875,22.32425390625,27.20868359375,28.8153046875,13.203203125,10.58159765625,22.40338671875,25.51704296875,17.0356171875,5.987265625,16.938375,21.2704765625,14.449171875,-0.713531250000001,10.27654296875,18.157203125,14.231671875,8.03905078125,1.17548046875,13.3412734375,10.07845703125,7.4821953125,-8.086921875,3.04055078125,5.84900390625,-4.82620703125,-5.1946171875
15.57808203125,14.7513671875,17.76728515625,16.04996875,24.53125390625,29.48168359375,30.9043046875,12.576203125,12.41559765625,25.02738671875,27.44504296875,17.9266171875,9.885265625,20.413375,24.7234765625,14.940171875,0.793468749999999,14.34954296875,21.627203125,16.548671875,9.40305078125,5.40248046875,16.9972734375,13.43645703125,10.3131953125,-5.190921875,6.88555078125,11.02100390625,-0.0992070312500002,-0.7166171875
18.12108203125,17.3713671875,19.25728515625,17.61596875,25.82125390625,30.99868359375,32.5923046875,11.971203125,14.33159765625,26.83738671875,29.07004296875,18.7846171875,13.071265625,23.563375,27.7544765625,15.823171875,2.48446875,17.86754296875,24.615203125,18.368671875,10.66005078125,9.20048046875,19.9732734375,16.26745703125,12.6581953125,-2.606921875,10.30555078125,15.75700390625,4.15879296875,3.2203828125
19.86708203125,19.0823671875,19.49528515625,19.03096875,25.88825390625,31.39468359375,33.3913046875,11.319203125,15.81959765625,27.30138671875,29.98104296875,19.4466171875,15.077265625,25.558375,29.6364765625,16.895171875,3.88146875,20.20854296875,26.404203125,19.265671875,11.53105078125,11.84348046875,21.6572734375,17.88045703125,14.0391953125,-0.898921875,12.57755078125,19.10500390625,6.94779296875,5.5813828125
20.70008203125,19.6683671875,18.85328515625,19.65196875,24.82125390625,30.71368359375,33.2003046875,10.637203125,16.53459765625,26.37438671875,30.13004296875,19.9636171875,15.673265625,25.980375,30.0694765625,18.134171875,4.77946875,21.04954296875,26.713203125,19.253671875,12.02405078125,12.92848046875,21.8502734375,18.01345703125,14.4371953125,-0.129921875,13.45955078125,20.63100390625,7.91079296875,6.0223828125
20.63208203125,19.2313671875,17.87528515625,18.91796875,23.04425390625,29.42068359375,32.3433046875,10.139203125,16.35659765625,24.51138671875,29.87404296875,20.5026171875,14.845265625,24.933375,29.2804765625,19.701171875,5.32946875,20.43354296875,25.788203125,18.799671875,12.46005078125,12.48248046875,20.8422734375,16.96845703125,14.3141953125,0.148078125,13.30455078125,20.56400390625,7.46479296875,5.0143828125
19.78108203125,18.1163671875,16.96228515625,16.76796875,21.14425390625,28.17868359375,31.4173046875,10.220203125,15.38659765625,22.45638671875,29.77704296875,21.2196171875,12.786265625,22.942375,27.8764765625,21.804171875,5.89246875,18.73354296875,24.257203125,18.615671875,13.32905078125,10.90648046875,19.2822734375,15.49045703125,14.3961953125,0.668078125,12.88755078125,19.63900390625,6.54679296875,3.5913828125
18.38808203125,16.7733671875,16.26628515625,13.78996875,19.67325390625,27.54368359375,30.9903046875,11.234203125,13.90459765625,20.92838671875,30.30104296875,22.2026171875,9.888265625,20.694375,26.5644765625,24.497171875,6.78546875,16.51454296875,22.839203125,19.318671875,15.02505078125,8.80048046875,17.8972734375,14.44445703125,15.3251953125,2.080078125,13.03855078125,18.69800390625,6.12179296875,2.8653828125
16.78808203125,15.6323671875,15.79428515625,10.95996875,18.96625390625,27.73568359375,31.2833046875,13.162203125,12.23959765625,20.33838671875,31.54504296875,23.4176171875,6.670265625,18.753375,25.8694765625,27.515171875,8.05746875,14.34254296875,22.051203125,21.134671875,17.58305078125,6.73548046875,17.1812734375,14.45845703125,17.3551953125,4.606078125,14.25355078125,18.29800390625,6.73179296875,3.5233828125
15.31308203125,14.9723671875,15.54228515625,9.15296875,19.05225390625,28.56068359375,32.0033046875,15.442203125,10.65559765625,20.67038671875,33.17404296875,24.6036171875,3.672265625,17.380375,25.9694765625,30.247171875,9.43646875,12.60254296875,22.026203125,23.765671875,20.55805078125,5.10248046875,17.2062734375,15.67245703125,20.2211953125,7.880078125,16.48655078125,18.50100390625,8.30379296875,5.5643828125
14.18808203125,14.8283671875,15.53428515625,8.73896875,19.66625390625,29.50968359375,32.4813046875,17.176203125,9.30959765625,21.55838671875,34.54304296875,25.2126171875,1.328265625,16.528375,26.6774765625,31.875171875,10.46446875,11.40554296875,22.518203125,26.485671875,23.13405078125,4.06648046875,17.6282734375,17.69045703125,23.2301953125,11.072078125,19.17455078125,18.96000390625,10.28279296875,8.3763828125
13.48408203125,14.9903671875,15.73128515625,9.46496875,20.35025390625,29.96368359375,32.0023046875,17.549203125,8.28659765625,22.46038671875,34.95504296875,24.6046171875,-0.104734375,15.962375,27.5524765625,31.667171875,10.74146875,10.61454296875,23.052203125,28.425671875,24.44905078125,3.61048046875,17.8952734375,19.75545703125,25.5341953125,13.261078125,21.47755078125,19.18800390625,11.95979296875,11.0933828125
13.10608203125,15.1003671875,15.93928515625,10.58196875,20.57625390625,29.43168359375,30.1523046875,16.154203125,7.60359765625,22.83038671875,33.95304296875,22.4566171875,-0.596734375,15.408375,28.0724765625,29.312171875,10.11946875,9.97154296875,23.142203125,28.900671875,23.99105078125,3.57148046875,17.5122734375,21.04445703125,26.4591953125,13.873078125,22.61655078125,18.82400390625,12.80779296875,13.0003828125
12.80808203125,14.7833671875,15.77528515625,11.16896875,19.87225390625,27.70068359375,26.9953046875,13.098203125,7.16959765625,22.23538671875,31.48104296875,19.0926171875,-0.343734375,14.642375,27.7904765625,25.110171875,8.77246875,9.23854296875,22.452203125,27.635671875,21.81905078125,3.67448046875,16.2412734375,20.95845703125,25.7381953125,12.924078125,22.13655078125,17.76800390625,12.64579296875,13.7893828125
12.23908203125,13.7493671875,14.75328515625,10.52796875,17.94825390625,24.84368359375,23.0383046875,8.971203125,6.75859765625,20.44238671875,27.86604296875,15.3946171875,0.288265625,13.510375,26.4134765625,19.878171875,7.08546875,8.27554296875,20.853203125,24.777671875,18.49305078125,3.57648046875,14.1222734375,19.26345703125,23.5211953125,10.961078125,19.98855078125,16.12400390625,11.57579296875,13.5393828125
11.05208203125,11.8413671875,12.46928515625,8.52596875,14.79425390625,21.11668359375,18.9933046875,4.684203125,6.08159765625,17.45938671875,23.62704296875,12.3076171875,0.869265625,11.923375,23.8284765625,14.605171875,5.46646875,7.06154296875,18.393203125,20.747671875,14.76805078125,2.95848046875,11.3872734375,16.07845703125,20.2181953125,8.727078125,16.44255078125,14.05000390625,9.81879296875,12.5303828125
9.05108203125,9.1043671875,8.82628515625,5.67296875,10.69925390625,16.83968359375,15.4273046875,1.141203125,4.90759765625,13.53338671875,19.25004296875,10.2956171875,1.034265625,9.866375,20.1094765625,10.065171875,4.15246875,5.66454296875,15.245203125,16.042671875,11.25005078125,1.64848046875,8.3372734375,11.79745703125,16.3021953125,6.821078125,11.96755078125,11.65500390625,7.58479296875,11.0603828125
6.31608203125,5.8053671875,4.18628515625,2.86796875,6.16525390625,12.32368359375,12.5053046875,-1.122796875,3.15959765625,9.07238671875,15.04804296875,9.1516171875,0.602265625,7.397375,15.5214765625,6.592171875,3.15146875,4.19754296875,11.679203125,11.135671875,8.23505078125,-0.291519531250001,5.2552734375,6.99845703125,12.2171953125,5.515078125,7.14455078125,9.00800390625,5.07079296875,9.3623828125
3.20208203125,2.3703671875,-0.682714843749999,0.96396875,1.73225390625,7.83368359375,9.9993046875,-2.067796875,0.92459765625,4.52338671875,11.13504296875,8.2436171875,-0.362734375,4.638375,10.5034765625,4.107171875,2.34946875,2.77054296875,8.030203125,6.453671875,5.77005078125,-2.56351953125,2.3752734375,2.34145703125,8.3691953125,4.790078125,2.61255078125,6.23700390625,2.52079296875,7.6233828125
0.20508203125,-0.786632812500001,-4.87471484375,0.37896875,-2.19374609375,3.56368359375,7.5413046875,-1.991796875,-1.60640234375,0.25838671875,7.49404296875,6.9636171875,-1.595734375,1.736375,5.5684765625,2.312171875,1.65646875,1.42654296875,4.625203125,2.378671875,3.82705078125,-4.73151953125,-0.131726562499999,-1.57154296875,5.1351953125,4.495078125,-1.02544921875,3.60800390625,0.25379296875,6.0283828125
-2.26291796875,-3.4186328125,-7.74271484375,0.924968750000001,-5.45374609375,-0.35431640625,4.8883046875,-1.302796875,-4.24540234375,-3.51861328125,4.07404296875,5.0586171875,-2.784734375,-1.174625,1.1824765625,0.918171874999999,1.07646875,0.11654296875,1.704203125,-0.777328125,2.41305078125,-6.39051953125,-2.1657265625,-4.32954296875,2.8391953125,4.499078125,-3.33944921875,1.50000390625,-1.38220703125,4.7833828125
-4.05591796875,-5.4966328125,-9.17271484375,1.90696875,-8.09974609375,-3.80231640625,2.0583046875,-0.404796875,-6.87440234375,-6.75661328125,0.88204296875,2.6876171875,-3.746734375,-3.987625,-2.3535234375,-0.215828125000002,0.62746875,-1.27145703125,-0.631796874999997,-2.818328125,1.57605078125,-7.31051953125,-3.6967265625,-5.79054296875,1.6831953125,4.761078125,-4.18244921875,0.267003906250002,-2.11720703125,4.0913828125
-5.29291796875,-7.1066328125,-9.57971484375,2.47996875,-10.24574609375,-6.61831640625,-0.670695312500001,0.341203125000001,-9.41040234375,-9.45161328125,-1.94895703125,0.2956171875,-4.493734375,-6.588625,-4.9245234375,-1.055828125,0.222468749999999,-2.80745703125,-2.389796875,-3.698328125,1.33405078125,-7.46751953125,-4.7377265625,-6.06154296875,1.6931953125,5.291078125,-3.71544921875,0.0920039062500013,-1.84520703125,4.1033828125
-6.16791796875,-8.3036328125,-9.60471484375,2.12996875,-11.89274609375,-8.58731640625,-2.8556953125,0.696203125,-11.68040234375,-11.50161328125,-4.14895703125,-1.5533828125,-5.152734375,-8.803625,-6.5315234375,-1.457828125,-0.38153125,-4.42345703125,-3.601796875,-3.495328125,1.62405078125,-6.95851953125,-5.3107265625,-5.39854296875,2.7181953125,6.062078125,-2.31844921875,0.908003906250002,-0.67820703125,4.8523828125
-6.74491796875,-9.0016328125,-9.73271484375,1.01396875,-12.87474609375,-9.49731640625,-4.0576953125,0.598203125,-13.33240234375,-12.66361328125,-5.38595703125,-2.3623828125,-5.805734375,-10.372625,-7.1945234375,-1.271828125,-1.47553125,-5.86445703125,-4.249796875,-2.361328125,2.30105078125,-5.89651953125,-5.4167265625,-4.07754296875,4.4751953125,6.927078125,-0.43644921875,2.41700390625,1.07779296875,6.1873828125
-6.88691796875,-9.0016328125,-10.06071484375,-0.0430312499999994,-12.97974609375,-9.25231640625,-4.0816953125,0.115203125,-13.92540234375,-12.67661328125,-5.40595703125,-1.9193828125,-6.393734375,-11.013625,-6.9145234375,-0.461828125,-3.20453125,-6.76145703125,-4.250796875,-0.480328125,3.16305078125,-4.35851953125,-5.0277265625,-2.29654296875,6.6291953125,7.602078125,1.58555078125,4.19200390625,2.99379296875,7.7643828125
-6.38891796875,-8.1546328125,-10.34871484375,0.0449687499999998,-12.15574609375,-8.00131640625,-3.1326953125,-0.642796875,-13.16440234375,-11.47061328125,-4.23495703125,-0.4843828125,-6.757734375,-10.545625,-5.7505234375,0.797171874999998,-5.41053125,-6.76345703125,-3.527796875,1.907671875,3.97305078125,-2.39751953125,-4.1037265625,-0.176542968750002,8.8341953125,7.739078125,3.56455078125,5.79900390625,4.63179296875,9.1143828125
-5.19391796875,-6.5746328125,-10.27571484375,2.02496875,-10.66174609375,-6.22031640625,-1.7976953125,-1.554796875,-11.13640234375,-9.35261328125,-2.31895703125,1.1956171875,-6.754734375,-9.037625,-3.9755234375,2.060171875,-7.66753125,-5.70645703125,-2.140796875,4.419671875,4.45505078125,-0.103519531250001,-2.6607265625,2.12545703125,10.7011953125,7.045078125,5.41755078125,6.90000390625,5.64879296875,9.7693828125
-3.55391796875,-4.7246328125,-9.74371484375,5.79296875,-9.05074609375,-4.65731640625,-0.859695312500001,-2.507796875,-8.35240234375,-7.01861328125,-0.514957031250001,2.1186171875,-6.381734375,-6.859625,-2.1585234375,2.679171875,-9.49753125,-3.74845703125,-0.388796874999997,6.467671875,4.30405078125,2.30948046875,-0.866726562499998,4.28045703125,11.7631953125,5.391078125,7.01155078125,7.27000390625,5.85879296875,9.4103828125
-2.02591796875,-3.2776328125,-9.01471484375,10.23896875,-7.99474609375,-4.10731640625,-1.0206953125,-3.461796875,-5.58340234375,-5.37561328125,0.169042968749999,1.4626171875,-5.794734375,-4.608625,-1.0675234375,1.998171875,-10.64953125,-1.39345703125,1.202203125,7.317671875,3.23805078125,4.43548046875,0.890273437500001,5.76245703125,11.5071953125,2.877078125,8.06155078125,6.75700390625,5.22479296875,7.9523828125
-1.31191796875,-2.8496328125,-8.63471484375,13.58896875,-8.04874609375,-5.11731640625,-2.6506953125,-4.488796875,-3.58640234375,-5.21261328125,-1.01595703125,-1.0213828125,-5.258734375,-2.926625,-1.3905234375,-0.361828125000001,-11.20153125,0.612542968750001,2.021203125,6.313671875,1.10205078125,5.69848046875,2.0262734375,5.97145703125,9.5121953125,-0.171921875,8.14155078125,5.23400390625,3.80379296875,5.5583828125
-2.00991796875,-3.8016328125,-9.19371484375,14.12896875,-9.47374609375,-7.78431640625,-5.6266953125,-5.689796875,-2.88940234375,-6.90861328125,-4.23495703125,-4.8943828125,-5.071734375,-2.339625,-3.4745234375,-4.324828125,-11.45753125,1.46654296875,1.542203125,3.126671875,-2.06494921875,5.51448046875,1.8952734375,4.43345703125,5.6191953125,-3.308921875,6.81255078125,2.60500390625,1.67379296875,2.5563828125
-4.42291796875,-6.1766328125,-11.06471484375,10.96596875,-12.18274609375,-11.74831640625,-9.3716953125,-7.063796875,-3.70640234375,-10.32561328125,-8.99895703125,-9.2273828125,-5.525734375,-3.166625,-7.2155234375,-9.385828125,-11.72753125,0.527542968750002,-0.550796874999998,-2.100328125,-6.03094921875,3.53648046875,-0.00172656250000003,0.959457031249999,0.0331953125000002,-6.125921875,3.79555078125,-1.11399609375,-1.09120703125,-0.7006171875
-8.43791796875,-9.7286328125,-14.22471484375,4.46296875,-15.80174609375,-16.34631640625,-13.0996953125,-8.480796875,-5.97440234375,-14.92061328125,-14.37095703125,-12.9563828125,-6.854734375,-5.517625,-12.1485234375,-14.803828125,-12.18553125,-2.49245703125,-4.291796875,-8.766328125,-10.43394921875,-0.132519531250001,-3.8037265625,-4.27554296875,-6.6798046875,-8.382921875,-0.85644921875,-5.68799609375,-4.36720703125,-3.9306171875
-13.52791796875,-13.9496328125,-18.22171484375,-3.84003125,-19.77174609375,-20.81731640625,-16.1306953125,-9.759796875,-9.41040234375,-19.96561328125,-19.30495703125,-15.2253828125,-9.115734375,-9.294625,-17.6105234375,-19.828828125,-12.83953125,-7.39145703125,-9.404796875,-15.957328125,-14.85594921875,-4.88351953125,-9.1557265625,-10.71154296875,-13.6608046875,-10.013921875,-6.66144921875,-10.60499609375,-7.88920703125,-6.9246171875
-18.84691796875,-18.1606328125,-22.32071484375,-11.77103125,-23.46074609375,-24.49331640625,-18.0966953125,-10.723796875,-13.56440234375,-24.74461328125,-22.96695703125,-15.6633828125,-12.059734375,-14.173625,-22.8965234375,-23.872828125,-13.57953125,-13.47845703125,-15.295796875,-22.637328125,-18.85394921875,-9.74651953125,-15.2407265625,-17.46554296875,-19.9198046875,-11.047921875,-12.77244921875,-15.15299609375,-11.22320703125,-9.4826171875
-23.44991796875,-21.6786328125,-25.77771484375,-17.31903125,-26.28074609375,-26.93631640625,-18.9796953125,-11.199796875,-17.86340234375,-28.68061328125,-24.94095703125,-14.5193828125,-15.138734375,-19.602625,-27.3715234375,-26.575828125,-14.24553125,-19.74245703125,-21.131796875,-27.870328125,-21.98494921875,-13.69851953125,-20.9787265625,-23.50154296875,-24.5478046875,-11.515921875,-18.21144921875,-18.62199609375,-13.87020703125,-11.3756171875
-26.57691796875,-24.0126328125,-28.11171484375,-19.36803125,-27.81074609375,-27.98731640625,-19.0296953125,-11.069796875,-21.67840234375,-31.37861328125,-25.25095703125,-12.5703828125,-17.712734375,-24.848625,-30.5295234375,-27.789828125,-14.69853125,-25.14445703125,-25.990796875,-30.990328125,-23.84094921875,-16.01251953125,-25.3467265625,-27.86654296875,-26.9318046875,-11.431921875,-22.15644921875,-20.55399609375,-15.46520703125,-12.4056171875
-27.90491796875,-24.9876328125,-29.22171484375,-18.05603125,-27.90174609375,-27.72331640625,-18.6266953125,-10.414796875,-24.43940234375,-32.63661328125,-24.23695703125,-10.7973828125,-19.366734375,-29.117625,-32.0165234375,-27.521828125,-14.90153125,-28.90545703125,-29.068796875,-31.700328125,-24.12394921875,-16.46351953125,-27.6737265625,-29.90954296875,-26.8888046875,-10.833921875,-24.16344921875,-20.91699609375,-15.92920703125,-12.5186171875
-27.62191796875,-24.7636328125,-29.31571484375,-14.58503125,-26.71174609375,-26.39531640625,-18.1276953125,-9.580796875,-25.79140234375,-32.43561328125,-22.35995703125,-9.9943828125,-20.103734375,-31.744625,-31.6725234375,-25.913828125,-14.96153125,-30.66045703125,-29.883796875,-30.102328125,-22.75894921875,-15.31651953125,-27.7907265625,-29.45054296875,-24.7028046875,-9.838921875,-24.24044921875,-20.08599609375,-15.49920703125,-11.8906171875
-26.29491796875,-23.7466328125,-28.72271484375,-10.59303125,-24.64774609375,-24.37131640625,-17.7276953125,-9.001796875,-25.69340234375,-30.92861328125,-20.04895703125,-10.4843828125,-20.228734375,-32.358625,-29.5895234375,-23.261828125,-15.08853125,-30.45245703125,-28.418796875,-26.673328125,-19.98794921875,-13.09551953125,-25.9977265625,-26.81754296875,-21.0468046875,-8.671921875,-22.77344921875,-18.64899609375,-14.61420703125,-10.9056171875
-24.56191796875,-22.4056328125,-27.67971484375,-7.43703125,-22.21374609375,-22.05831640625,-17.3996953125,-8.900796875,-24.38240234375,-28.41361328125,-17.60395703125,-12.0733828125,-20.010734375,-30.947625,-26.1505234375,-20.016828125,-15.44953125,-28.57645703125,-25.117796875,-22.157328125,-16.37394921875,-10.30951953125,-22.8797265625,-22.75054296875,-16.8068046875,-7.621921875,-20.36544921875,-17.11799609375,-13.70820703125,-9.9846171875
-22.83791796875,-21.0536328125,-26.23871484375,-5.77403125,-19.83174609375,-19.78031640625,-16.9606953125,-9.115796875,-22.21040234375,-25.28961328125,-15.18195703125,-14.1953828125,-19.378734375,-27.798625,-21.9715234375,-16.718828125,-15.99253125,-25.39045703125,-20.732796875,-17.401328125,-12.64794921875,-7.28051953125,-19.0547265625,-18.16754296875,-12.8298046875,-6.910921875,-17.61944921875,-15.71999609375,-13.01820703125,-9.3856171875
-21.19091796875,-19.7566328125,-24.32171484375,-5.53903125,-17.73874609375,-17.71131640625,-16.2046953125,-9.163796875,-19.46640234375,-21.99361328125,-12.84895703125,-16.1223828125,-17.926734375,-23.407625,-17.7765234375,-13.870828125,-16.37453125,-21.21045703125,-16.097796875,-13.174328125,-9.47394921875,-4.15051953125,-15.0197265625,-13.91554296875,-9.7058046875,-6.570921875,-14.99544921875,-14.35999609375,-12.51720703125,-9.0956171875
-19.45991796875,-18.4206328125,-21.87571484375,-6.17103125,-15.98874609375,-15.91931640625,-15.0206953125,-8.491796875,-16.32240234375,-18.96361328125,-10.70495703125,-17.1693828125,-15.230734375,-18.413625,-14.2785234375,-11.856828125,-16.08053125,-16.35645703125,-11.946796875,-10.060328125,-7.24994921875,-0.99851953125,-11.1337265625,-10.62154296875,-7.6948046875,-6.404921875,-12.78244921875,-12.81199609375,-12.01820703125,-8.9066171875
-17.53991796875,-17.0016328125,-19.03771484375,-6.93303125,-14.59674609375,-14.50031640625,-13.5076953125,-6.781796875,-12.92640234375,-16.64661328125,-9.00595703125,-16.8743828125,-11.241734375,-13.584625,-12.0965234375,-10.936828125,-14.71953125,-11.27545703125,-8.839796875,-8.442328125,-6.08894921875,2.01748046875,-7.7167265625,-8.67154296875,-6.8158046875,-6.112921875,-11.17644921875,-10.96299609375,-11.38620703125,-8.6346171875
-15.64891796875,-15.6646328125,-16.19371484375,-7.26303125,-13.70074609375,-13.68331640625,-12.0446953125,-4.220796875,-9.58540234375,-15.52061328125,-8.18995703125,-15.1653828125,-6.479734375,-9.782625,-11.6985234375,-11.294828125,-12.31753125,-6.61145703125,-7.161796875,-8.547328125,-5.93794921875,4.60348046875,-5.1437265625,-8.27854296875,-7.0218046875,-5.519921875,-10.36744921875,-8.99299609375,-10.70320703125,-8.3056171875
-14.37791796875,-14.7886328125,-13.91971484375,-7.07803125,-13.62974609375,-13.81131640625,-11.2496953125,-1.554796875,-6.87840234375,-16.03961328125,-8.74295703125,-12.4423828125,-1.927734375,-7.838625,-13.3285234375,-13.034828125,-9.40953125,-3.14145703125,-7.146796875,-10.471328125,-6.72994921875,6.36348046875,-3.8547265625,-9.51354296875,-8.3178046875,-4.740921875,-10.55344921875,-7.35299609375,-10.29120703125,-8.1836171875
-14.45191796875,-14.8326328125,-12.81571484375,-6.83303125,-14.77774609375,-15.19231640625,-11.7386953125,0.184203125000001,-5.55740234375,-18.45061328125,-10.95995703125,-9.5153828125,1.320265625,-8.335625,-16.9015234375,-16.112828125,-6.83653125,-1.59545703125,-8.872796875,-14.134328125,-8.43894921875,6.92148046875,-4.2417265625,-12.29354296875,-10.7628046875,-4.184921875,-11.86344921875,-6.57499609375,-10.57020703125,-8.6216171875
-16.30491796875,-16.0906328125,-13.27571484375,-7.24503125,-17.32174609375,-17.89431640625,-13.7916953125,0.173203125000001,-6.21940234375,-22.55461328125,-14.71595703125,-7.3843828125,2.461265625,-11.371625,-21.9095234375,-20.229828125,-5.35753125,-2.41545703125,-12.206796875,-19.199328125,-11.01894921875,6.04848046875,-6.4727265625,-16.30954296875,-14.3378046875,-4.354921875,-14.23044921875,-7.01799609375,-11.83120703125,-9.8326171875
-19.70391796875,-18.4346328125,-15.25571484375,-8.79303125,-20.95674609375,-21.54631640625,-17.1176953125,-1.791796875,-8.90440234375,-27.57561328125,-19.36095703125,-6.8963828125,1.275265625,-16.413625,-27.4265234375,-24.786828125,-5.27453125,-5.57245703125,-16.737796875,-25.001328125,-14.29394921875,3.76048046875,-10.3207265625,-20.96454296875,-18.7768046875,-5.549921875,-17.26944921875,-8.64199609375,-14.00720703125,-11.7056171875
-23.67091796875,-21.1956328125,-18.13971484375,-11.34003125,-24.83874609375,-25.30631640625,-20.8916953125,-5.164796875,-12.88540234375,-32.27761328125,-23.83095703125,-8.3833828125,-1.799734375,-22.341625,-32.2755234375,-28.953828125,-6.29353125,-10.50145703125,-21.740796875,-30.573328125,-17.90794921875,0.362480468749999,-15.1297265625,-25.40254296875,-23.4728046875,-7.634921875,-20.27644921875,-10.95599609375,-16.58220703125,-13.7676171875
-26.77691796875,-23.3366328125,-20.85071484375,-14.11703125,-27.81374609375,-28.06531640625,-24.0116953125,-8.796796875,-16.83840234375,-35.33861328125,-26.97095703125,-11.4433828125,-5.841734375,-27.728625,-35.3475234375,-31.876828125,-7.70553125,-16.22245703125,-26.277796875,-34.834328125,-21.38094921875,-3.60051953125,-19.9487265625,-28.68354296875,-27.5498046875,-10.050921875,-22.40244921875,-13.17399609375,-18.72420703125,-15.3266171875
-27.70991796875,-23.8906328125,-22.22571484375,-16.08503125,-28.85474609375,-28.86031640625,-25.4746953125,-11.312796875,-19.35840234375,-35.83861328125,-27.95295703125,-15.0183828125,-9.788734375,-31.266625,-35.9675234375,-32.941828125,-8.79153125,-21.60345703125,-29.424796875,-36.871328125,-24.24394921875,-7.46651953125,-23.8117265625,-30.05754296875,-30.1118046875,-12.062921875,-22.94644921875,-14.54799609375,-19.62920703125,-15.7556171875
-25.84091796875,-22.4046328125,-21.51171484375,-16.44503125,-27.48974609375,-27.28031640625,-24.7386953125,-11.674796875,-19.56040234375,-33.61661328125,-26.57595703125,-17.7863828125,-12.823734375,-32.165625,-34.0965234375,-31.938828125,-9.21453125,-25.66745703125,-30.527796875,-36.203328125,-26.14494921875,-10.64651953125,-26.0337265625,-29.19554296875,-30.5098046875,-13.090921875,-21.63844921875,-14.72499609375,-18.89820703125,-14.7696171875
-21.49591796875,-19.1156328125,-18.68971484375,-14.99703125,-24.00674609375,-23.62431640625,-21.8966953125,-9.708796875,-17.44540234375,-29.28961328125,-23.28295703125,-18.6573828125,-14.578734375,-30.330625,-30.2595234375,-29.042828125,-9.13653125,-27.78145703125,-29.353796875,-32.876328125,-26.85994921875,-12.77951953125,-26.3617265625,-26.24954296875,-28.5188046875,-12.896921875,-18.70744921875,-13.89599609375,-16.70820703125,-12.5316171875
-15.79291796875,-14.7946328125,-14.46871484375,-12.17403125,-19.31274609375,-18.74431640625,-17.5726953125,-6.226796875,-13.81640234375,-23.93361328125,-18.88395703125,-17.1303828125,-15.097734375,-26.259625,-25.2595234375,-24.638828125,-8.98353125,-27.68645703125,-26.069796875,-27.366328125,-26.21794921875,-13.76251953125,-24.9497265625,-21.71854296875,-24.3428046875,-11.551921875,-14.75044921875,-12.64099609375,-13.69420703125,-9.5296171875
-10.13891796875,-10.3916328125,-9.93771484375,-8.80603125,-14.54474609375,-13.69131640625,-12.6156953125,-2.604796875,-9.83140234375,-18.60661328125,-14.18195703125,-13.3893828125,-14.613734375,-20.767625,-19.8535234375,-19.167828125,-9.06153125,-25.43245703125,-21.129796875,-20.405328125,-24.07794921875,-13.66451953125,-22.1857265625,-16.24454296875,-18.5138046875,-9.286921875,-10.46144921875,-11.56599609375,-10.60620703125,-6.3246171875
-5.68591796875,-6.6856328125,-6.11171484375,-5.76703125,-10.63974609375,-9.34131640625,-7.8056953125,-0.0907968749999997,-6.46540234375,-14.00661328125,-9.72895703125,-8.1783828125,-13.352734375,-14.709625,-14.5755234375,-13.064828125,-9.30353125,-21.31245703125,-15.148796875,-12.814328125,-20.40094921875,-12.60751953125,-18.5137265625,-10.44354296875,-11.7538046875,-6.367921875,-6.39744921875,-10.95699609375,-7.98420703125,-3.3216171875
-2.98191796875,-4.0606328125,-3.55671484375,-3.70803125,-8.05474609375,-6.16931640625,-3.7216953125,0.687203125000001,-4.16240234375,-10.40761328125,-5.78995703125,-2.5633828125,-11.491734375,-8.821625,-9.7505234375,-6.822828125,-9.34253125,-15.83445703125,-8.818796875,-5.418328125,-15.41294921875,-10.70351953125,-14.3467265625,-4.83054296875,-4.8558046875,-3.092921875,-2.85744921875,-10.67599609375,-5.99320703125,-0.6896171875
-1.90791796875,-2.4856328125,-2.26871484375,-2.89603125,-6.72574609375,-4.23331640625,-0.750695312500003,-0.167796875,-2.81740234375,-7.81161328125,-2.49895703125,2.3106171875,-9.206734375,-3.691625,-5.6305234375,-1.058828125,-8.79153125,-9.69145703125,-2.861796875,0.998671874999999,-9.70994921875,-8.06851953125,-10.0587265625,0.165457031249998,1.4041953125,0.154078125,0.0905507812499997,-10.30999609375,-4.47920703125,1.5643828125
-1.87891796875,-1.6716328125,-1.80671484375,-3.14503125,-6.22674609375,-3.32231640625,0.8973046875,-1.979796875,-2.02740234375,-6.14661328125,-0.0329570312500014,5.4386171875,-6.731734375,0.223374999999997,-2.5115234375,3.488171875,-7.50753125,-3.68945703125,2.015203125,5.732671875,-4.20194921875,-4.84951953125,-6.0377265625,4.15345703125,6.3301953125,2.902078125,2.49355078125,-9.44899609375,-3.16120703125,3.4613828125
-2.16691796875,-1.2926328125,-1.59671484375,-3.88103125,-6.02574609375,-3.15131640625,1.2053046875,-3.805796875,-1.43740234375,-5.37261328125,1.33604296875,6.1816171875,-4.339734375,2.589375,-0.728523437500003,6.111171875,-5.66953125,1.35854296875,5.217203125,8.245671875,0.125050781250001,-1.25651953125,-2.6917265625,6.77645703125,9.3841953125,4.690078125,4.38555078125,-7.89299609375,-1.82520703125,4.9673828125
-2.22991796875,-1.1326328125,-1.24771484375,-4.37903125,-5.74074609375,-3.48131640625,0.3533046875,-4.819796875,-0.96640234375,-5.45961328125,1.36404296875,4.4966171875,-2.318734375,3.232375,-0.509523437500002,6.387171875,-3.67153125,4.77954296875,6.393203125,8.304671875,2.53905078125,2.41548046875,-0.404726562499999,7.79045703125,10.3081953125,5.258078125,5.75655078125,-5.72299609375,-0.41020703125,6.0163828125
-1.89191796875,-1.0976328125,-0.706714843749999,-4.08503125,-5.25174609375,-4.12631640625,-1.3256953125,-4.605796875,-0.795402343749998,-6.28661328125,0.0350429687499982,1.0456171875,-0.932734375,2.203375,-1.7855234375,4.399171875,-1.91953125,6.17754296875,5.568203125,6.114671875,2.83305078125,5.78248046875,0.554273437500001,7.17945703125,9.2421953125,4.707078125,6.59955078125,-3.22999609375,1.01379296875,6.5983828125
-1.28191796875,-1.1576328125,-0.190714843750001,-2.84403125,-4.65974609375,-4.91331640625,-3.3976953125,-3.199796875,-1.12540234375,-7.56561328125,-2.32095703125,-2.9523828125,-0.376734375,-0.176625000000001,-4.1035234375,0.792171874999999,-0.661531249999999,5.53554296875,3.186203125,2.343671875,1.41705078125,8.42948046875,0.133273437500002,5.23845703125,6.7601953125,3.539078125,6.98055078125,-0.792996093749998,2.32679296875,6.8383828125
-0.62691796875,-1.2776328125,0.0312851562500001,-0.939031249999999,-4.14574609375,-5.66331640625,-5.3946953125,-0.929796875,-1.90740234375,-8.84961328125,-5.08195703125,-6.1243828125,-0.700734375,-3.315625,-6.7045234375,-3.397828125,0.05746875,3.24254296875,0.0322031250000023,-1.998328125,-0.814949218749998,10.01648046875,-1.4397265625,2.55245703125,3.7551953125,2.544078125,7.07655078125,1.23500390625,3.44279296875,6.9963828125
-0.0429179687499994,-1.3866328125,-0.153714843749999,1.02796875,-3.85874609375,-6.22031640625,-6.9466953125,1.720203125,-2.79840234375,-9.67761328125,-7.53495703125,-7.4283828125,-1.743734375,-6.469625,-8.7605234375,-7.067828125,0.31746875,0.00954296875000082,-2.971796875,-5.796328125,-2.78794921875,10.38748046875,-3.6757265625,-0.115542968750002,1.2301953125,2.541078125,7.14355078125,2.61100390625,4.35179296875,7.3953828125
0.50808203125,-1.4006328125,-0.64871484375,2.33996875,-3.88474609375,-6.51231640625,-7.9236953125,4.140203125,-3.38840234375,-9.77361328125,-9.13395703125,-6.5273828125,-3.146734375,-8.937625,-9.6565234375,-9.368828125,0.20146875,-3.33145703125,-5.021796875,-8.118328125,-3.61294921875,9.59048046875,-5.9527265625,-2.01154296875,0.0231953124999995,4.077078125,7.43455078125,3.22900390625,5.09679296875,8.2853828125
1.12308203125,-1.2856328125,-1.23871484375,2.42996875,-4.24874609375,-6.60631640625,-8.4946953125,5.649203125,-3.49340234375,-9.18161328125,-9.68995703125,-3.8823828125,-4.471734375,-10.283625,-9.1985234375,-9.918828125,-0.238531250000001,-6.06945703125,-5.655796875,-8.446328125,-2.87694921875,7.80848046875,-7.7017265625,-2.60454296875,0.5831953125,7.172078125,8.08655078125,3.11600390625,5.70179296875,9.6903828125
1.81108203125,-1.1136328125,-1.73871484375,1.13596875,-4.90174609375,-6.70631640625,-9.0066953125,5.702203125,-3.26540234375,-8.21361328125,-9.41095703125,-0.5813828125,-5.378734375,-10.459625,-7.6575234375,-8.849828125,-0.92253125,-7.80945703125,-4.863796875,-6.805328125,-0.745949218749997,5.28148046875,-8.5787265625,-1.74854296875,2.8201953125,11.229078125,9.03555078125,2.39800390625,6.10479296875,11.3163828125
2.43508203125,-1.0546328125,-2.11271484375,-1.20403125,-5.71874609375,-7.04531640625,-9.7786953125,4.130203125,-3.05940234375,-7.28361328125,-8.76595703125,2.0576171875,-5.765734375,-9.774625,-5.6295234375,-6.696828125,-1.69453125,-8.52045703125,-3.043796875,-3.736328125,2.13105078125,2.25948046875,-8.5227265625,0.273457031249999,6.1241953125,15.186078125,10.01055078125,1.25400390625,6.14479296875,12.6153828125
2.75508203125,-1.2726328125,-2.50171484375,-3.89303125,-6.50974609375,-7.72231640625,-10.9196953125,1.218203125,-3.16140234375,-6.71461328125,-8.24795703125,2.9636171875,-5.804734375,-8.729625,-3.7745234375,-4.185828125,-2.37953125,-8.44545703125,-0.816796874999998,-0.110328125000001,4.88005078125,-0.978519531250001,-7.7017265625,2.86045703125,9.5541953125,17.884078125,10.63955078125,-0.111996093749998,5.64979296875,13.0043828125
2.55408203125,-1.8166328125,-3.13471484375,-6.15703125,-7.05874609375,-8.59831640625,-12.2466953125,-2.360796875,-3.57640234375,-6.61661328125,-8.13395703125,1.7326171875,-5.851734375,-7.794625,-2.5705234375,-1.991828125,-2.87953125,-7.90345703125,1.208203125,3.149671875,6.71905078125,-4.08351953125,-6.3957265625,5.30945703125,12.1331953125,18.507078125,10.60555078125,-1.48999609375,4.55279296875,12.1493828125
1.77908203125,-2.5806328125,-4.18271484375,-7.42003125,-7.15874609375,-9.33131640625,-13.3076953125,-5.719796875,-4.01240234375,-6.87261328125,-8.39995703125,-1.2003828125,-6.261734375,-7.230625,-2.1715234375,-0.560828125,-3.21453125,-7.11345703125,2.615203125,5.337671875,7.20905078125,-6.63751953125,-4.8757265625,7.03545703125,13.1491953125,16.867078125,9.76655078125,-2.67999609375,2.97579296875,10.1393828125
0.58708203125,-3.3566328125,-5.63071484375,-7.50203125,-6.66174609375,-9.54631640625,-13.5766953125,-8.013796875,-4.06240234375,-7.22461328125,-8.78295703125,-4.7743828125,-7.202734375,-7.023625,-2.4235234375,-0.0478281250000006,-3.49453125,-6.11945703125,3.249203125,6.123671875,6.32705078125,-8.22951953125,-3.3487265625,7.70545703125,12.3321953125,13.418078125,8.19255078125,-3.49899609375,1.19779296875,7.4523828125
-0.715917968749999,-3.9246328125,-7.23971484375,-6.69403125,-5.54574609375,-9.03031640625,-12.7466953125,-8.777796875,-3.48440234375,-7.40961328125,-8.96695703125,-7.7913828125,-8.552734375,-6.967625,-2.9945234375,-0.372828125000002,-3.87953125,-4.85445703125,3.166203125,5.556671875,4.34905078125,-8.61351953125,-1.9817265625,7.25645703125,9.8541953125,8.989078125,6.10155078125,-3.83399609375,-0.45520703125,4.7213828125
-1.79691796875,-4.1246328125,-8.61171484375,-5.63803125,-3.95474609375,-7.85531640625,-10.9626953125,-8.142796875,-2.38940234375,-7.29961328125,-8.76295703125,-9.4373828125,-9.938734375,-6.831625,-3.5735234375,-1.356828125,-4.53853125,-3.29945703125,2.502203125,3.915671875,1.63505078125,-7.84751953125,-0.9667265625,5.80545703125,6.1741953125,4.424078125,3.73655078125,-3.68699609375,-1.74620703125,2.4593828125
-2.40691796875,-3.9216328125,-9.35071484375,-5.01103125,-2.20874609375,-6.38131640625,-8.8046953125,-6.743796875,-1.21940234375,-6.97961328125,-8.24195703125,-9.5753828125,-10.894734375,-6.555625,-4.0345234375,-2.855828125,-5.58553125,-1.62745703125,1.343203125,1.523671875,-1.53394921875,-6.32951953125,-0.574726562499999,3.50045703125,1.8151953125,0.297078125,1.25155078125,-3.22099609375,-2.61820703125,0.8583828125
-2.48091796875,-3.4476328125,-9.24571484375,-5.16903125,-0.738746093749999,-5.15231640625,-7.0496953125,-5.370796875,-0.556402343749999,-6.73661328125,-7.75095703125,-8.6943828125,-11.094734375,-6.350625,-4.5055234375,-4.812828125,-7.00153125,-0.26545703125,-0.348796874999998,-1.391328125,-4.96894921875,-4.70051953125,-1.1307265625,0.425457031249998,-2.7938046875,-3.152921875,-1.33344921875,-2.73699609375,-3.19720703125,-0.2326171875
-2.19091796875,-2.9786328125,-8.41671484375,-6.00603125,0.0122539062500024,-4.71731640625,-6.3876953125,-4.663796875,-0.86040234375,-6.94661328125,-7.79995703125,-7.5813828125,-10.516734375,-6.645625,-5.2965234375,-7.200828125,-8.60353125,0.213542968750001,-2.692796875,-4.695328125,-8.45594921875,-3.64851953125,-2.8967265625,-3.38754296875,-7.3278046875,-5.886921875,-4.07744921875,-2.60199609375,-3.70820703125,-1.1466171875
-1.94391796875,-2.8356328125,-7.30771484375,-7.12403125,-0.279746093749997,-5.44231640625,-7.2276953125,-4.964796875,-2.27240234375,-7.92061328125,-8.87295703125,-6.9633828125,-9.449734375,-7.886625,-6.7175234375,-9.920828125,-10.09053125,-0.690457031249998,-5.760796875,-8.248328125,-11.62994921875,-3.68551953125,-5.9147265625,-7.82854296875,-11.4698046875,-7.877921875,-6.99344921875,-3.13099609375,-4.35520703125,-2.1816171875
-2.26091796875,-3.3066328125,-6.54771484375,-8.12903125,-1.72474609375,-7.43931640625,-9.6216953125,-6.275796875,-4.57140234375,-9.76661328125,-11.25195703125,-7.2803828125,-8.337734375,-10.327625,-8.9235234375,-12.752828125,-11.15953125,-3.17945703125,-9.462796875,-11.832328125,-13.99094921875,-5.00051953125,-9.9327265625,-12.60454296875,-14.8548046875,-9.021921875,-9.96444921875,-4.49199609375,-5.24520703125,-3.4406171875
-3.56191796875,-4.5816328125,-6.73071484375,-8.84803125,-4.21774609375,-10.58731640625,-13.2946953125,-8.266796875,-7.30540234375,-12.35761328125,-14.91195703125,-8.6393828125,-7.575734375,-13.898625,-11.8495234375,-15.422828125,-11.60853125,-7.04745703125,-13.521796875,-15.167328125,-15.07094921875,-7.43451953125,-14.4487265625,-17.25054296875,-17.1218046875,-9.200921875,-12.76144921875,-6.65699609375,-6.37720703125,-4.8116171875
-5.93991796875,-6.7036328125,-8.19871484375,-9.35603125,-7.50174609375,-14.58931640625,-17.7366953125,-10.420796875,-10.00340234375,-15.41361328125,-19.48995703125,-10.8383828125,-7.366734375,-18.216625,-15.2325234375,-17.697828125,-11.36953125,-11.72745703125,-17.527796875,-17.996328125,-14.64994921875,-10.57451953125,-18.8677265625,-21.23854296875,-18.0448046875,-8.408921875,-15.11344921875,-9.39699609375,-7.67420703125,-6.0546171875
-9.04991796875,-9.5056328125,-10.88471484375,-9.86003125,-11.24674609375,-18.99231640625,-22.3226953125,-12.269796875,-12.34040234375,-18.59161328125,-24.31095703125,-13.4133828125,-7.710734375,-22.673625,-18.6645234375,-19.426828125,-10.46953125,-16.45045703125,-21.013796875,-20.142328125,-12.86794921875,-13.91151953125,-22.6407265625,-24.10554296875,-17.6318046875,-6.826921875,-16.79344921875,-12.31899609375,-9.00320703125,-6.9136171875
-12.20791796875,-12.6046328125,-14.29471484375,-10.54103125,-15.07074609375,-23.22031640625,-26.4026953125,-13.558796875,-14.17540234375,-21.53961328125,-28.51495703125,-15.7603828125,-8.456734375,-26.572625,-21.6585234375,-20.521828125,-8.96153125,-20.43745703125,-23.541796875,-21.509328125,-10.17794921875,-16.96451953125,-25.3537265625,-25.55254296875,-16.1338046875,-4.785921875,-17.65844921875,-14.94499609375,-10.18120703125,-7.1976171875
-14.65591796875,-15.4896328125,-17.64771484375,-11.45703125,-18.54374609375,-26.66531640625,-29.3736953125,-14.213796875,-15.47740234375,-23.90661328125,-31.28995703125,-17.3293828125,-9.362734375,-29.272625,-23.7585234375,-20.931828125,-6.92153125,-23.08945703125,-24.778796875,-22.044328125,-7.17294921875,-19.32951953125,-26.7477265625,-25.47754296875,-13.9588046875,-2.649921875,-17.66044921875,-16.81299609375,-10.98320703125,-6.7876171875
-15.88591796875,-17.6786328125,-20.15371484375,-12.56903125,-21.23874609375,-28.82731640625,-30.7726953125,-14.229796875,-16.23440234375,-25.39261328125,-32.13595703125,-17.7743828125,-10.124734375,-30.341625,-24.6575234375,-20.629828125,-4.49553125,-24.10745703125,-24.584796875,-21.703328125,-4.37894921875,-20.69951953125,-26.7017265625,-23.95954296875,-11.5268046875,-0.669921875,-16.80344921875,-17.57599609375,-11.16920703125,-5.6196171875
-15.84591796875,-18.8416328125,-21.31771484375,-13.83603125,-22.84774609375,-29.44631640625,-30.4076953125,-13.643796875,-16.42940234375,-25.83261328125,-31.02295703125,-16.9553828125,-10.440734375,-29.682625,-24.2985234375,-19.630828125,-1.91353125,-23.53745703125,-23.057796875,-20.454328125,-2.11094921875,-20.89551953125,-25.2267265625,-21.20754296875,-9.1428046875,1.114078125,-15.10344921875,-17.06599609375,-10.53920703125,-3.6856171875
-14.91591796875,-18.8966328125,-21.10871484375,-15.24703125,-23.30174609375,-28.58231640625,-28.4266953125,-12.586796875,-16.06640234375,-25.28261328125,-28.39495703125,-14.8733828125,-10.121734375,-27.580625,-22.9035234375,-18.029828125,0.56746875,-21.71345703125,-20.545796875,-18.330328125,-0.454949218749999,-19.91851953125,-22.4837265625,-17.53554296875,-6.9608046875,2.857078125,-12.58444921875,-15.31899609375,-9.04020703125,-1.0896171875
-13.68091796875,-18.0286328125,-19.92871484375,-16.70903125,-22.80874609375,-26.60831640625,-25.2656953125,-11.259796875,-15.21240234375,-24.02361328125,-25.00895703125,-11.7233828125,-9.191734375,-24.605625,-20.9215234375,-16.055828125,2.76846875,-19.13845703125,-17.575796875,-15.533328125,0.623050781250003,-17.98551953125,-18.7927265625,-13.36554296875,-5.0568046875,4.742078125,-9.35644921875,-12.57899609375,-6.84620703125,1.8923828125
-12.61791796875,-16.6216328125,-18.37371484375,-17.90803125,-21.75774609375,-24.09831640625,-21.5076953125,-9.861796875,-14.00340234375,-22.45061328125,-21.67195703125,-8.0163828125,-7.884734375,-21.396625,-18.8685234375,-14.083828125,4.62046875,-16.31945703125,-14.705796875,-12.472328125,1.11805078125,-15.48451953125,-14.5927265625,-9.20554296875,-3.5428046875,6.774078125,-5.68644921875,-9.22799609375,-4.34320703125,4.8113828125
-11.88891796875,-15.0616328125,-16.91771484375,-18.32203125,-20.55274609375,-21.60631640625,-17.7456953125,-8.554796875,-12.61140234375,-20.90461328125,-18.95295703125,-4.5523828125,-6.497734375,-18.415625,-17.1165234375,-12.530828125,6.09246875,-13.60545703125,-12.322796875,-9.684328125,0.916050781250002,-12.85451953125,-10.3417265625,-5.55654296875,-2.5868046875,8.663078125,-2.00344921875,-5.68699609375,-1.98920703125,7.1653828125
-11.32091796875,-13.5376328125,-15.69271484375,-17.46603125,-19.42174609375,-19.44831640625,-14.4476953125,-7.470796875,-11.19140234375,-19.53161328125,-16.98995703125,-2.1493828125,-5.203734375,-15.803625,-15.7285234375,-11.680828125,7.07746875,-11.10845703125,-10.511796875,-7.635328125,-0.145949218749998,-10.43251953125,-6.4097265625,-2.76754296875,-2.3398046875,9.910078125,1.20955078125,-2.28399609375,-0.13520703125,8.5703828125
-10.52091796875,-11.9666328125,-14.48371484375,-15.17203125,-18.32674609375,-17.60731640625,-11.8506953125,-6.669796875,-9.80340234375,-18.23261328125,-15.48895703125,-1.2683828125,-3.932734375,-13.409625,-14.4455234375,-11.529828125,7.38546875,-8.73745703125,-9.060796875,-6.518328125,-2.13294921875,-8.35051953125,-3.0217265625,-0.939542968750002,-2.8208046875,10.031078125,3.57155078125,0.817003906250001,1.09779296875,8.8883828125
-9.05391796875,-10.0816328125,-12.92171484375,-11.69403125,-16.98574609375,-15.81131640625,-9.9226953125,-6.065796875,-8.34840234375,-16.72361328125,-13.93195703125,-1.8033828125,-2.415734375,-10.959625,-12.8525234375,-11.786828125,6.87746875,-6.31245703125,-7.626796875,-6.195328125,-4.85294921875,-6.53251953125,-0.254726562499998,0.0764570312499977,-3.8378046875,8.807078125,4.94255078125,3.62000390625,1.81779296875,8.2643828125
-6.59191796875,-7.6056328125,-10.73271484375,-7.57303125,-15.05474609375,-13.73431640625,-8.4766953125,-5.470796875,-6.59040234375,-14.71161328125,-11.88395703125,-3.1863828125,-0.366734375,-8.262625,-10.6405234375,-12.008828125,5.63946875,-3.70645703125,-5.943796875,-6.283328125,-7.81994921875,-4.79351953125,1.9232734375,0.585457031249998,-5.0068046875,6.432078125,5.47955078125,6.20600390625,2.28279296875,7.0613828125
-3.04391796875,-4.4276328125,-7.88271484375,-3.38103125,-12.36074609375,-11.22131640625,-7.3756953125,-4.751796875,-4.29640234375,-12.09761328125,-9.26895703125,-4.7033828125,2.301265625,-5.367625,-7.8375234375,-11.819828125,4.03246875,-0.94145703125,-3.997796875,-6.362328125,-10.37394921875,-2.99951953125,3.5882734375,0.892457031249998,-5.8758046875,3.471078125,5.56455078125,8.58900390625,2.77479296875,5.7483828125
1.36808203125,-0.7296328125,-4.59871484375,0.45896875,-9.09874609375,-8.46931640625,-6.6726953125,-3.925796875,-1.43740234375,-9.12361328125,-6.48995703125,-5.7893828125,5.391265625,-2.603625,-4.9105234375,-11.080828125,2.54046875,1.75454296875,-2.072796875,-6.185328125,-11.91094921875,-1.20151953125,4.7822734375,1.15145703125,-6.1228046875,0.647078125,5.61455078125,10.61000390625,3.48079296875,4.7683828125
6.10308203125,2.9833671875,-1.28171484375,3.69696875,-5.86074609375,-6.04431640625,-6.5626953125,-3.085796875,1.69559765625,-6.37161328125,-4.31495703125,-6.1343828125,8.491265625,-0.478625000000001,-2.6555234375,-9.933828125,1.54246875,3.96954296875,-0.660796874999997,-5.787328125,-12.12394921875,0.341480468749999,5.4552734375,1.29045703125,-5.7168046875,-1.437921875,5.86255078125,11.93800390625,4.41679296875,4.4323828125
10.38308203125,6.0113671875,1.60428515625,6.16196875,-3.46974609375,-4.69231640625,-7.2326953125,-2.296796875,4.54759765625,-4.57561328125,-3.56495703125,-5.6823828125,11.149265625,0.538374999999998,-1.8935234375,-8.692828125,1.15846875,5.23354296875,-0.248796874999998,-5.432328125,-11.10594921875,1.25948046875,5.4742734375,1.08245703125,-4.9268046875,-2.525921875,6.26355078125,12.20200390625,5.42979296875,4.8453828125
13.38508203125,7.7273671875,3.63328515625,7.66696875,-2.66074609375,-4.97631640625,-8.7216953125,-1.585796875,6.51059765625,-4.30861328125,-4.71995703125,-4.5973828125,13.019265625,0.248374999999996,-3.0765234375,-7.667828125,1.28046875,5.20954296875,-1.081796875,-5.430328125,-9.30094921875,1.23148046875,4.6922734375,0.329457031249998,-4.1698046875,-2.774921875,6.56155078125,11.16700390625,6.27479296875,5.8903828125
14.47608203125,7.8363671875,4.50328515625,8.00896875,-3.73574609375,-6.95731640625,-10.8236953125,-0.998796875,7.16259765625,-5.67461328125,-7.63695703125,-3.2183828125,13.916265625,-1.145625,-6.0185234375,-7.008828125,1.70846875,3.85954296875,-3.011796875,-5.949328125,-7.30794921875,0.11948046875,3.0522734375,-0.977542968750003,-3.8008046875,-2.674921875,6.46455078125,8.84500390625,6.70379296875,7.2513828125
13.46308203125,6.5053671875,4.14628515625,7.08496875,-6.34174609375,-10.06431640625,-13.0576953125,-0.577796874999999,6.45859765625,-8.16561328125,-11.51695703125,-1.9323828125,13.804265625,-3.074625,-9.8765234375,-6.641828125,2.31046875,1.47854296875,-5.519796875,-6.901328125,-5.65194921875,-1.98251953125,0.662273437500001,-2.60054296875,-3.9498046875,-2.820921875,5.80955078125,5.48800390625,6.54379296875,8.4903828125
10.73308203125,4.3323671875,2.82328515625,5.02496875,-9.50974609375,-13.24531640625,-14.7376953125,-0.281796875,4.77659765625,-10.78861328125,-15.12795703125,-0.9453828125,12.777265625,-4.807625,-13.4295234375,-6.303828125,3.08546875,-1.40545703125,-7.887796875,-7.964328125,-4.60494921875,-4.78851953125,-2.1817265625,-4.12854296875,-4.4958046875,-3.623921875,4.64755078125,1.50800390625,5.72979296875,9.1913828125
7.17908203125,2.1423671875,1.11728515625,2.24796875,-11.98574609375,-15.32231640625,-15.1826953125,0.0472031250000007,2.77659765625,-12.44061328125,-17.22995703125,-0.1583828125,11.047265625,-5.753625,-15.5205234375,-5.664828125,4.09846875,-4.23945703125,-9.453796875,-8.705328125,-4.14094921875,-7.91051953125,-5.0617265625,-5.13854296875,-5.1478046875,-5.105921875,3.20655078125,-2.61399609375,4.32679296875,9.1073828125
3.90908203125,0.697367187499999,-0.243714843749999,-0.61403125,-12.72374609375,-15.44831640625,-14.0026953125,0.657203125000001,1.12059765625,-12.38061328125,-17.02395703125,0.7256171875,8.915265625,-5.715625,-15.5075234375,-4.497828125,5.36346875,-6.63545703125,-9.874796875,-8.773328125,-4.04394921875,-10.95951953125,-7.5867265625,-5.37254296875,-5.6248046875,-6.882921875,1.77055078125,-6.42199609375,2.51079296875,8.2473828125
1.85708203125,0.394367187499999,-0.70171484375,-2.85503125,-11.31274609375,-13.44831640625,-11.2886953125,1.803203125,0.195597656250001,-10.55761328125,-14.48895703125,1.8906171875,6.747265625,-4.973625,-13.5255234375,-2.829828125,6.75246875,-8.47245703125,-9.270796875,-8.075328125,-4.08394921875,-13.58451953125,-9.5397265625,-4.86754296875,-5.8148046875,-8.376921875,0.52855078125,-9.54899609375,0.52279296875,6.8313828125
1.48208203125,1.1633671875,-0.124714843749999,-3.88903125,-8.11974609375,-9.88731640625,-7.6236953125,3.611203125,-0.00340234374999859,-7.61461328125,-10.38195703125,3.2056171875,4.957265625,-4.116625,-10.4095234375,-0.967828125,7.99746875,-9.83345703125,-8.161796875,-6.831328125,-4.15694921875,-15.47251953125,-10.9207265625,-3.95854296875,-5.8338046875,-9.110921875,-0.51444921875,-11.75799609375,-1.40020703125,5.1643828125
2.68008203125,2.5933671875,1.16428515625,-3.43903125,-4.10374609375,-5.79631640625,-3.9056953125,5.897203125,0.24859765625,-4.58761328125,-5.92795703125,4.3286171875,3.972265625,-3.709625,-7.3125234375,0.628171875,8.75046875,-10.82645703125,-7.208796875,-5.477328125,-4.31594921875,-16.35651953125,-11.8637265625,-3.14154296875,-5.9338046875,-8.923921875,-1.50344921875,-12.95799609375,-3.08120703125,3.4863828125
4.87108203125,4.1693671875,2.56228515625,-1.70203125,-0.431746093749998,-2.24631640625,-1.0666953125,8.091203125,0.615597656250001,-2.46161328125,-2.33395703125,4.9746171875,4.122265625,-4.014625,-5.2285234375,1.511171875,8.67846875,-11.44245703125,-6.918796875,-4.501328125,-4.71394921875,-16.07351953125,-12.5207265625,-2.88754296875,-6.3538046875,-8.001921875,-2.63444921875,-13.20199609375,-4.44320703125,1.9073828125
7.19508203125,5.4313671875,3.46028515625,0.63696875,1.92225390625,-0.00131640624999818,0.212304687499998,9.405203125,0.85759765625,-1.80661328125,-0.417957031250001,5.0516171875,5.506265625,-4.918625,-4.6785234375,1.340171875,7.58446875,-11.55445703125,-7.497796875,-4.302328125,-5.51994921875,-14.66051953125,-12.9937265625,-3.51254296875,-7.2188046875,-6.720921875,-4.06844921875,-12.67899609375,-5.52420703125,0.4083828125
8.75308203125,6.0093671875,3.44928515625,2.57996875,2.43225390625,0.609683593750001,-0.309695312500001,9.187203125,0.83159765625,-2.65661328125,-0.455957031250001,4.5616171875,7.881265625,-6.090625,-5.6425234375,-0.091828125000001,5.52146875,-11.04045703125,-8.869796875,-5.106328125,-6.84294921875,-12.40151953125,-13.3417265625,-5.11654296875,-8.5308046875,-5.425921875,-5.87044921875,-11.65899609375,-6.44420703125,-1.0596171875
8.87008203125,5.6513671875,2.42028515625,3.17896875,1.10325390625,-0.33831640625,-2.4196953125,7.183203125,0.432597656250001,-4.61561328125,-2.22595703125,3.4056171875,10.666265625,-7.199625,-7.7025234375,-2.824828125,2.81646875,-9.93045703125,-10.795796875,-6.912328125,-8.66794921875,-9.78551953125,-13.6067265625,-7.55654296875,-10.1738046875,-4.266921875,-7.94444921875,-10.40499609375,-7.30020703125,-2.4586171875
7.30608203125,4.2923671875,0.54128515625,1.89596875,-1.61974609375,-2.48631640625,-5.6076953125,3.548203125,-0.422402343749999,-7.09761328125,-5.15595703125,1.3146171875,13.064265625,-8.071625,-10.2655234375,-6.664828125,-0.0425312499999997,-8.45745703125,-12.977796875,-9.475328125,-10.84294921875,-7.36551953125,-13.8187265625,-10.46654296875,-11.9278046875,-3.189921875,-10.01044921875,-9.07999609375,-8.05120703125,-3.5736171875
4.32908203125,2.0993671875,-1.85071484375,-1.18103125,-5.03674609375,-5.35331640625,-9.2786953125,-1.268796875,-1.74740234375,-9.56861328125,-8.53495703125,-2.0363828125,14.265265625,-8.722625,-12.7855234375,-11.168828125,-2.62453125,-7.00145703125,-15.135796875,-12.359328125,-13.10994921875,-5.60051953125,-13.9947265625,-13.36554296875,-13.5188046875,-2.066921875,-11.68044921875,-7.73499609375,-8.49720703125,-4.0536171875
0.62208203125,-0.5676328125,-4.38571484375,-5.35703125,-8.42074609375,-8.46931640625,-12.8996953125,-6.631796875,-3.40740234375,-11.66561328125,-11.71595703125,-6.7503828125,13.702265625,-9.291625,-14.9075234375,-15.704828125,-4.75753125,-5.96445703125,-17.055796875,-15.069328125,-15.20094921875,-4.73051953125,-14.1527265625,-15.83454296875,-14.6988046875,-0.893921875,-12.62644921875,-6.38299609375,-8.39620703125,-3.5766171875
-2.94591796875,-3.2196328125,-6.74571484375,-9.55703125,-11.20474609375,-11.43131640625,-16.0546953125,-11.841796875,-5.11140234375,-13.21661328125,-14.24495703125,-12.4113828125,11.292265625,-9.927625,-16.4875234375,-19.584828125,-6.59053125,-5.63145703125,-18.624796875,-17.213328125,-16.92294921875,-4.75351953125,-14.3287265625,-17.66954296875,-15.3308046875,0.110078125,-12.75244921875,-5.11199609375,-7.64220703125,-2.0596171875
-5.59391796875,-5.3206328125,-8.66471484375,-12.67303125,-13.07874609375,-13.89131640625,-18.4636953125,-16.293796875,-6.49040234375,-14.17261328125,-15.89995703125,-18.0203828125,7.539265625,-10.703625,-17.5145234375,-22.208828125,-8.43153125,-6.06745703125,-19.829796875,-18.587328125,-18.19494921875,-5.48651953125,-14.5857265625,-18.91354296875,-15.4248046875,0.558078125,-12.23244921875,-4.14699609375,-6.38820703125,0.2173828125
-6.87091796875,-6.4166328125,-9.91571484375,-13.91903125,-13.98974609375,-15.54631640625,-19.9746953125,-19.612796875,-7.26640234375,-14.54361328125,-16.66395703125,-22.2983828125,3.382265625,-11.581625,-18.0295234375,-23.206828125,-10.46553125,-7.11445703125,-20.742796875,-19.198328125,-19.01094921875,-6.68351953125,-14.9957265625,-19.77754296875,-15.1028046875,0.068078125,-11.41844921875,-3.80299609375,-5.02520703125,2.6543828125
-6.74691796875,-6.3156328125,-10.33071484375,-13.09903125,-14.07174609375,-16.21031640625,-20.5626953125,-21.653796875,-7.39140234375,-14.37361328125,-16.70195703125,-24.2403828125,-0.172734375,-12.438625,-18.0945234375,-22.553828125,-12.53153125,-8.48245703125,-21.485796875,-19.221328125,-19.39794921875,-8.13851953125,-15.6117265625,-20.50354296875,-14.5588046875,-1.567921875,-10.67744921875,-4.33899609375,-4.02720703125,4.5273828125
-5.53791796875,-5.1816328125,-9.85071484375,-10.68703125,-13.56574609375,-15.90431640625,-20.3566953125,-22.476796875,-7.07740234375,-13.74661328125,-16.30295703125,-23.5513828125,-2.460734375,-13.112625,-17.7895234375,-20.590828125,-14.16453125,-9.88645703125,-22.170796875,-18.905328125,-19.37294921875,-9.73251953125,-16.4137265625,-21.23054296875,-13.9878046875,-4.262921875,-10.22844921875,-5.78499609375,-3.72220703125,5.2633828125
-3.70391796875,-3.4466328125,-8.55571484375,-7.67703125,-12.73274609375,-14.86631640625,-19.6626953125,-22.370796875,-6.68940234375,-12.79961328125,-15.78395703125,-20.7243828125,-3.355734375,-13.453625,-17.2105234375,-17.919828125,-14.86453125,-11.13145703125,-22.805796875,-18.455328125,-18.94994921875,-11.39851953125,-17.2777265625,-21.90054296875,-13.5038046875,-7.607921875,-10.05644921875,-7.83299609375,-4.09920703125,4.6753828125
-1.66691796875,-1.6106328125,-6.69271484375,-5.20103125,-11.80574609375,-13.48531640625,-18.9156953125,-21.851796875,-6.56340234375,-11.72361328125,-15.37595703125,-16.7653828125,-3.191734375,-13.388625,-16.4375234375,-15.190828125,-14.37753125,-12.12045703125,-23.268796875,-17.946328125,-18.14894921875,-13.04951953125,-17.9977265625,-22.27454296875,-13.0888046875,-10.946921875,-9.95144921875,-9.90199609375,-4.79720703125,3.0373828125
0.25508203125,-0.0826328125,-4.69771484375,-4.08403125,-10.97074609375,-12.20931640625,-18.5286953125,-21.507796875,-6.86640234375,-10.74461328125,-15.16195703125,-12.8233828125,-2.493734375,-12.985625,-15.5255234375,-12.911828125,-12.78653125,-12.82245703125,-23.367796875,-17.316328125,-17.02294921875,-14.53351953125,-18.3707265625,-22.05454296875,-12.6208046875,-13.556921875,-9.66244921875,-11.36199609375,-5.29220703125,0.9523828125
1.79408203125,0.8673671875,-3.14171484375,-4.54503125,-10.37774609375,-11.44531640625,-18.7046953125,-21.723796875,-7.58040234375,-10.09361328125,-15.08295703125,-9.8813828125,-1.700734375,-12.465625,-14.5175234375,-11.338828125,-10.41053125,-13.24845703125,-22.980796875,-16.457328125,-15.68294921875,-15.66251953125,-18.2927265625,-21.07554296875,-11.9908046875,-14.892921875,-9.08844921875,-11.81999609375,-5.19920703125,-0.9076171875
2.68408203125,1.1073671875,-2.54171484375,-6.22103125,-10.15074609375,-11.43731640625,-19.3616953125,-22.516796875,-8.57540234375,-9.96561328125,-14.98695703125,-8.5363828125,-1.027734375,-12.147625,-13.4765234375,-10.469828125,-7.65253125,-13.43845703125,-22.159796875,-15.322328125,-14.28894921875,-16.30751953125,-17.8017265625,-19.41554296875,-11.2168046875,-14.800921875,-8.35044921875,-11.27799609375,-4.48520703125,-2.0606171875
2.71608203125,0.6533671875,-3.09571484375,-8.43603125,-10.36074609375,-12.14631640625,-20.1836953125,-23.567796875,-9.69540234375,-10.44261328125,-14.67795703125,-8.8683828125,-0.478734375,-12.311625,-12.4845234375,-10.115828125,-4.93353125,-13.45245703125,-21.112796875,-13.978328125,-13.02894921875,-16.49651953125,-17.0437265625,-17.37654296875,-10.4798046875,-13.575921875,-7.73744921875,-10.11799609375,-3.48820703125,-2.3676171875
1.87608203125,-0.331632812500001,-4.52071484375,-10.50903125,-10.97174609375,-13.23931640625,-20.7256953125,-24.377796875,-10.75540234375,-11.39761328125,-13.97095703125,-10.4053828125,0.0412656250000003,-13.046625,-11.5985234375,-9.996828125,-2.66353125,-13.34445703125,-20.081796875,-12.564328125,-12.06894921875,-16.40651953125,-16.1897265625,-15.35354296875,-10.0408046875,-11.845921875,-7.55044921875,-8.90799609375,-2.74920703125,-2.0296171875
0.44708203125,-1.5526328125,-6.13471484375,-11.93303125,-11.78074609375,-14.19231640625,-20.5456953125,-24.454796875,-11.49240234375,-12.44261328125,-12.72995703125,-12.2823828125,0.606265625,-14.147625,-10.7625234375,-9.821828125,-1.19953125,-13.12745703125,-19.170796875,-11.191328125,-11.48494921875,-16.23651953125,-15.3377265625,-13.64554296875,-10.0708046875,-10.289921875,-7.94544921875,-8.15499609375,-2.74220703125,-1.4496171875
-1.02391796875,-2.6206328125,-7.15271484375,-12.43903125,-12.41474609375,-14.44331640625,-19.3446953125,-23.506796875,-11.55740234375,-12.96261328125,-10.88495703125,-13.5303828125,1.233265625,-15.114625,-9.7285234375,-9.311828125,-0.74353125,-12.72545703125,-18.221796875,-9.816328125,-11.19394921875,-16.03751953125,-14.4337265625,-12.30354296875,-10.4798046875,-9.314921875,-8.80644921875,-8.08599609375,-3.62520703125,-1.0166171875
-1.88391796875,-3.0906328125,-7.01671484375,-11.99603125,-12.39774609375,-13.54031640625,-17.0566953125,-21.550796875,-10.60540234375,-12.27461328125,-8.40595703125,-13.3693828125,1.928265625,-15.279625,-8.0575234375,-8.184828125,-1.24053125,-11.95445703125,-16.809796875,-8.187328125,-10.92894921875,-15.62051953125,-13.2437265625,-11.06554296875,-10.8608046875,-8.862921875,-9.72044921875,-8.54099609375,-5.10320703125,-0.9056171875
-1.60891796875,-2.5566328125,-5.58371484375,-10.78803125,-11.28574609375,-11.25131640625,-13.8466953125,-18.828796875,-8.44740234375,-9.86461328125,-5.28795703125,-11.3813828125,2.751265625,-14.037625,-5.2685234375,-6.176828125,-2.34453125,-10.55745703125,-14.420796875,-5.919328125,-10.27994921875,-14.62151953125,-11.4277265625,-9.45254296875,-10.6058046875,-8.448921875,-10.07844921875,-8.99899609375,-6.48420703125,-0.9706171875
-0.0059179687499995,-0.831632812500001,-3.13471484375,-9.12703125,-8.85174609375,-7.65331640625,-10.0226953125,-15.594796875,-5.19340234375,-5.63061328125,-1.59995703125,-7.5543828125,3.781265625,-11.110625,-1.1195234375,-3.130828125,-3.49553125,-8.31645703125,-10.727796875,-2.696328125,-8.82894921875,-12.67851953125,-8.6927265625,-7.00054296875,-9.1738046875,-7.422921875,-9.30944921875,-8.75399609375,-6.92720703125,-0.7986171875
2.66108203125,1.8913671875,-0.23871484375,-7.38003125,-5.26574609375,-3.17931640625,-5.9976953125,-12.033796875,-1.33840234375,-0.0306132812500017,2.42004296875,-2.3023828125,4.996265625,-6.731625,4.1554765625,0.858171874999998,-4.09553125,-5.20645703125,-5.851796875,1.489671875,-6.35394921875,-9.65651953125,-4.9747265625,-3.51754296875,-6.3538046875,-5.303921875,-7.14144921875,-7.21799609375,-5.81320703125,0.0903828124999997
5.70008203125,5.0073671875,2.43128515625,-5.89903125,-1.16974609375,1.42768359375,-2.3166953125,-8.397796875,2.27859765625,5.93438671875,6.29804296875,3.5176171875,6.168265625,-1.647625,9.7974765625,5.354171875,-3.72753125,-1.51345703125,-0.420796874999997,6.211671875,-2.98994921875,-5.79151953125,-0.563726562499999,0.751457031249998,-2.3998046875,-2.018921875,-3.76544921875,-4.23699609375,-3.06120703125,1.9723828125
8.20808203125,7.6643671875,4.29628515625,-4.96803125,2.45925390625,5.26468359375,0.375304687499998,-5.138796875,4.69459765625,10.98638671875,9.37304296875,8.6606171875,6.926265625,3.090375,14.7164765625,9.616171875,-2.31653125,2.17154296875,4.592203125,10.682671875,0.724050781250002,-1.68751953125,3.9202734375,5.15145703125,2.0221953125,2.051078125,0.18555078125,-0.258996093749999,0.76379296875,4.7243828125
9.42108203125,9.0633671875,5.02928515625,-4.70303125,4.65725390625,7.51268359375,1.5283046875,-2.813796875,5.21659765625,13.99238671875,10.97704296875,11.7736171875,6.971265625,6.497375,17.8804765625,12.783171875,-0.15153125,5.12454296875,8.213203125,14.008671875,4.00505078125,1.87048046875,7.6982734375,8.81545703125,6.0561953125,6.223078125,3.84555078125,3.78800390625,4.64679296875,7.8203828125
9.04108203125,8.8013671875,4.65128515625,-4.97703125,4.89725390625,7.71768359375,0.945304687499998,-1.820796875,3.80059765625,14.41038671875,10.71904296875,11.8856171875,6.296265625,8.019375,18.7114765625,14.169171875,2.22846875,6.75254296875,9.821203125,15.534671875,6.11405078125,4.18848046875,10.1042734375,10.97945703125,8.9511953125,9.768078125,6.42055078125,6.87300390625,7.54479296875,10.5333828125
7.36208203125,7.0883671875,3.50228515625,-5.46603125,3.36025390625,6.02368359375,-1.0776953125,-2.204796875,1.15459765625,12.52038671875,8.73104296875,8.9086171875,5.215265625,7.733375,17.3394765625,13.547171875,4.23646875,6.83854296875,9.383203125,15.124671875,6.65705078125,4.88048046875,10.8362734375,11.29145703125,10.3261953125,12.153078125,7.47655078125,8.31000390625,8.82479296875,12.2313828125
5.15008203125,4.7173671875,2.10928515625,-5.79503125,0.921253906250001,3.22168359375,-3.8246953125,-3.622796875,-1.53540234375,9.35538671875,5.73604296875,3.8236171875,4.209265625,6.295375,14.5904765625,11.287171875,5.44246875,5.63854296875,7.456203125,13.245671875,5.73405078125,3.97148046875,10.0632734375,9.97145703125,10.2951953125,13.179078125,7.08055078125,8.02700390625,8.48479296875,12.6253828125
3.36908203125,2.7693671875,1.03328515625,-5.66203125,-1.14774609375,0.531683593750001,-6.3596953125,-5.398796875,-3.10240234375,6.36138671875,2.86004296875,-1.6293828125,3.689265625,4.681375,11.7094765625,8.270171875,5.69246875,3.78954296875,4.965203125,10.806671875,3.87705078125,1.87848046875,8.3702734375,7.74145703125,9.3811953125,12.977078125,5.74855078125,6.53100390625,7.07279296875,11.8383828125
2.89508203125,2.2133671875,0.766285156249999,-4.86003125,-1.62474609375,-0.80531640625,-7.7886953125,-6.696796875,-2.81640234375,4.90038671875,1.24604296875,-5.6063828125,3.875265625,3.841375,9.9214765625,5.590171875,5.11846875,2.09154296875,2.873203125,8.830671875,1.81105078125,-0.712519531250001,6.5472734375,5.56045703125,8.2871953125,11.885078125,4.22355078125,4.62700390625,5.37079296875,10.3003828125
4.29708203125,3.6043671875,1.66728515625,-3.24903125,0.221253906250002,0.0536835937500015,-7.5186953125,-6.808796875,-0.548402343749999,5.81338671875,1.66004296875,-6.8223828125,4.810265625,4.406375,10.0314765625,4.182171875,4.03546875,1.24854296875,1.895203125,8.102671875,0.173050781250002,-3.04051953125,5.3472734375,4.29345703125,7.6171953125,10.293078125,3.20855078125,3.05900390625,4.05379296875,8.5423828125
7.69208203125,6.9613671875,3.89328515625,-0.76303125,4.38725390625,3.28368359375,-5.4336953125,-5.470796875,3.32059765625,9.16038671875,4.26504296875,-4.9383828125,6.450265625,6.522375,12.1914765625,4.518171875,2.79546875,1.66954296875,2.333203125,8.931671875,-0.701949218749998,-4.47851953125,5.2692734375,4.44445703125,7.6751953125,8.514078125,3.14755078125,2.26200390625,3.45779296875,6.9823828125
12.70108203125,11.7673671875,7.28728515625,2.51996875,10.13625390625,8.34968359375,-1.9026953125,-2.956796875,8.10559765625,14.25238671875,8.59804296875,-0.6153828125,8.677265625,9.845375,15.8974765625,6.453171875,1.66946875,3.36754296875,4.048203125,11.079671875,-0.864949218749999,-4.70751953125,6.4452734375,6.02445703125,8.3771953125,6.716078125,4.09455078125,2.28500390625,3.53479296875,5.7853828125
18.48808203125,17.0663671875,11.30028515625,6.28896875,16.22525390625,14.15668359375,2.3443046875,0.0872031250000007,12.99959765625,19.89238671875,13.71904296875,4.6986171875,11.234265625,13.646375,20.1804765625,9.268171875,0.76246875,5.96354296875,6.539203125,13.853671875,-0.709949218749998,-3.78851953125,8.6212734375,8.57445703125,9.2971953125,4.912078125,5.71555078125,2.87800390625,3.94579296875,4.8283828125
23.90408203125,21.6723671875,15.05928515625,9.92496875,21.23725390625,19.37268359375,6.4133046875,2.885203125,17.17059765625,24.74238671875,18.47004296875,9.1976171875,13.674265625,17.007375,23.9174765625,11.927171875,-0.000531249999999872,8.80954296875,9.103203125,16.331671875,-0.821949218749998,-2.11951953125,11.2492734375,11.34845703125,9.8251953125,3.005078125,7.41455078125,3.68600390625,4.25979296875,3.8123828125
27.73808203125,24.5093671875,17.62728515625,12.53296875,23.97125390625,22.82968359375,9.4363046875,4.728203125,19.85659765625,27.70838671875,21.78304296875,11.3026171875,15.450265625,19.085375,26.1824765625,13.458171875,-0.82053125,11.20154296875,11.049203125,17.666671875,-1.74394921875,-0.291519531250001,13.6672734375,13.57945703125,9.4121953125,0.906078125,8.56655078125,4.43400390625,4.15979296875,2.4493828125
29.03708203125,24.9463671875,18.36228515625,13.17996875,23.76825390625,23.86168359375,10.7933046875,5.161203125,20.52259765625,28.23238671875,22.96104296875,10.2596171875,16.145265625,19.376375,26.5154765625,13.312171875,-1.88853125,12.61454296875,11.902203125,17.344671875,-3.75194921875,1.11048046875,15.2982734375,14.72445703125,7.7901953125,-1.360921875,8.72855078125,4.99900390625,3.54779296875,0.6263828125
27.41108203125,22.9743671875,17.14728515625,11.29696875,20.69625390625,22.42768359375,10.2743046875,4.156203125,19.03959765625,26.39838671875,21.81404296875,6.4486171875,15.660265625,17.855375,24.9944765625,11.498171875,-3.24853125,12.83454296875,11.483203125,15.300671875,-6.74594921875,1.65648046875,15.7832734375,14.55245703125,5.0501953125,-3.632921875,7.74055078125,5.35800390625,2.49879296875,-1.5586171875
23.17608203125,19.1433671875,14.38028515625,7.02096875,15.47425390625,19.02668359375,8.1053046875,2.119203125,15.75959765625,22.79938671875,18.62604296875,1.1906171875,14.222265625,14.939375,22.1044765625,8.471171875,-4.75953125,11.92954296875,9.869203125,11.849671875,-10.32394921875,1.13548046875,15.0232734375,13.10145703125,1.5771953125,-5.691921875,5.70655078125,5.46600390625,1.13679296875,-3.8826171875
17.25108203125,14.3333671875,10.74128515625,1.18996875,9.19125390625,14.44468359375,4.7883046875,-0.338796874999999,11.41559765625,18.23838671875,14.01104296875,-3.8673828125,12.212265625,11.280375,18.4844765625,4.881171875,-6.19953125,10.11354296875,7.279203125,7.544671875,-13.95594921875,-0.475519531250001,13.1352734375,10.59245703125,-2.1078046875,-7.381921875,2.92155078125,5.20400390625,-0.44720703125,-6.1256171875
10.85108203125,9.4443671875,6.89728515625,-4.99003125,2.94925390625,9.48068359375,0.908304687499999,-2.668796875,6.87859765625,13.43738671875,8.72604296875,-7.4113828125,9.961265625,7.509375,14.6924765625,1.333171875,-7.40853125,7.61754296875,4.005203125,3.019671875,-17.16194921875,-3.05351953125,10.3992734375,7.36945703125,-5.4928046875,-8.658921875,-0.20544921875,4.43700390625,-2.18820703125,-8.1366171875
5.11508203125,5.1293671875,3.27328515625,-10.37403125,-2.42274609375,4.72368359375,-2.9966953125,-4.461796875,2.88859765625,8.86838671875,3.49204296875,-8.8583828125,7.688265625,4.052375,11.0734765625,-1.734828125,-8.35753125,4.64154296875,0.389203125000002,-1.109328125,-19.57794921875,-6.32251953125,7.1992734375,3.86345703125,-8.1718046875,-9.551921875,-3.21944921875,3.13500390625,-3.99520703125,-9.8326171875
0.796082031250001,1.6563671875,-0.0187148437500007,-14.14603125,-6.51074609375,0.461683593750001,-6.4886953125,-5.403796875,-0.141402343749998,4.74238671875,-1.14395703125,-8.3913828125,5.572265625,1.071375,7.7534765625,-4.083828125,-9.08953125,1.39054296875,-3.169796875,-4.338328125,-20.96094921875,-9.83351953125,3.9822734375,0.547457031249998,-9.8888046875,-10.087921875,-5.70444921875,1.45600390625,-5.72420703125,-11.1616171875
-1.89591796875,-1.0366328125,-3.08971484375,-15.92103125,-9.30474609375,-3.25831640625,-9.3026953125,-5.296796875,-2.19540234375,1.08838671875,-4.88595703125,-6.7613828125,3.823265625,-1.466625,4.7284765625,-5.644828125,-9.61653125,-1.87345703125,-6.228796875,-6.341328125,-21.17594921875,-13.01751953125,1.1942734375,-2.12454296875,-10.5468046875,-10.241921875,-7.35744921875,-0.271996093749999,-7.20220703125,-12.0656171875
-3.23991796875,-3.1626328125,-6.07271484375,-15.75303125,-11.06574609375,-6.48431640625,-11.3956953125,-4.183796875,-3.54040234375,-2.11961328125,-7.66895703125,-4.9663828125,2.652265625,-3.661625,1.9844765625,-6.466828125,-9.86253125,-4.81745703125,-8.376796875,-7.024328125,-20.22794921875,-15.32451953125,-0.8007265625,-3.80254296875,-10.1858046875,-9.941921875,-8.03744921875,-1.66599609375,-8.26120703125,-12.4616171875
-3.76791796875,-4.8886328125,-8.92971484375,-14.11803125,-12.12574609375,-9.20431640625,-12.9176953125,-2.426796875,-4.51140234375,-4.84461328125,-9.55095703125,-3.8743828125,2.150265625,-5.552625,-0.400523437500002,-6.652828125,-9.69553125,-7.10245703125,-9.353796875,-6.518328125,-18.29294921875,-16.40751953125,-1.7977265625,-4.31154296875,-8.9548046875,-9.112921875,-7.78244921875,-2.42899609375,-8.77520703125,-12.2456171875
-3.95091796875,-6.1966328125,-11.35871484375,-11.86403125,-12.73574609375,-11.26231640625,-14.1036953125,-0.675796875,-5.31140234375,-6.94661328125,-10.56495703125,-3.8853828125,2.240265625,-7.065625,-2.2205234375,-6.289828125,-9.03553125,-8.45945703125,-9.142796875,-5.109328125,-15.71694921875,-16.23351953125,-1.7737265625,-3.66054296875,-7.0598046875,-7.746921875,-6.75344921875,-2.46899609375,-8.67120703125,-11.3416171875
-3.95091796875,-6.8146328125,-12.85271484375,-10.06003125,-13.01274609375,-12.34731640625,-15.1816953125,0.182203125,-5.93940234375,-8.21861328125,-10.62195703125,-4.7723828125,2.777265625,-8.034625,-3.1695234375,-5.374828125,-7.95953125,-8.72745703125,-7.967796875,-3.107328125,-12.93694921875,-15.07351953125,-0.850726562499998,-1.97254296875,-4.6968046875,-5.945921875,-5.13744921875,-1.90199609375,-7.93020703125,-9.7526171875
-3.60891796875,-6.2836328125,-12.87071484375,-9.75103125,-12.99474609375,-12.07631640625,-16.3476953125,-0.854796874999999,-6.26540234375,-8.49961328125,-9.51395703125,-5.8293828125,3.703265625,-8.289625,-2.9355234375,-3.806828125,-6.71453125,-7.86345703125,-6.173796875,-0.724328125,-10.34494921875,-13.37251953125,0.797273437500001,0.622457031249999,-1.9768046875,-3.903921875,-3.04444921875,-0.965996093749999,-6.56520703125,-7.5886171875
-2.63291796875,-4.1886328125,-11.08971484375,-11.59903125,-12.69474609375,-10.18231640625,-17.7436953125,-4.563796875,-6.16140234375,-7.76861328125,-7.07195703125,-6.2783828125,5.069265625,-7.745625,-1.3495234375,-1.468828125,-5.61453125,-5.93145703125,-4.077796875,1.958671875,-8.16094921875,-11.55751953125,3.0052734375,4.02745703125,1.0741953125,-1.823921875,-0.49744921875,0.115003906250001,-4.62520703125,-5.0256171875
-0.88691796875,-0.4946328125,-7.63071484375,-15.55703125,-12.14474609375,-6.75331640625,-19.4066953125,-10.985796875,-5.61340234375,-6.19261328125,-3.37295703125,-5.7283828125,6.904265625,-6.481625,1.4664765625,1.623171875,-4.84153125,-3.13545703125,-1.871796875,4.921671875,-6.38194921875,-9.87451953125,5.6212734375,8.11245703125,4.4391953125,0.167078125,2.48355078125,1.21000390625,-2.21620703125,-2.2356171875
1.43708203125,4.2553671875,-3.13571484375,-20.77603125,-11.40774609375,-2.35131640625,-21.2326953125,-19.127796875,-4.75140234375,-4.11461328125,1.13304296875,-4.4063828125,9.065265625,-4.769625,5.0394765625,5.213171875,-4.33053125,0.155542968750002,0.367203125000001,8.095671875,-4.82794921875,-8.33351953125,8.4712734375,12.61645703125,8.0311953125,2.073078125,5.76255078125,2.28100390625,0.46779296875,0.6563828125
1.43708203125,4.2553671875,-3.13571484375,-20.77603125,-11.40774609375,-2.35131640625,-21.2326953125,-19.127796875,-4.75140234375,-4.11461328125,1.13304296875,-4.4063828125,9.065265625,-4.769625,5.0394765625,5.213171875,-4.33053125,0.155542968750002,0.367203125000001,8.095671875,-4.82794921875,-8.33351953125,8.4712734375,12.61645703125,8.0311953125,2.073078125,5.76255078125,2.28100390625,0.46779296875,0.6563828125
