"Fp1","Fpz","Fp2","F7","F3","Fz","F4","F8","FC5","FC1","FC2","FC6","T7","C3","Cz","C4","T8","CP5","CP1","CP2","CP6","P7","P3","Pz","P4","P8","POz","O1","Oz","O2"
-4.38166015625,-6.487375,-5.11026171875,-4.98865234375,-8.163046875,-4.5008125,-6.21576953125,-11.24246875,-12.7306328125,-8.58793359375,-6.175609375,-6.98320703125,0.20795703125,-9.8780390625,-10.56974609375,-8.63471875,0.69512109375,-14.14671875,-7.9183359375,-8.81576171875,-7.1754921875,-6.76689453125,-10.63545703125,-12.84993359375,-8.54207421875,-2.26633203125,14.06674609375,-9.660390625,-13.42384375,-7.22523828125
11.33733984375,10.075625,10.10773828125,9.26834765625,7.108953125,9.7771875,6.87423046875,3.39953125,1.5353671875,6.92406640625,7.079390625,5.79279296875,9.01595703125,5.6449609375,4.20025390625,5.92228125,13.66312109375,-0.73071875,4.3416640625,6.10323828125,8.8665078125,5.03610546875,2.98354296875,0.82906640625,5.74092578125,10.55466796875,26.77374609375,3.223609375,0.32115625,5.95476171875
19.77633984375,19.262625,18.44873828125,17.14534765625,15.463953125,17.4341875,14.14623046875,12.15253125,9.7763671875,15.21806640625,14.055390625,13.11979296875,13.95495703125,14.2959609375,12.06325390625,13.87928125,19.98712109375,6.48128125,10.6026640625,13.91223828125,17.6145078125,11.50310546875,10.21554296875,7.68106640625,13.32092578125,17.09866796875,31.65974609375,9.863609375,7.76515625,12.92876171875
21.38133984375,21.365625,20.26273828125,18.98134765625,17.163953125,18.8391875,16.02123046875,15.32853125,12.1493671875,16.65106640625,15.197390625,15.35079296875,15.52295703125,16.3109609375,13.32725390625,15.52628125,20.57912109375,7.93128125,11.1866640625,14.94623828125,19.2815078125,13.03810546875,11.45654296875,8.09906640625,14.48692578125,18.08766796875,29.13674609375,10.785609375,9.27415625,14.26176171875
18.40833984375,18.502625,17.60773828125,16.73734765625,14.267953125,16.0611875,14.29823046875,14.56553125,10.3133671875,13.43406640625,12.555390625,14.09279296875,14.93895703125,13.6609609375,10.05725390625,12.78128125,18.10912109375,5.60428125,7.9516640625,11.34523828125,15.9505078125,11.32110546875,8.69554296875,4.21806640625,11.19892578125,15.77966796875,21.73074609375,8.076609375,6.77315625,12.01276171875
13.36433984375,13.170625,12.84773828125,12.70334765625,9.309953125,11.4951875,10.89923046875,11.59553125,6.3483671875,8.19006640625,8.436390625,11.04679296875,13.16095703125,8.7609609375,4.73425390625,7.91428125,15.18612109375,1.71628125,3.1116640625,5.66023828125,10.2215078125,8.17010546875,4.19954296875,-1.46593359375,5.79492578125,12.37766796875,12.49574609375,3.967609375,2.44715625,8.27376171875
8.26633984375,7.554625,7.97173828125,8.83234765625,4.584953125,7.1331875,7.36323046875,7.79853125,2.2053671875,3.18506640625,4.706390625,7.58179296875,10.77495703125,3.8019609375,-0.44174609375,2.94228125,13.41212109375,-1.90071875,-1.3693359375,0.13423828125,4.4685078125,5.10310546875,-0.0844570312500001,-6.79893359375,0.375925781249999,9.32266796875,4.05774609375,0.190609375,-1.85884375,4.55676171875
4.38733984375,3.200625,4.27073828125,6.38034765625,1.679953125,4.2051875,4.66123046875,4.09053125,-0.6986328125,-0.11693359375,2.440390625,4.57279296875,8.18295703125,0.3069609375,-3.98274609375,-0.72671875,13.14312109375,-4.10571875,-4.1543359375,-3.71476171875,0.3565078125,3.13710546875,-2.86245703125,-10.34793359375,-3.54007421875,7.15766796875,-1.93025390624999,-2.270390625,-4.92884375,1.67776171875
2.13933984375,0.728625,2.08873828125,5.64434765625,1.052953125,2.9541875,2.99223046875,0.81453125,-1.8966328125,-1.38393359375,1.669390625,2.21279296875,5.61895703125,-1.2720390625,-5.49274609375,-2.66571875,13.67812109375,-4.73271875,-4.9163359375,-5.44076171875,-1.5774921875,2.52710546875,-3.82245703125,-11.72593359375,-5.38807421875,5.62566796875,-5.09825390625,-3.317390625,-6.40784375,-0.21423828125
1.30833984375,-0.0383750000000003,1.05273828125,6.12234765625,2.111953125,2.8591875,1.94923046875,-2.08946875,-1.8316328125,-1.24593359375,1.643390625,0.19779296875,3.29895703125,-1.4650390625,-5.55074609375,-3.32171875,13.96712109375,-4.42471875,-4.2533359375,-5.53676171875,-1.7884921875,2.88310546875,-3.51745703125,-11.45393359375,-5.47907421875,4.20366796875,-6.09725390625,-3.467390625,-6.61184375,-1.25823828125
1.60533984375,0.485625,0.73773828125,7.14134765625,3.880953125,3.2991875,1.12823046875,-4.56846875,-1.2326328125,-0.55193359375,1.589390625,-1.66920703125,1.73995703125,-1.0880390625,-5.01374609375,-3.36271875,13.53012109375,-3.93371875,-3.0573359375,-4.75876171875,-1.0204921875,3.75510546875,-2.70345703125,-10.27793359375,-4.41607421875,2.88466796875,-5.81425390624999,-3.183390625,-5.91384375,-1.30323828125
2.86333984375,1.960625,1.01773828125,8.30234765625,5.555953125,3.9441875,0.46923046875,-6.26546875,-0.5926328125,0.15406640625,1.198390625,-3.19420703125,1.68895703125,-0.7070390625,-4.46074609375,-3.21471875,12.67712109375,-3.63771875,-1.9923359375,-3.65076171875,0.1705078125,4.98010546875,-1.86645703125,-8.71793359375,-2.70307421875,2.32366796875,-4.90525390625,-2.559390625,-4.46884375,0.0897617187500002
4.67233984375,3.877625,1.74773828125,9.37434765625,6.535953125,4.5651875,-0.0337695312499997,-6.90646875,-0.1906328125,0.52506640625,0.430390625,-4.16520703125,3.47295703125,-0.6800390625,-4.23874609375,-3.21171875,11.80612109375,-3.68771875,-1.5063359375,-2.68176171875,1.2635078125,6.40610546875,-1.36145703125,-7.21093359375,-0.912074218750001,3.08566796875,-4.02625390624999,-1.674390625,-2.57084375,2.90376171875
6.21833984375,5.463625,2.47673828125,10.12534765625,6.382953125,4.8211875,-0.60676953125,-6.65746875,-0.2116328125,0.25006640625,-0.765609375,-4.69820703125,6.55595703125,-1.2860390625,-4.59674609375,-3.74571875,10.77012109375,-4.23171875,-1.9013359375,-2.38376171875,1.6285078125,7.63210546875,-1.56545703125,-6.27093359375,0.20492578125,4.95466796875,-4.13425390625,-0.913390625,-0.91684375,6.18776171875
6.84233984375,6.173625,2.79773828125,10.51434765625,5.151953125,4.5541875,-1.42276953125,-5.89646875,-0.5516328125,-0.64893359375,-2.263609375,-4.99620703125,9.91195703125,-2.4240390625,-5.42374609375,-4.90571875,9.12212109375,-5.17771875,-3.0533359375,-2.97976171875,0.9295078125,8.30710546875,-2.55045703125,-6.13493359375,0.18492578125,7.16466796875,-6.21525390624999,-0.651390625,-0.169843750000001,8.59776171875
6.63133984375,6.155625,2.77073828125,10.83834765625,3.578953125,4.0841875,-2.28176953125,-4.85346875,-0.6956328125,-1.58093359375,-3.547609375,-5.00120703125,12.66895703125,-3.4140390625,-6.08274609375,-6.17971875,6.80412109375,-5.99571875,-4.2403359375,-4.03676171875,-0.4684921875,8.49310546875,-3.77545703125,-6.43593359375,-0.699074218750001,9.05866796875,-10.88925390625,-0.818390625,-0.385843750000001,9.33876171875
6.19133984375,5.923625,2.70773828125,11.37434765625,2.581953125,3.9061875,-2.85976953125,-3.72846875,-0.1526328125,-1.81293359375,-4.056609375,-4.59320703125,14.28795703125,-3.4570390625,-5.88074609375,-6.85571875,4.31912109375,-6.09571875,-4.6013359375,-4.82576171875,-1.8274921875,8.44510546875,-4.47045703125,-6.54493359375,-1.74107421875,10.25766796875,-18.55125390625,-1.063390625,-1.12484375,8.43976171875
5.96433984375,5.696625,2.66573828125,11.95934765625,2.562953125,4.1611875,-3.14176953125,-2.96046875,1.0263671875,-1.11293359375,-3.696609375,-3.96920703125,14.41495703125,-2.3010390625,-4.69674609375,-6.68771875,2.40712109375,-5.36571875,-3.7903359375,-4.98676171875,-2.7004921875,8.18310546875,-4.28245703125,-6.19693359375,-2.47907421875,10.39866796875,-29.76625390625,-1.219390625,-1.99384375,6.34976171875
5.98133984375,5.310625,2.42873828125,12.17534765625,3.325953125,4.6181875,-3.29076953125,-2.99746875,2.3713671875,0.22906640625,-2.785609375,-3.46920703125,13.01995703125,-0.2800390625,-2.97574609375,-5.94971875,1.79512109375,-4.09971875,-2.0533359375,-4.64476171875,-3.0934921875,7.56410546875,-3.36145703125,-5.59293359375,-2.90207421875,9.16166796875,-45.15825390625,-1.345390625,-2.85184375,3.60376171875
6.09533984375,4.607625,1.86973828125,11.86834765625,4.495953125,5.0641875,-3.21076953125,-3.81846875,3.5053671875,1.84106640625,-1.618609375,-3.13920703125,10.66995703125,2.1069609375,-1.25074609375,-5.00071875,2.99112109375,-2.53471875,0.1666640625,-4.06576171875,-3.1684921875,6.65910546875,-1.99045703125,-5.04793359375,-3.17507421875,6.56966796875,-64.86725390625,-1.459390625,-3.63784375,0.74276171875
6.03633984375,3.535625,0.97373828125,11.18934765625,5.665953125,5.3891875,-2.62376953125,-4.96946875,4.2713671875,3.38606640625,-0.413609375,-2.78120703125,8.32195703125,4.3549609375,0.0432539062499995,-4.15571875,5.82212109375,-0.78971875,2.3806640625,-3.55076171875,-3.1444921875,5.71510546875,-0.48945703125,-4.88093359375,-3.52807421875,3.00666796875,-88.23025390625,-1.572390625,-4.36484375,-1.85423828125
5.25833984375,1.913625,-0.43026171875,10.17534765625,6.242953125,5.3301875,-1.59676953125,-6.06746875,4.4483671875,4.32806640625,0.404390625,-2.45720703125,6.73895703125,5.7889609375,0.398253906249999,-3.88371875,9.08812109375,0.80028125,3.9386640625,-3.59176171875,-3.4634921875,4.77810546875,0.60554296875,-5.54093359375,-4.35807421875,-1.05633203125,-113.78225390625,-1.944390625,-5.26684375,-4.15623828125
3.15533984375,-0.503375,-2.58326171875,8.61734765625,5.585953125,4.5101875,-0.69776953125,-7.01646875,3.6983671875,4.04606640625,0.251390625,-2.57520703125,6.20995703125,5.7379609375,-0.63474609375,-4.69571875,11.07512109375,1.69428125,4.2026640625,-4.68976171875,-4.6074921875,3.69010546875,0.71654296875,-7.40093359375,-6.00807421875,-5.08433203125,-139.14125390625,-2.915390625,-6.59984375,-6.24423828125
-0.35666015625,-3.589375,-5.34526171875,6.40434765625,3.503953125,2.8471875,-0.53876953125,-7.72446875,1.9253671875,2.33906640625,-1.128609375,-3.42420703125,6.68995703125,4.0439609375,-2.99474609375,-6.66171875,10.65412109375,1.57328125,3.0216640625,-6.85076171875,-6.6274921875,2.51110546875,-0.28545703125,-10.27493359375,-8.31707421875,-8.34933203125,-160.83225390625,-4.419390625,-8.23484375,-7.90023828125
-4.64366015625,-6.765375,-8.13426171875,3.74934765625,0.400953125,0.6851875,-1.40176953125,-7.98446875,-0.6076328125,-0.38593359375,-3.449609375,-4.88720703125,7.81995703125,1.1839609375,-6.02374609375,-9.30271875,7.86712109375,0.51428125,0.8406640625,-9.50676171875,-9.0634921875,1.59710546875,-1.98745703125,-13.41393359375,-10.65707421875,-10.21033203125,-174.77125390625,-5.937390625,-9.72684375,-8.73823828125
-8.77566015625,-9.450375,-10.39626171875,0.998347656250001,-3.127046875,-1.5488125,-3.30676953125,-7.73546875,-3.5656328125,-3.50093359375,-6.183609375,-6.67420703125,8.78495703125,-2.1880390625,-8.94274609375,-12.02671875,3.60312109375,-1.31871875,-1.7223359375,-12.02576171875,-11.4144921875,1.17910546875,-3.90745703125,-16.07793359375,-12.49507421875,-10.69733203125,-177.49325390625,-7.019390625,-10.82884375,-8.76223828125
-11.90566015625,-11.311375,-11.87626171875,-1.52365234375,-6.569046875,-3.5748125,-6.03176953125,-7.16146875,-6.6856328125,-6.44393359375,-8.794609375,-8.50320703125,8.61795703125,-5.5410390625,-11.20374609375,-14.42071875,-0.931878906249999,-3.78971875,-4.1753359375,-14.04476171875,-13.4134921875,1.16510546875,-5.75345703125,-17.90393359375,-13.68407421875,-10.51633203125,-167.36925390625,-7.542390625,-11.63784375,-8.47023828125
-13.24666015625,-11.997375,-12.34026171875,-3.34465234375,-9.321046875,-5.0388125,-8.86776953125,-6.35446875,-9.5026328125,-8.54693359375,-10.595609375,-9.90220703125,6.97195703125,-8.2610390625,-12.33974609375,-16.01571875,-4.40387890625,-6.45571875,-5.9923359375,-15.23676171875,-14.7554921875,1.49610546875,-7.15145703125,-18.65193359375,-14.11107421875,-10.26533203125,-145.21425390625,-7.370390625,-12.10784375,-8.21323828125
-12.16466015625,-11.029375,-11.40126171875,-3.86065234375,-10.597046875,-5.4098125,-10.68376953125,-5.13746875,-11.2206328125,-9.00093359375,-10.773609375,-10.18120703125,4.47895703125,-9.5420390625,-11.86774609375,-16.17571875,-5.59487890625,-8.43771875,-6.5293359375,-15.14376171875,-14.9394921875,2.38110546875,-7.48445703125,-17.98993359375,-13.43107421875,-9.82833203125,-114.37425390625,-6.150390625,-11.75084375,-7.70923828125
-8.68466015625,-8.275375,-8.93226171875,-2.80465234375,-9.880046875,-4.3628125,-10.59676953125,-3.43046875,-11.1606328125,-7.36193359375,-8.934609375,-8.93620703125,2.13795703125,-8.8410390625,-9.66774609375,-14.54671875,-4.00987890625,-8.97671875,-5.4223359375,-13.53276171875,-13.6734921875,3.89610546875,-6.35645703125,-15.81493359375,-11.41607421875,-8.66633203125,-80.30425390625,-3.747390625,-10.11384375,-6.40023828125
-3.77166015625,-4.363375,-5.44326171875,-0.60265234375,-7.389046875,-2.1638125,-8.57576953125,-1.59546875,-9.2796328125,-4.00193359375,-5.527609375,-6.46420703125,0.48195703125,-6.3340390625,-6.28774609375,-11.46571875,-0.24987890625,-8.02371875,-2.9593359375,-10.74676171875,-11.2564921875,5.55110546875,-4.05045703125,-12.58293359375,-8.36007421875,-6.47233203125,-49.14525390625,-0.706390625,-7.36884375,-4.07323828125
1.17133984375,-0.347375,-1.79326171875,1.92234765625,-3.927046875,0.5211875,-5.29176953125,-0.17546875,-6.1316328125,0.15006640625,-1.548609375,-3.51020703125,-0.53804296875,-2.7450390625,-2.62574609375,-7.70571875,4.38812109375,-6.13071875,0.1546640625,-7.45576171875,-8.3274921875,6.53210546875,-1.31945703125,-9.04793359375,-4.89407421875,-3.35833203125,-25.54025390625,2.013609375,-4.22684375,-0.96723828125
5.05933984375,2.921625,1.37173828125,4.08134765625,-0.399046875,3.0701875,-1.60076953125,0.57253125,-2.5436328125,4.16906640625,2.068390625,-0.74320703125,-1.15604296875,1.1319609375,0.60225390625,-3.96171875,8.66512109375,-3.96771875,3.2636640625,-4.19876171875,-5.3814921875,6.29710546875,1.13854296875,-5.80193359375,-1.54807421875,0.26866796875,-11.07425390625,3.674609375,-1.44184375,2.47876171875
7.31733984375,4.957625,3.69873828125,5.43834765625,2.361953125,4.9771875,1.62823046875,0.66353125,0.5083671875,7.30106640625,4.653390625,1.32079296875,-1.59604296875,4.5389609375,2.93225390625,-0.78971875,11.73812109375,-2.14971875,5.8426640625,-1.38876171875,-2.7504921875,4.76710546875,2.80354296875,-3.26593359375,1.25592578125,3.68066796875,-4.48725390625,3.965609375,0.38215625,5.65876171875
7.67533984375,5.471625,4.90773828125,5.67434765625,3.634953125,5.7501875,3.49723046875,0.0745312499999997,2.0103671875,8.88406640625,5.723390625,2.17079296875,-2.10204296875,6.7019609375,3.97225390625,1.22328125,13.16212109375,-1.26371875,7.3656640625,0.45723828125,-0.8514921875,2.18610546875,3.21954296875,-1.91293359375,2.99992578125,5.85666796875,-3.13825390625,2.836609375,0.75715625,7.79276171875
6.20833984375,4.499625,4.90873828125,4.72734765625,3.156953125,5.1611875,3.44323046875,-1.21346875,1.4213671875,8.63406640625,5.180390625,1.53279296875,-2.73904296875,7.1769609375,3.57825390625,1.68128125,13.02412109375,-1.57171875,7.5236640625,0.93723828125,-0.0314921874999999,-0.85289453125,2.21754296875,-2.07193359375,3.27692578125,6.04066796875,-4.30825390624999,0.525609375,-0.446843750000001,8.32376171875
3.57833984375,2.672625,4.08973828125,3.08834765625,1.517953125,3.6331875,1.75023046875,-2.91246875,-0.7916328125,7.03806640625,3.604390625,-0.21720703125,-3.12404296875,6.3089609375,2.21225390625,0.80128125,11.99412109375,-2.62771875,6.5906640625,0.21523828125,-0.1814921875,-3.34989453125,0.29354296875,-3.50193359375,2.23392578125,4.41066796875,-5.82225390624999,-2.278390625,-2.68884375,7.43076171875
0.84133984375,0.974625,3.11473828125,1.61234765625,-0.114046875,2.0731875,-0.58576953125,-4.52246875,-3.3836328125,5.13506640625,1.981390625,-2.22420703125,-2.66204296875,5.0409609375,0.74225390625,-0.72171875,10.82712109375,-3.54971875,5.2786640625,-1.04476171875,-0.8304921875,-4.36189453125,-1.60445703125,-5.47093359375,0.513925781249999,1.99166796875,-6.41225390624999,-4.698390625,-4.98784375,5.91176171875
-1.13166015625,0.0526249999999999,2.31673828125,0.91734765625,-0.831046874999999,1.1921875,-2.59676953125,-5.80646875,-5.2126328125,3.75106640625,0.966390625,-3.84320703125,-1.14204296875,4.1439609375,-0.21974609375,-2.35371875,9.64712109375,-3.77171875,4.1336640625,-2.27676171875,-1.6764921875,-3.73689453125,-2.77245703125,-7.33493359375,-1.30607421875,-0.13333203125,-5.93025390624999,-6.223390625,-6.60084375,4.51576171875
-1.95566015625,-0.0803750000000001,1.50073828125,1.07334765625,-0.462046875,1.1201875,-3.84776953125,-6.93546875,-5.8296328125,3.07006640625,0.533390625,-4.98620703125,1.07095703125,3.7619609375,-0.65974609375,-4.01171875,7.94912109375,-3.39571875,3.2166640625,-3.33876171875,-2.7884921875,-2.22489453125,-3.10545703125,-8.85193359375,-2.99207421875,-1.41733203125,-5.02025390624999,-6.868390625,-7.34684375,3.51676171875
-1.62566015625,0.219625,0.32773828125,1.78934765625,0.614953125,1.5781875,-4.35276953125,-8.15446875,-5.3926328125,2.86106640625,0.271390625,-5.84920703125,3.39495703125,3.6259609375,-0.89774609375,-5.78471875,5.34312109375,-2.85371875,2.3226640625,-4.30876171875,-4.2664921875,-0.82489453125,-2.84545703125,-9.99093359375,-4.45607421875,-1.87633203125,-4.37225390624999,-6.819390625,-7.39184375,2.81276171875
-0.52866015625,0.435625,-1.39026171875,2.57934765625,1.762953125,2.0961875,-4.43276953125,-9.57546875,-4.4306328125,2.72106640625,-0.301609375,-6.65720703125,5.26395703125,3.3139609375,-1.34074609375,-7.71271875,2.07112109375,-2.58071875,1.1946640625,-5.33176171875,-6.0364921875,-0.19389453125,-2.37145703125,-10.81693359375,-5.64807421875,-1.97533203125,-4.31925390624999,-6.256390625,-7.07184375,2.04976171875
0.35833984375,-0.176375,-3.81726171875,2.69034765625,2.132953125,1.9941875,-4.77776953125,-11.35446875,-3.7836328125,2.03706640625,-1.746609375,-7.74420703125,5.96795703125,2.2649609375,-2.53674609375,-9.95871875,-1.21087890625,-3.05571875,-0.5273359375,-6.74476171875,-8.0504921875,-0.61189453125,-2.27745703125,-11.64993359375,-6.75407421875,-2.53533203125,-4.99825390625,-5.557390625,-6.95584375,0.65576171875
-0.226660156249999,-2.354375,-7.05426171875,1.31934765625,0.898953125,0.5611875,-6.22776953125,-13.71546875,-4.3446328125,0.15206640625,-4.554609375,-9.47220703125,4.70295703125,-0.0350390624999998,-5.02474609375,-12.76771875,-3.84787890625,-4.72471875,-3.1693359375,-8.95476171875,-10.3324921875,-2.03189453125,-3.20245703125,-12.94693359375,-8.12207421875,-4.23233203125,-6.41225390624999,-5.250390625,-7.60184375,-1.74623828125
-2.88866015625,-6.120375,-10.71126171875,-1.73565234375,-2.149046875,-2.3788125,-9.08176953125,-16.53646875,-6.4496328125,-3.05693359375,-8.634609375,-11.74420703125,1.13095703125,-3.5020390625,-8.78574609375,-15.98471875,-5.32087890625,-7.51971875,-6.5403359375,-11.88076171875,-12.5834921875,-3.89689453125,-5.20945703125,-14.72093359375,-9.72007421875,-6.78833203125,-8.10725390624999,-5.491390625,-8.93284375,-4.63523828125
-7.00666015625,-10.465375,-13.79426171875,-5.70765234375,-6.321046875,-6.1938125,-12.72576953125,-19.13146875,-9.5776328125,-6.91293359375,-13.090609375,-13.80620703125,-4.16504296875,-7.2790390625,-13.00074609375,-18.82971875,-5.36187890625,-10.64671875,-9.7753359375,-14.72376171875,-14.0524921875,-5.23089453125,-7.51445703125,-16.28093359375,-10.91407421875,-8.86133203125,-9.13825390625,-5.823390625,-10.08284375,-6.60923828125
-11.23466015625,-14.021375,-15.36026171875,-9.33765234375,-10.535046875,-9.9148125,-16.12376953125,-20.70546875,-12.7986328125,-10.46393359375,-16.783609375,-14.82420703125,-9.94504296875,-10.3410390625,-16.59974609375,-20.46071875,-4.25087890625,-13.13171875,-11.9423359375,-16.55976171875,-14.1144921875,-5.32089453125,-9.09845703125,-16.80893359375,-11.05607421875,-9.06833203125,-8.73725390625,-5.718390625,-10.17884375,-6.48723828125
-14.43166015625,-15.974375,-15.23126171875,-11.66165234375,-14.013046875,-12.8758125,-18.55876953125,-20.93746875,-15.4076328125,-13.16793359375,-19.046609375,-14.58520703125,-14.87904296875,-12.2190390625,-18.97874609375,-20.65071875,-2.78787890625,-14.48071875,-12.7283359375,-17.07776171875,-12.8874921875,-4.28889453125,-9.50945703125,-16.09593359375,-10.16807421875,-7.12133203125,-7.00425390625,-5.211390625,-9.16384375,-4.37023828125
-16.05866015625,-16.264375,-13.91926171875,-12.31165234375,-16.380046875,-14.7728125,-19.76076953125,-19.96346875,-17.0406328125,-14.90793359375,-19.774609375,-13.48120703125,-17.82304296875,-12.9970390625,-20.06174609375,-19.76271875,-1.65587890625,-14.69971875,-12.4283359375,-16.57976171875,-11.0744921875,-2.83189453125,-8.93145703125,-14.55793359375,-8.84707421875,-3.90733203125,-4.76725390624999,-4.761390625,-7.68784375,-1.48923828125
-16.04166015625,-15.202375,-12.06926171875,-11.37765234375,-17.393046875,-15.3878125,-19.61976953125,-18.03546875,-17.4826328125,-15.60693359375,-19.103609375,-12.02020703125,-17.98804296875,-12.8680390625,-19.95474609375,-18.27171875,-0.89087890625,-13.92071875,-11.4793359375,-15.50476171875,-9.3544921875,-1.53189453125,-7.75845703125,-12.77193359375,-7.67607421875,-0.733332031250001,-2.91325390625,-4.677390625,-6.40884375,0.80076171875
-14.70666015625,-13.267375,-10.23026171875,-9.34065234375,-16.956046875,-14.6148125,-18.19376953125,-15.47446875,-16.7406328125,-15.20193359375,-17.355609375,-10.63720703125,-15.39204296875,-12.0280390625,-18.88174609375,-16.59771875,-0.199878906249999,-12.37871875,-10.2663359375,-14.25476171875,-8.1284921875,-0.65389453125,-6.41945703125,-11.27793359375,-6.97107421875,1.30366796875,-2.03625390625,-4.967390625,-5.66984375,1.71476171875
-12.73966015625,-11.078375,-8.89326171875,-7.00065234375,-15.325046875,-12.7238125,-15.91276953125,-12.82646875,-15.2486328125,-13.87893359375,-15.165609375,-9.76020703125,-11.12404296875,-10.8460390625,-17.32174609375,-15.20671875,0.360121093750001,-10.60871875,-9.1933359375,-13.27576171875,-7.6294921875,-0.36989453125,-5.44445703125,-10.60493359375,-6.89007421875,1.58466796875,-2.44925390625,-5.564390625,-5.61384375,1.11176171875
-10.76966015625,-9.085375,-8.25826171875,-5.04965234375,-12.958046875,-10.2468125,-13.37576953125,-10.63846875,-13.6266328125,-11.97393359375,-13.199609375,-9.59120703125,-6.74404296875,-9.7030390625,-15.77074609375,-14.37471875,0.396121093750001,-9.22571875,-8.5143359375,-12.82676171875,-7.7834921875,-0.74689453125,-5.20245703125,-10.99493359375,-7.31607421875,0.25166796875,-4.03325390625,-6.323390625,-6.13984375,-0.49823828125
-8.88666015625,-7.204375,-7.88626171875,-3.60765234375,-10.129046875,-7.5778125,-10.87976953125,-9.00446875,-12.1796328125,-9.61393359375,-11.648609375,-9.74720703125,-3.31804296875,-8.6160390625,-14.28974609375,-13.78271875,-0.12187890625,-8.41571875,-8.0223359375,-12.57776171875,-7.9604921875,-1.46589453125,-5.46445703125,-11.98193359375,-7.59507421875,-1.60133203125,-6.00825390624999,-6.784390625,-6.67884375,-1.95523828125
-6.82166015625,-5.062375,-6.96626171875,-2.36865234375,-6.968046875,-4.9148125,-8.39276953125,-7.63046875,-10.8426328125,-6.79493359375,-10.235609375,-9.46320703125,-1.15304296875,-7.3400390625,-12.56774609375,-12.70071875,-0.52587890625,-7.89471875,-7.2183359375,-11.77376171875,-7.2594921875,-1.93789453125,-5.52945703125,-12.58093359375,-6.80107421875,-2.44633203125,-7.21225390624999,-6.356390625,-6.41184375,-1.92423828125
-4.62566015625,-2.688375,-5.09326171875,-1.22565234375,-3.909046875,-2.6048125,-6.02876953125,-6.38046875,-9.6076328125,-3.85293359375,-8.756609375,-8.30820703125,-0.29504296875,-5.8860390625,-10.49074609375,-10.71171875,0.078121093750001,-7.38871875,-5.8963359375,-9.95076171875,-5.2794921875,-1.81389453125,-4.87745703125,-12.03993359375,-4.46007421875,-1.32033203125,-6.85225390625,-4.867390625,-4.88184375,0.29376171875
-2.87466015625,-0.686375,-2.62226171875,-0.495652343749999,-1.760046875,-1.2138125,-4.21376953125,-5.51646875,-8.7126328125,-1.54793359375,-7.365609375,-6.50720703125,-0.78504296875,-4.6730390625,-8.38774609375,-8.07271875,2.18212109375,-6.86371875,-4.3573359375,-7.31476171875,-2.4434921875,-1.16889453125,-3.49645703125,-10.29393359375,-0.89507421875,1.64266796875,-4.88825390625,-2.703390625,-2.26084375,4.39976171875
-2.13766015625,0.337625,-0.25226171875,-0.49765234375,-1.180046875,-1.1058125,-3.29276953125,-5.34746875,-8.3306328125,-0.51193359375,-6.295609375,-4.58220703125,-2.32104296875,-4.0570390625,-6.68274609375,-5.37471875,5.65112109375,-6.22571875,-3.0163359375,-4.44276171875,0.4165078125,-0.13889453125,-1.58845703125,-7.72693359375,3.13392578125,5.54366796875,-1.76525390625,-0.347390625,0.99215625,9.45076171875
-2.51066015625,0.238625,1.42973828125,-1.20265234375,-2.263046875,-2.1698125,-3.25776953125,-5.92946875,-8.3596328125,-0.82793359375,-5.619609375,-2.96720703125,-4.11204296875,-3.9820390625,-5.57974609375,-3.15271875,9.72712109375,-5.19271875,-2.0473359375,-1.90476171875,2.5465078125,1.32410546875,0.69054296875,-4.86693359375,6.83392578125,9.25466796875,1.91174609375,1.955609375,4.41515625,14.29076171875
-3.78066015625,-0.830375000000001,1.97573828125,-2.39865234375,-4.672046875,-4.0408125,-3.97576953125,-7.21546875,-8.6526328125,-2.20593359375,-5.422609375,-2.07920703125,-5.35404296875,-4.1960390625,-5.19374609375,-1.90871875,13.12412109375,-3.65571875,-1.4933359375,-0.267761718750001,3.3575078125,3.20710546875,3.03354296875,-2.37793359375,9.43892578125,11.66566796875,5.36874609375,4.008609375,7.46015625,17.70576171875
-5.70266015625,-2.670375,1.10973828125,-3.89765234375,-7.855046875,-6.3288125,-5.37676953125,-9.16546875,-9.1816328125,-4.23193359375,-5.882609375,-2.34320703125,-5.75004296875,-4.5320390625,-5.64374609375,-2.07071875,14.54112109375,-1.94571875,-1.3993359375,-0.00276171875000042,2.5065078125,5.24010546875,4.90854296875,-0.947933593749999,10.34092578125,11.98166796875,7.78274609375001,5.515609375,9.51615625,18.73076171875
-7.87466015625,-4.860375,-0.90426171875,-5.36065234375,-10.944046875,-8.4748125,-7.19376953125,-11.45746875,-9.8016328125,-6.26193359375,-6.911609375,-3.82020703125,-5.42004296875,-4.7660390625,-6.73274609375,-3.56671875,13.51512109375,-0.52471875,-1.6103359375,-1.03376171875,0.2755078125,7.15310546875,5.95554296875,-0.785933593749999,9.54792578125,10.23966796875,8.76974609375,6.365609375,10.34315625,17.26976171875
-9.62166015625,-6.634375,-3.13026171875,-6.17965234375,-12.790046875,-9.6818125,-8.75476953125,-13.32946875,-10.0756328125,-7.39693359375,-7.907609375,-5.95520703125,-4.61404296875,-4.5110390625,-7.78174609375,-5.61271875,10.74412109375,0.38928125,-1.6743359375,-2.54176171875,-2.3384921875,8.87910546875,6.30654296875,-1.36493359375,7.85692578125,7.40166796875,8.66774609375,6.828609375,10.32215625,14.29576171875
-10.32966015625,-7.302375,-4.55626171875,-5.84765234375,-12.547046875,-9.3488125,-9.37476953125,-14.03346875,-9.6196328125,-6.99693359375,-8.146609375,-7.96220703125,-3.71404296875,-3.5600390625,-8.08074609375,-7.23071875,7.40712109375,0.69728125,-1.2273359375,-3.52076171875,-4.2704921875,10.24010546875,6.26154296875,-1.91393359375,6.25892578125,4.61766796875,8.09174609375,7.180609375,10.01515625,11.13776171875
-9.82466015625,-6.727375,-4.79026171875,-4.38765234375,-10.238046875,-7.5448125,-8.84976953125,-13.40446875,-8.5046328125,-5.16793359375,-7.332609375,-9.34620703125,-3.24204296875,-2.2080390625,-7.44374609375,-7.91171875,4.26512109375,0.19628125,-0.3823359375,-3.49776171875,-5.1034921875,10.67510546875,5.85554296875,-2.05793359375,5.21592578125,2.36066796875,7.31874609375001,7.281609375,9.60715625,8.56476171875
-8.22666015625,-5.199375,-4.04326171875,-2.22065234375,-6.610046875,-4.8598125,-7.37776953125,-11.81946875,-7.0736328125,-2.55693359375,-5.607609375,-9.88520703125,-3.40604296875,-0.9270390625,-6.13174609375,-7.64571875,1.57012109375,-1.14871875,0.4926640625,-2.58376171875,-5.0534921875,9.65510546875,4.98854296875,-1.84093359375,4.63592578125,0.37966796875,6.27574609375,6.802609375,8.96815625,6.61576171875
-5.60766015625,-3.002375,-2.66726171875,0.28434765625,-2.545046875,-1.9078125,-5.18976953125,-9.74746875,-5.4916328125,0.22506640625,-3.238609375,-9.37120703125,-3.69004296875,0.1719609375,-4.41974609375,-6.56071875,-0.47187890625,-2.82971875,1.2456640625,-1.09476171875,-4.4804921875,7.32310546875,3.83854296875,-1.35893359375,4.31592578125,-1.73433203125,4.91974609375001,5.724609375,8.05015625,5.03776171875
-2.17466015625,-0.437375,-1.03826171875,2.87434765625,1.176953125,0.791187499999999,-2.61676953125,-7.61146875,-3.7436328125,2.72206640625,-0.641609375,-7.78720703125,-3.23104296875,1.2799609375,-2.55674609375,-4.92471875,-1.57987890625,-4.06171875,1.9316640625,0.51723828125,-3.7574921875,4.43610546875,2.75154296875,-0.75293359375,4.03692578125,-4.19633203125,3.28974609375,4.295609375,6.89215625,3.53276171875
1.28733984375,1.849625,0.26473828125,5.15734765625,3.780953125,2.6311875,-0.42076953125,-5.95746875,-2.0016328125,4.40006640625,1.392390625,-5.72020703125,-1.63704296875,2.3819609375,-1.02974609375,-3.41671875,-1.66387890625,-4.46171875,2.4386640625,1.49023828125,-3.4574921875,1.71610546875,1.77454296875,-0.46993359375,3.36792578125,-7.06133203125,1.25374609375,2.569609375,5.33715625,1.72776171875
3.54833984375,3.001625,0.63973828125,6.68134765625,4.674953125,3.0601875,0.39623046875,-5.31446875,-0.6446328125,4.76506640625,1.962390625,-4.19720703125,0.75095703125,3.1509609375,-0.432746093750001,-2.89571875,-0.857878906249999,-4.24171875,2.4656640625,1.01623828125,-4.1584921875,-0.49289453125,0.62854296875,-1.09493359375,1.83292578125,-10.12333203125,-1.41125390625,0.350609375,3.12815625,-0.60623828125
3.71533984375,2.581625,-0.00626171875000026,7.33734765625,3.924953125,2.0641875,-0.68376953125,-5.75146875,0.1283671875,3.84806640625,0.744390625,-3.95020703125,3.30995703125,3.3699609375,-0.93774609375,-3.73271875,0.716121093750001,-3.77071875,1.9256640625,-1.10076171875,-5.9034921875,-2.03089453125,-0.81645703125,-2.78193359375,-0.577074218750001,-12.72433203125,-4.60425390624999,-2.361390625,0.365156249999999,-3.16523828125
1.79133984375,0.894625,-1.16126171875,7.48834765625,2.318953125,0.2941875,-3.28576953125,-6.78546875,0.4683671875,2.31206640625,-1.726609375,-4.98120703125,5.52795703125,3.1609609375,-2.11774609375,-5.53971875,2.87112109375,-3.26171875,1.0946640625,-4.23076171875,-8.0794921875,-2.78089453125,-2.33645703125,-5.06293359375,-3.28507421875,-14.04733203125,-7.79125390625,-5.156390625,-2.39684375,-5.20823828125
-1.40766015625,-1.301375,-2.19926171875,7.60034765625,0.838953125,-1.3658125,-6.43376953125,-7.80946875,0.6233671875,0.95906640625,-4.462609375,-6.77620703125,6.97295703125,2.7459609375,-3.34374609375,-7.57571875,5.02012109375,-2.89671875,0.3176640625,-7.39076171875,-9.9194921875,-2.84189453125,-3.64345703125,-7.25993359375,-5.59207421875,-13.79333203125,-10.41125390625,-7.499390625,-4.58284375,-6.15223828125
-4.59666015625,-3.155375,-2.75326171875,7.96634765625,0.206953125,-2.2388125,-9.02076953125,-8.41346875,0.7753671875,0.32206640625,-6.512609375,-8.63520703125,7.32295703125,2.2819609375,-4.13274609375,-9.17171875,6.33212109375,-2.85271875,-0.2073359375,-9.73376171875,-10.9074921875,-2.50189453125,-4.57645703125,-8.85093359375,-7.02307421875,-12.41133203125,-12.15125390625,-8.955390625,-5.86484375,-5.88423828125
-6.34766015625,-3.857375,-2.61526171875,8.77434765625,0.809953125,-1.9358125,-10.09476953125,-8.33746875,1.1743671875,0.68606640625,-7.158609375,-9.78120703125,6.64195703125,2.0019609375,-4.13774609375,-9.79271875,6.43612109375,-3.02871875,-0.3013359375,-10.64576171875,-10.7344921875,-1.86789453125,-4.92445703125,-9.42893359375,-7.24407421875,-10.58933203125,-12.83325390625,-9.081390625,-5.98284375,-4.50123828125
-5.66966015625,-2.911375,-1.69526171875,10.11034765625,2.636953125,-0.4608125,-9.22476953125,-7.48646875,2.0753671875,2.05306640625,-6.151609375,-9.65320703125,5.42595703125,2.1669609375,-3.20674609375,-9.15771875,5.73512109375,-3.03771875,0.1806640625,-9.87076171875,-9.3084921875,-0.78489453125,-4.41945703125,-8.75093359375,-6.08107421875,-8.78633203125,-12.39025390625,-7.503390625,-4.69084375,-2.13023828125
-2.73266015625,-0.632375,-0.30326171875,11.70034765625,5.012953125,1.5371875,-6.96876953125,-6.23946875,3.3303671875,3.85706640625,-4.062609375,-8.41920703125,4.20595703125,2.6359609375,-1.72874609375,-7.62371875,4.88512109375,-2.71371875,0.9826640625,-7.87376171875,-7.0774921875,0.70810546875,-3.17645703125,-7.11293359375,-3.87707421875,-7.31333203125,-11.18325390625,-4.409390625,-2.15184375,0.79376171875
1.08833984375,1.850625,0.83073828125,12.90634765625,6.717953125,2.8921875,-4.73976953125,-5.43846875,4.2493671875,5.01306640625,-2.165609375,-7.03620703125,3.29495703125,2.7379609375,-0.63074609375,-6.17271875,4.17112109375,-2.40771875,1.3566640625,-5.80776171875,-5.0624921875,2.08310546875,-1.89145703125,-5.41693359375,-1.57607421875,-6.46033203125,-10.06625390625,-0.782390625,0.85815625,3.41476171875
4.18633984375,3.417625,1.14273828125,13.24534765625,6.768953125,2.6891875,-3.83376953125,-5.74446875,4.1533671875,4.65906640625,-1.576609375,-6.48920703125,3.00795703125,1.8729609375,-0.686746093750001,-5.67871875,3.53712109375,-2.58271875,0.6146640625,-4.74276171875,-4.1704921875,2.73610546875,-1.30845703125,-4.55193359375,-0.0900742187500003,-6.21133203125,-9.81025390625,2.124609375,3.40615625,4.98976171875
5.74933984375,3.732625,0.75873828125,12.82734765625,5.120953125,0.9351875,-4.52876953125,-7.03546875,2.9723671875,2.83706640625,-2.470609375,-7.00320703125,3.73095703125,0.1349609375,-1.85674609375,-6.19971875,2.95412109375,-3.26871875,-1.2673359375,-4.90176171875,-4.5224921875,2.53110546875,-1.59045703125,-4.71693359375,0.36592578125,-6.06333203125,-10.51525390625,3.517609375,4.98015625,5.43276171875
5.83233984375,3.128625,0.21873828125,12.08134765625,2.497953125,-1.6248125,-6.18076953125,-8.58446875,1.1703671875,0.31206640625,-4.191609375,-8.11120703125,5.41295703125,-1.8370390625,-3.46374609375,-7.13571875,2.46112109375,-4.16171875,-3.7383359375,-5.75476171875,-5.5664921875,1.74410546875,-2.38945703125,-5.49793359375,0.16892578125,-5.50733203125,-11.75425390625,3.213609375,5.46315625,5.11976171875
4.78233984375,1.997625,-0.12826171875,11.24734765625,-0.254046875,-4.1558125,-7.93676953125,-9.68346875,-0.7226328125,-2.09693359375,-5.907609375,-9.22820703125,7.13595703125,-3.4410390625,-4.81974609375,-7.87571875,2.00512109375,-5.05371875,-6.1603359375,-6.63476171875,-6.6854921875,0.65710546875,-3.30345703125,-6.37893359375,-0.25807421875,-4.61933203125,-13.08925390625,1.407609375,4.84015625,4.32976171875
2.98633984375,0.612625,-0.20326171875,10.37634765625,-2.465046875,-6.0298125,-9.10376953125,-9.89846875,-2.2556328125,-3.78293359375,-6.934609375,-9.87320703125,7.63195703125,-4.3050390625,-5.47174609375,-8.01771875,1.53312109375,-5.85071875,-7.9863359375,-7.02576171875,-7.4314921875,-0.47189453125,-3.97845703125,-6.91893359375,-0.61107421875,-3.94333203125,-14.21425390625,-1.317390625,3.28015625,3.15176171875
1.01333984375,-0.615375,0.12373828125,9.69934765625,-3.534046875,-6.7308125,-9.08876953125,-8.98046875,-2.9196328125,-4.23393359375,-6.707609375,-9.55720703125,6.30795703125,-4.1180390625,-5.07074609375,-7.21471875,1.14012109375,-6.29171875,-8.6613359375,-6.48276171875,-7.4074921875,-1.21489453125,-3.95945703125,-6.64793359375,-0.53407421875,-3.84533203125,-14.76925390625,-3.903390625,1.40515625,1.81976171875
-0.48566015625,-1.191375,1.01973828125,9.62434765625,-3.061046875,-5.9798125,-7.55776953125,-6.97046875,-2.3116328125,-3.16693359375,-4.966609375,-7.94520703125,3.69495703125,-2.7460390625,-3.49374609375,-5.29671875,0.822121093750001,-6.04271875,-7.8233359375,-4.81176171875,-6.4124921875,-1.15489453125,-2.89345703125,-5.28293359375,0.242925781249999,-4.27233203125,-14.44625390625,-5.264390625,0.0431562499999996,0.70576171875
-1.14266015625,-0.912375,2.32873828125,10.33034765625,-1.201046875,-4.0528125,-4.77776953125,-4.42946875,-0.5286328125,-0.89093359375,-2.122609375,-5.26320703125,1.01895703125,-0.5700390625,-1.17374609375,-2.62171875,0.158121093750001,-5.11071875,-5.7073359375,-2.41176171875,-4.7594921875,-0.32589453125,-0.98245703125,-3.14193359375,1.53792578125,-5.00533203125,-13.36825390625,-4.993390625,-0.40084375,-0.0242382812499997
-0.928660156249999,0.0776249999999998,3.60073828125,11.62534765625,1.369953125,-1.6948125,-1.55076953125,-2.19346875,1.8523671875,1.77506640625,0.868390625,-2.25420703125,-0.39704296875,1.6109609375,1.02825390625,0.0192812500000001,-1.35087890625,-3.85771875,-3.0783359375,-0.126761718750001,-3.1354921875,0.84010546875,1.09154296875,-1.02393359375,2.79192578125,-5.75033203125,-12.03425390625,-3.473390625,-0.0988437500000003,-0.44023828125
0.14933984375,1.624625,4.55973828125,13.22734765625,3.947953125,0.416187499999999,1.32723046875,-0.73446875,4.2423671875,4.08206640625,3.142390625,0.35779296875,0.43895703125,3.1709609375,2.45525390625,1.99328125,-3.48187890625,-2.56271875,-0.6703359375,1.41323828125,-1.9904921875,2.03710546875,2.77354296875,0.45106640625,3.64792578125,-5.95933203125,-10.81925390625,-1.292390625,0.684156249999999,-0.46223828125
2.05233984375,3.607625,5.28073828125,14.88134765625,6.063953125,1.9551875,3.33523046875,0.0455312499999998,6.2883671875,5.67706640625,4.319390625,2.17579296875,3.69695703125,3.9659609375,2.98525390625,3.11728125,-5.09487890625,-1.22871875,1.1796640625,2.13123828125,-1.2934921875,3.30710546875,3.97854296875,1.22906640625,4.20992578125,-4.98733203125,-9.73425390625,1.195609375,1.89915625,0.25376171875
4.31333984375,5.576625,5.81773828125,16.12734765625,7.323953125,2.7621875,4.04523046875,0.39353125,7.6743671875,6.39106640625,4.350390625,2.94779296875,8.30895703125,4.0859609375,2.79225390625,3.39628125,-4.93287890625,0.11028125,2.3666640625,2.21523828125,-0.8694921875,4.69610546875,4.80554296875,1.55406640625,4.69392578125,-2.69333203125,-8.73325390625,3.715609375,3.47115625,1.86176171875
6.00033984375,6.718625,5.98373828125,16.28334765625,7.391953125,2.7221875,3.13323046875,0.37153125,8.0253671875,6.12206640625,3.367390625,2.50279296875,12.33395703125,3.6509609375,2.10025390625,2.83528125,-2.52987890625,1.22528125,2.8576640625,1.84923828125,-0.6794921875,6.02010546875,5.28754296875,1.67206640625,5.12592578125,0.31866796875,-7.95825390625,5.882609375,5.05415625,3.99676171875
6.32933984375,6.459625,5.66073828125,14.94834765625,6.370953125,2.0331875,0.85423046875,0.0635312499999996,7.2383671875,5.10606640625,1.861390625,1.08979296875,14.12195703125,2.9879609375,1.32025390625,1.69728125,1.60312109375,2.01528125,2.8526640625,1.35123828125,-0.6014921875,7.11110546875,5.56154296875,1.88406640625,5.52092578125,3.20066796875,-7.53425390625,7.390609375,6.24015625,6.03176171875
5.24733984375,4.980625,5.05073828125,12.40634765625,4.981953125,1.3501875,-1.72876953125,-0.23446875,5.7003671875,4.03306640625,0.690390625,-0.49220703125,13.24895703125,2.6749609375,1.06425390625,0.61528125,6.28712109375,2.70828125,2.8316640625,1.23023828125,-0.3054921875,8.02910546875,5.97154296875,2.56006640625,6.04592578125,5.42466796875,-7.37525390624999,8.164609375,6.81115625,7.49076171875
3.30733984375,2.978625,4.41673828125,9.42334765625,4.101953125,1.3841875,-3.30976953125,-0.28646875,3.9893671875,3.58106640625,0.565390625,-1.41020703125,10.44095703125,3.0789609375,1.71325390625,0.14628125,9.99712109375,3.53128125,3.1676640625,1.78923828125,0.3945078125,8.78810546875,6.71054296875,3.76606640625,6.76492578125,6.75566796875,-7.41025390625,8.157609375,6.65715625,8.08576171875
1.23633984375,1.147625,3.76473828125,6.78534765625,4.209953125,2.4401875,-3.11776953125,-0.22846875,2.4793671875,3.94306640625,1.593390625,-1.33520703125,6.91395703125,3.9959609375,3.07425390625,0.35028125,11.30912109375,4.35328125,3.7976640625,2.81123828125,1.2235078125,9.13010546875,7.53354296875,5.04906640625,7.41892578125,7.00766796875,-7.78925390625,7.225609375,5.69815625,7.67376171875
-0.23266015625,0.0226249999999997,3.04973828125,5.12034765625,5.348953125,4.4371875,-1.12076953125,-0.32546875,1.3793671875,4.95606640625,3.425390625,-0.37420703125,3.89095703125,4.9359609375,4.65325390625,0.99328125,9.64012109375,4.89628125,4.4556640625,3.85823828125,1.7505078125,8.83310546875,8.06054296875,5.83206640625,7.71692578125,6.16266796875,-8.64325390625,5.464609375,4.14715625,6.44876171875
-0.47166015625,0.000624999999999876,2.49873828125,4.85034765625,7.357953125,7.1361875,2.17623046875,-0.54846875,0.8903671875,6.45106640625,5.657390625,1.28379296875,2.27795703125,5.6329609375,6.12525390625,1.96228125,5.70912109375,5.10528125,5.0536640625,4.72323828125,1.8615078125,8.08710546875,8.19954296875,5.91206640625,7.70192578125,4.58166796875,-9.79125390625,3.496609375,2.61615625,4.98476171875
0.61833984375,1.057625,2.41573828125,5.90734765625,9.789953125,10.0551875,5.78823046875,-0.63146875,1.0183671875,8.18206640625,7.849390625,3.33679296875,2.21095703125,6.0339609375,7.31225390625,3.20028125,1.13112109375,5.04128125,5.6216640625,5.35623828125,1.7035078125,7.29210546875,8.04154296875,5.38206640625,7.56992578125,2.75566796875,-10.95725390625,2.092609375,1.64515625,3.77176171875
2.30433984375,2.526625,2.77173828125,7.54134765625,11.773953125,12.3431875,8.36123046875,-0.43746875,1.3343671875,9.58306640625,9.377390625,5.16679296875,2.84895703125,5.9909609375,7.92125390625,4.39228125,-2.46987890625,4.56428125,6.0206640625,5.56223828125,1.3205078125,6.56910546875,7.51154296875,4.28406640625,7.28492578125,0.93266796875,-12.14425390625,1.564609375,1.18715625,2.74776171875
3.46933984375,3.496625,3.27073828125,8.73434765625,12.372953125,13.1301875,8.76623046875,-0.0154687500000001,1.2353671875,10.00406640625,9.689390625,6.07379296875,2.93495703125,5.3249609375,7.67425390625,5.10928125,-4.00787890625,3.47728125,6.0346640625,5.12323828125,0.6735078125,5.75910546875,6.47054296875,2.66006640625,6.68892578125,-0.76933203125,-13.50625390625,1.731609375,0.810156249999999,1.54876171875
3.44033984375,3.522625,3.72873828125,8.89634765625,11.222953125,12.1231875,6.82223046875,0.60253125,0.4833671875,9.23706640625,8.752390625,5.77779296875,1.70895703125,4.1589609375,6.67625390625,5.22228125,-3.08187890625,1.94428125,5.7036640625,4.19523828125,-0.0674921874999999,4.80610546875,5.11154296875,0.88006640625,5.91192578125,-1.99133203125,-14.92125390625,2.331609375,0.315156249999999,0.13976171875
2.25733984375,2.753625,4.09473828125,8.05234765625,8.678953125,9.7031875,3.31823046875,1.30053125,-0.7086328125,7.56206640625,6.998390625,4.46779296875,-0.74004296875,2.8719609375,5.35825390625,4.90128125,-0.165878906249999,0.45828125,5.2836640625,3.25223828125,-0.6214921875,3.82610546875,3.90354296875,-0.47293359375,5.34092578125,-2.26733203125,-15.98725390625,3.144609375,-0.12184375,-1.10123828125
0.31033984375,1.515625,4.13373828125,6.50834765625,5.431953125,6.5111875,-0.59976953125,1.61553125,-2.0476328125,5.35806640625,4.867390625,2.46079296875,-3.79604296875,1.7129609375,4.04125390625,4.22428125,3.33312109375,-0.61471875,4.8876640625,2.60523828125,-0.9914921875,2.84410546875,3.14654296875,-1.09693359375,5.16092578125,-1.58933203125,-16.45825390625,3.799609375,-0.33284375,-1.86723828125
-1.88466015625,0.123625,3.51373828125,4.65434765625,2.264953125,3.2151875,-3.84576953125,0.94153125,-3.2916328125,2.97106640625,2.668390625,0.11679296875,-6.61204296875,0.7459609375,2.83725390625,3.15128125,5.73112109375,-1.18271875,4.4626640625,2.26623828125,-1.4464921875,1.82910546875,2.85654296875,-1.08393359375,5.24692578125,-0.51033203125,-16.37725390625,3.913609375,-0.316843750000001,-2.16523828125
-3.56166015625,-0.905375,2.30173828125,3.08434765625,0.0989531250000004,0.626187499999999,-5.42076953125,-0.82646875,-4.0486328125,0.97706640625,0.873390625,-1.91520703125,-8.18104296875,0.1989609375,1.99425390625,1.91828125,6.12612109375,-1.11571875,4.1346640625,2.29823828125,-1.9984921875,1.09410546875,3.11254296875,-0.53993359375,5.53092578125,0.41366796875,-15.77025390625,3.569609375,0.0391562499999996,-2.04523828125
-3.85666015625,-0.931375000000001,1.09273828125,2.46634765625,-0.210046875,-0.424812500000001,-4.63776953125,-3.05446875,-3.8226328125,0.13306640625,0.137390625,-2.82820703125,-7.65104296875,0.5009609375,1.95225390625,1.11228125,4.77012109375,-0.19371875,4.2636640625,2.92423828125,-2.2264921875,1.29310546875,4.11354296875,0.55806640625,6.15792578125,1.05166796875,-14.55225390625,3.359609375,1.00415625,-1.43023828125
-2.38966015625,0.279625,0.47973828125,3.05034765625,1.563953125,0.3961875,-1.66776953125,-4.88946875,-2.4776328125,0.82706640625,0.813390625,-2.27920703125,-4.97104296875,1.7899609375,2.90325390625,1.16228125,2.45612109375,1.47228125,5.0206640625,4.14523828125,-1.7354921875,2.81410546875,5.76354296875,2.03106640625,7.12692578125,1.49766796875,-12.87825390625,3.770609375,2.57915625,-0.37623828125
0.46533984375,2.331625,0.64673828125,4.48434765625,4.816953125,2.7021875,2.36823046875,-5.80546875,-0.4236328125,2.78406640625,2.675390625,-0.67420703125,-1.05404296875,3.6629609375,4.54525390625,2.00628125,-0.117878906249999,3.27728125,6.1556640625,5.56123828125,-0.5434921875,5.34510546875,7.48754296875,3.36106640625,8.08892578125,1.79266796875,-11.29625390625,4.733609375,4.28715625,0.79076171875
4.00633984375,4.686625,1.58173828125,6.24834765625,8.638953125,5.8021875,6.15723046875,-5.61446875,1.7953671875,5.46106640625,5.273390625,1.30979296875,2.88995703125,5.5779609375,6.47225390625,3.41628125,-2.30487890625,4.60228125,7.3516640625,6.79123828125,1.1235078125,8.13910546875,8.70954296875,4.14506640625,8.70992578125,2.02366796875,-10.31325390625,5.868609375,5.58315625,1.79876171875
7.65233984375,7.122625,3.33173828125,8.05734765625,12.352953125,9.1641875,8.96323046875,-4.31946875,3.9023671875,8.46206640625,8.312390625,3.26879296875,6.06095703125,7.2649609375,8.52525390625,5.32728125,-3.33387890625,5.24228125,8.5396640625,7.83223828125,3.1095078125,10.46610546875,9.28054296875,4.45806640625,8.98592578125,2.38866796875,-10.00225390625,6.872609375,6.26615625,2.64176171875
10.79433984375,9.476625,5.73773828125,9.67934765625,15.402953125,12.3071875,10.61323046875,-2.25546875,5.6743671875,11.34906640625,11.455390625,4.96879296875,8.02895703125,8.5219609375,10.54925390625,7.59028125,-2.65887890625,5.17328125,9.6326640625,8.76723828125,5.1255078125,11.63610546875,9.24254296875,4.54706640625,8.98492578125,2.87466796875,-10.22825390625,7.415609375,6.29915625,3.25976171875
12.56133984375,11.217625,8.12673828125,10.60334765625,17.057953125,14.5281875,11.05923046875,-0.16946875,6.6153671875,13.33506640625,14.016390625,6.03279296875,8.37095703125,8.8829609375,12.02325390625,9.63328125,-0.430878906249999,4.15128125,10.1846640625,9.34423828125,6.5285078125,10.96210546875,8.41354296875,4.33506640625,8.49192578125,3.04266796875,-11.02325390625,6.929609375,5.47715625,3.22576171875
12.23933984375,11.660625,9.64273828125,10.27234765625,16.657953125,15.1521875,10.32623046875,1.23253125,6.1753671875,13.57706640625,15.212390625,6.09979296875,6.82395703125,7.8599609375,12.28725390625,10.75028125,2.63812109375,1.90528125,9.6176640625,9.14923828125,6.6885078125,8.16710546875,6.54254296875,3.51906640625,7.22192578125,2.44166796875,-12.47925390625,4.922609375,3.58815625,2.06576171875
9.91433984375,10.578625,9.87773828125,8.61434765625,14.169953125,14.0511875,8.73723046875,1.81253125,4.3093671875,11.80606640625,14.725390625,5.23679296875,3.75195703125,5.4719609375,11.10025390625,10.68128125,5.77712109375,-1.37371875,7.7726640625,8.09823828125,5.5565078125,3.82810546875,3.76954296875,2.01806640625,5.27092578125,1.15966796875,-14.37325390625,1.493609375,0.817156249999999,-0.18723828125
6.49433984375,8.355625,8.98873828125,6.15134765625,10.300953125,11.7261875,6.83123046875,1.92153125,1.5923671875,8.49406640625,12.837390625,3.88979296875,0.11695703125,2.2929609375,8.76525390625,9.68828125,8.28512109375,-5.02271875,5.0136640625,6.48723828125,3.6435078125,-0.87989453125,0.62354296875,0.0470664062499999,3.07492578125,-0.28233203125,-16.22525390625,-2.683390625,-2.29384375,-2.98523828125
3.11533984375,5.661625,7.36573828125,3.67534765625,6.130953125,8.9721875,5.02923046875,1.89653125,-1.1016328125,4.53806640625,10.140390625,2.48479296875,-3.06104296875,-0.9190390625,5.83725390625,8.17528125,9.42112109375,-8.31771875,1.9156640625,4.65423828125,1.5475078125,-4.88989453125,-2.34545703125,-2.11593359375,1.01592578125,-1.45033203125,-17.65725390625,-6.792390625,-5.19684375,-5.68523828125
0.75133984375,3.275625,5.51773828125,2.01534765625,2.831953125,6.6511875,3.62823046875,1.89853125,-2.8626328125,1.05706640625,7.400390625,1.32479296875,-5.03804296875,-3.3980390625,3.00925390625,6.55028125,8.66512109375,-10.63671875,-0.8883359375,2.90623828125,-0.2684921875,-7.55689453125,-4.67145703125,-4.12693359375,-0.64907421875,-2.15333203125,-18.45725390625,-10.073390625,-7.40884375,-7.71423828125
0.156339843750001,2.092625,4.14873828125,1.94834765625,1.500953125,5.6211875,3.02323046875,2.13253125,-2.8826328125,-0.72593359375,5.548390625,0.76279296875,-5.34704296875,-4.3370390625,1.13625390625,5.34028125,6.22012109375,-11.36871875,-2.6693359375,1.68723828125,-1.3644921875,-8.51089453125,-5.82245703125,-5.41193359375,-1.57707421875,-2.22233203125,-18.37925390625,-11.793390625,-8.37284375,-8.48823828125
1.63533984375,2.767625,3.88873828125,3.82534765625,2.700953125,6.3751875,3.57023046875,2.81153125,-0.8476328125,0.0090664062500001,5.328390625,1.06779296875,-3.95104296875,-3.2020390625,0.907253906249999,4.99228125,2.97312109375,-10.16871875,-2.8583359375,1.40823828125,-1.4574921875,-7.69589453125,-5.40945703125,-5.43193359375,-1.45707421875,-1.55733203125,-17.26125390625,-11.522390625,-7.69684375,-7.62323828125
4.67333984375,5.138625,4.75173828125,7.11434765625,5.928953125,8.5601875,5.14723046875,3.84053125,2.6293671875,3.01806640625,6.729390625,2.04379296875,-1.52004296875,-0.2750390625,2.28325390625,5.44428125,-0.110878906249999,-7.42771875,-1.5123359375,2.00123828125,-0.7824921875,-5.64389453125,-3.66445703125,-4.24793359375,-0.436074218750001,-0.475332031250001,-15.39825390625,-9.607390625,-5.65384375,-5.41623828125
8.10433984375,8.255625,6.11973828125,10.58134765625,9.784953125,11.1021875,7.15123046875,4.81853125,6.2383671875,7.04506640625,9.001390625,3.12479296875,0.80295703125,3.3849609375,4.50325390625,6.16328125,-2.41287890625,-4.21871875,0.7016640625,2.93123828125,0.0215078125000001,-3.33789453125,-1.39945703125,-2.53393359375,0.88992578125,0.34666796875,-13.47625390625,-7.041390625,-3.16584375,-2.83723828125
10.88833984375,11.104625,7.37973828125,13.11834765625,12.888953125,12.9871875,9.04923046875,5.49353125,8.8473671875,10.69106640625,11.324390625,3.98179296875,2.19195703125,6.6519609375,6.74625390625,6.76328125,-3.54787890625,-1.56271875,3.0806640625,3.78323828125,0.5425078125,-1.55589453125,0.64354296875,-0.94193359375,2.04692578125,0.45266796875,-11.97425390625,-4.711390625,-1.12884375,-0.90023828125
12.59833984375,13.144625,8.33773828125,14.30634765625,14.555953125,13.8221875,10.66623046875,5.96553125,10.0753671875,13.11506640625,13.272390625,4.79479296875,2.61995703125,8.8679609375,8.60025390625,7.32428125,-3.30687890625,0.0702812499999999,5.2616640625,4.58323828125,0.9135078125,-0.51989453125,2.20154296875,0.33806640625,3.00992578125,-0.0913320312500003,-10.85725390625,-2.940390625,0.0581562499999997,-0.17023828125
13.17833984375,14.128625,8.97573828125,14.22934765625,14.688953125,13.6701875,11.83123046875,6.33053125,10.0763671875,13.99206640625,14.620390625,5.78179296875,2.55695703125,9.7249609375,9.86125390625,8.00328125,-1.90087890625,0.57628125,7.0086640625,5.44123828125,1.4085078125,-0.20689453125,3.20354296875,1.32106640625,3.86692578125,-1.02833203125,-9.93425390625,-1.784390625,0.317156249999999,-0.84123828125
12.59133984375,13.848625,9.16173828125,13.10034765625,13.421953125,12.6881875,12.09223046875,6.40253125,9.1323671875,13.26306640625,15.067390625,6.73179296875,2.49795703125,9.0619609375,10.29225390625,8.65128125,0.0161210937499998,-0.05171875,8.0086640625,6.19323828125,2.0195078125,-0.66789453125,3.46254296875,1.91206640625,4.50792578125,-2.20533203125,-9.20625390624999,-1.386390625,-0.34084375,-2.82723828125
10.98033984375,12.344625,8.85573828125,11.28534765625,11.147953125,11.1431875,11.06423046875,5.98153125,7.6543671875,11.25306640625,14.443390625,7.20579296875,2.85995703125,7.1039609375,9.84125390625,9.01928125,1.88212109375,-1.53171875,8.1386640625,6.63223828125,2.6005078125,-1.78989453125,2.93454296875,2.08706640625,4.85492578125,-3.30433203125,-8.67025390625,-1.757390625,-1.59184375,-5.47123828125
8.88133984375,10.136625,8.32273828125,9.37834765625,8.583953125,9.4861875,8.89323046875,5.17553125,6.2503671875,8.75206640625,12.951390625,6.96579296875,3.91595703125,4.6429609375,8.88225390625,9.08528125,3.64112109375,-3.11871875,7.7216640625,6.83923828125,3.1415078125,-3.02989453125,2.02954296875,2.13706640625,5.14792578125,-3.59533203125,-8.03325390625,-2.479390625,-2.63784375,-7.47723828125
6.95233984375,7.918625,7.83873828125,7.90134765625,6.435953125,8.0591875,6.14323046875,4.21653125,5.4213671875,6.56606640625,10.944390625,5.99679296875,5.39995703125,2.6229609375,7.91425390625,8.89328125,5.42512109375,-4.00871875,7.2396640625,6.98423828125,3.6105078125,-3.71789453125,1.34054296875,2.39706640625,5.68592578125,-2.36333203125,-6.94625390625,-2.961390625,-2.65484375,-7.57723828125
5.51833984375,6.099625,7.31073828125,6.97234765625,4.983953125,6.7941875,3.38723046875,3.13453125,5.2323671875,5.00206640625,8.578390625,4.35279296875,6.33995703125,1.5529609375,7.10625390625,8.27628125,6.99312109375,-3.88671875,6.8816640625,6.97423828125,3.7245078125,-3.55889453125,1.15954296875,2.84806640625,6.41192578125,0.41166796875,-5.41525390624999,-2.928390625,-1.41784375,-5.39123828125
4.57633984375,4.796625,6.44373828125,6.46034765625,4.163953125,5.4101875,1.10423046875,1.89053125,5.4833671875,3.93906640625,5.920390625,2.30479296875,5.69095703125,1.4709609375,6.34525390625,7.04328125,7.74612109375,-2.91171875,6.5636640625,6.56023828125,3.2075078125,-2.64789453125,1.46354296875,3.21406640625,6.99992578125,3.95266796875,-3.73225390624999,-2.464390625,0.67015625,-1.56323828125
4.03933984375,4.051625,5.16373828125,6.30934765625,3.873953125,3.8281875,-0.24476953125,0.68153125,6.0733671875,3.21306640625,3.245390625,0.48979296875,3.23295703125,2.2189609375,5.56925390625,5.34928125,7.19212109375,-1.35471875,6.2316640625,5.69323828125,2.1775078125,-1.16589453125,2.18354296875,3.32206640625,7.22892578125,7.13166796875,-2.14425390624999,-1.736390625,2.98115625,2.72376171875
3.66633984375,3.702625,3.59573828125,6.46634765625,3.924953125,2.1541875,-0.49076953125,-0.18146875,6.9243671875,2.65406640625,0.904390625,-0.46520703125,-0.21804296875,3.4449609375,4.75625390625,3.55328125,5.12012109375,0.43328125,5.8656640625,4.47623828125,1.0045078125,0.65310546875,3.17054296875,3.11406640625,6.99892578125,8.83866796875,-0.831253906249998,-0.960390625,4.86115625,6.16276171875
2.91333984375,3.185625,1.77773828125,6.61134765625,3.839953125,0.421187499999999,-0.0767695312499997,-0.65246875,7.6783671875,1.91506640625,-1.025609375,-0.51220703125,-3.31304296875,4.4709609375,3.72725390625,1.81128125,1.54912109375,1.87328125,5.2916640625,2.90723828125,-0.1324921875,2.37610546875,4.00554296875,2.44506640625,6.14592578125,8.27766796875,-0.0642539062499949,-0.498390625,5.67415625,7.63576171875
1.29833984375,1.928625,-0.21726171875,6.31434765625,3.130953125,-1.3338125,0.23923046875,-0.91146875,7.8343671875,0.71306640625,-2.650609375,-0.11720703125,-4.70704296875,4.6289609375,2.35925390625,0.12728125,-3.03787890625,2.43228125,4.3506640625,1.02423828125,-1.2284921875,3.58710546875,4.26754296875,1.26706640625,4.64992578125,5.49766796875,0.0117460937500056,-0.550390625,5.15315625,6.77176171875
-0.97066015625,0.0456249999999998,-1.91426171875,5.53134765625,1.870953125,-2.7318125,0.0922304687500003,-0.96946875,7.2683671875,-0.68193359375,-3.819609375,0.32479296875,-3.47204296875,3.8649609375,1.00325390625,-1.23671875,-7.34087890625,2.13828125,3.3036640625,-0.70376171875,-2.0784921875,4.27910546875,4.03054296875,0.0050664062500001,3.00492578125,1.74066796875,-0.233253906249999,-0.726390625,3.80815625,4.37876171875
-3.01066015625,-1.642375,-2.60326171875,4.66534765625,0.719953125,-3.1718125,-0.29276953125,-0.64046875,6.3473671875,-1.54493359375,-4.137609375,0.69979296875,0.330957031250001,2.7319609375,0.36025390625,-1.80871875,-9.60487890625,1.51928125,2.7146640625,-1.53976171875,-2.3244921875,4.72010546875,3.78354296875,-0.615933593749999,2.00692578125,-1.16433203125,-0.0862539062499934,-0.299390625,2.62515625,1.98276171875
-3.99166015625,-2.354375,-2.02326171875,4.12834765625,0.291953125,-2.4108125,-0.59276953125,0.0465312499999997,5.5063671875,-1.40293359375,-3.488609375,0.84779296875,5.26395703125,1.7469609375,0.789253906249999,-1.46571875,-8.73487890625,0.93128125,2.8376640625,-1.17376171875,-1.9744921875,4.86310546875,3.76454296875,-0.28293359375,1.98092578125,-2.10133203125,0.786746093750004,0.967609375,2.17215625,0.66576171875
-3.61866015625,-1.870375,-0.62226171875,4.09834765625,0.708953125,-0.8168125,-0.72576953125,0.74953125,4.9643671875,-0.42193359375,-2.255609375,0.47079296875,9.14495703125,0.9989609375,1.95925390625,-0.62071875,-5.09687890625,0.22928125,3.3336640625,-0.0187617187500004,-1.5424921875,4.21410546875,3.66854296875,0.61506640625,2.49592578125,-1.36033203125,2.04074609375,2.467609375,2.19815625,0.43876171875
-1.90866015625,-0.319375,0.98773828125,4.78834765625,1.827953125,1.0561875,-0.60876953125,1.30653125,4.9373671875,0.96606640625,-0.894609375,-0.40920703125,10.46795703125,0.4759609375,3.29525390625,0.28628125,-0.24787890625,-0.79871875,3.7186640625,1.30523828125,-1.4614921875,2.44610546875,3.12754296875,1.49806640625,2.92892578125,-0.0893320312500006,3.13874609375,3.326609375,2.14015625,0.71276171875
1.08533984375,2.143625,2.57473828125,6.60034765625,3.546953125,2.9321875,0.0732304687500003,2.03253125,5.7793671875,2.51806640625,0.481390625,-1.16020703125,9.31295703125,0.4219609375,4.49325390625,1.25128125,3.93012109375,-1.96871875,3.8656640625,2.51323828125,-1.6034921875,-0.10689453125,2.20054296875,2.12906640625,3.06892578125,0.668667968749999,3.89574609375001,3.099609375,1.75015625,1.02976171875
5.07633984375,5.200625,4.16773828125,9.74534765625,5.698953125,4.7331875,1.58223046875,3.33953125,7.6683671875,4.10606640625,1.946390625,-0.97120703125,6.92695703125,1.1519609375,5.50025390625,2.48228125,5.95212109375,-2.85471875,3.9586640625,3.59423828125,-1.5124921875,-2.71089453125,1.22654296875,2.54506640625,3.04792578125,0.430667968749999,4.41874609375,1.838609375,1.08515625,1.22176171875
9.31433984375,8.226625,5.71973828125,13.84034765625,7.928953125,6.3731875,3.79423046875,5.19953125,10.3243671875,5.53806640625,3.478390625,0.54979296875,4.72195703125,2.7439609375,6.31025390625,4.00128125,5.24912109375,-3.12971875,4.2326640625,4.53523828125,-0.8974921875,-4.73989453125,0.47254296875,2.78506640625,3.00292578125,-0.72433203125,4.82174609375001,-0.128390625,0.253156249999999,1.22876171875
12.85933984375,10.587625,7.14573828125,18.03734765625,9.943953125,7.8541875,6.33623046875,7.15853125,13.2303671875,6.74006640625,5.040390625,3.28079296875,3.68395703125,5.1099609375,7.04325390625,5.68928125,2.55412109375,-2.56871875,4.9666640625,5.37723828125,0.2875078125,-5.74689453125,0.17054296875,2.95306640625,3.06392578125,-2.17033203125,5.26674609375,-2.205390625,-0.539843750000001,1.12876171875
14.98433984375,11.975625,8.44473828125,21.39134765625,11.749953125,9.3551875,8.85023046875,8.66253125,15.9463671875,7.91306640625,6.689390625,6.74179296875,4.23495703125,8.1349609375,7.99325390625,7.44728125,-0.324878906249999,-0.98571875,6.4576640625,6.30623828125,1.9405078125,-5.40089453125,0.59554296875,3.30106640625,3.43292578125,-2.97333203125,6.03774609375,-3.586390625,-0.92884375,1.15976171875
15.19533984375,12.225625,9.45273828125,22.97834765625,13.349953125,10.9051875,10.86923046875,9.15853125,18.0153671875,9.18906640625,8.303390625,10.04479296875,6.07695703125,11.4089609375,9.23725390625,8.99428125,-1.63587890625,1.43028125,8.6446640625,7.31723828125,3.6605078125,-3.77889453125,1.74554296875,3.89606640625,4.08892578125,-2.56233203125,7.22274609375,-3.792390625,-0.753843750000001,1.37376171875
13.17433984375,11.065625,9.62173828125,22.00434765625,14.362953125,12.0651875,11.68823046875,8.15953125,18.8043671875,10.23306640625,9.325390625,11.95479296875,8.23595703125,14.0249609375,10.29525390625,9.68128125,-0.87787890625,3.85428125,10.8296640625,7.91323828125,4.6655078125,-1.63489453125,3.04254296875,4.31306640625,4.52792578125,-1.23733203125,8.41074609375001,-3.138390625,-0.413843750000001,1.35076171875
9.11433984375,8.426625,8.43773828125,18.31634765625,14.243953125,12.2471875,10.78823046875,5.66253125,17.8503671875,10.49506640625,9.151390625,11.53679296875,9.65295703125,15.0379609375,10.48525390625,8.92228125,1.04712109375,5.28028125,12.1006640625,7.47523828125,4.2855078125,0.000105468750000171,3.70854296875,3.98606640625,4.13892578125,0.15466796875,9.01274609375,-2.428390625,-0.54584375,0.57776171875
4.05233984375,4.914625,6.06173828125,12.86634765625,12.863953125,11.3151875,8.40223046875,2.50153125,15.4053671875,9.80506640625,7.758390625,8.89379296875,9.89995703125,14.2039609375,9.60025390625,6.84128125,2.74512109375,5.29628125,12.0846640625,5.94923828125,2.6205078125,0.56010546875,3.45854296875,2.87106640625,2.84992578125,0.99366796875,8.89274609375001,-2.192390625,-1.35684375,-0.89823828125
-0.545660156249999,1.589625,3.29873828125,7.34134765625,10.605953125,9.6551875,5.40123046875,-0.0584687500000003,12.3573671875,8.43606640625,5.730390625,5.10179296875,9.16595703125,12.0589609375,8.00125390625,4.24528125,3.25512109375,4.22828125,11.1216640625,3.91623828125,0.4805078125,0.14810546875,2.60254296875,1.51206640625,1.19092578125,1.12666796875,8.46674609375,-2.418390625,-2.49084375,-2.44423828125
-3.65166015625,-0.778375,0.94073828125,3.17834765625,7.949953125,7.7091875,2.62623046875,-1.19246875,9.5863671875,6.66306640625,3.701390625,1.44279296875,7.68995703125,9.3449609375,6.12425390625,1.96828125,2.38512109375,2.62528125,9.7976640625,2.04623828125,-1.2884921875,-0.85289453125,1.54154296875,0.49706640625,-0.236074218750001,0.56466796875,8.24074609375,-2.871390625,-3.48284375,-3.43223828125
-5.01066015625,-2.024375,-0.60626171875,0.974347656250001,5.242953125,5.7301875,0.56923046875,-0.87846875,7.5523671875,4.60506640625,2.048390625,-1.14120703125,5.54995703125,6.6229609375,4.22225390625,0.48828125,0.684121093750001,0.91328125,8.5876640625,0.752238281249999,-2.2114921875,-2.02189453125,0.50454296875,0.14006640625,-1.05707421875,-0.59433203125,8.53174609375,-3.298390625,-4.03384375,-3.60023828125
-4.76566015625,-2.240375,-1.14326171875,0.644347656250001,2.869953125,3.9751875,-0.41876953125,0.47153125,6.3973671875,2.51206640625,1.053390625,-2.04620703125,3.02595703125,4.3599609375,2.54725390625,0.0762812500000001,-0.84887890625,-0.50871875,7.8816640625,0.31123828125,-2.0684921875,-2.78289453125,-0.26145703125,0.62006640625,-1.00407421875,-1.87733203125,9.60474609375,-3.299390625,-3.87484375,-2.89723828125
-3.18066015625,-1.506375,-0.58026171875,1.73234765625,1.269953125,2.7871875,-0.0717695312499997,2.35753125,6.0623671875,0.84806640625,0.933390625,-1.06720703125,0.80395703125,2.9389609375,1.42425390625,0.86028125,-1.44787890625,-1.26971875,7.9496640625,0.89023828125,-0.8534921875,-2.53089453125,-0.43645703125,2.03306640625,0.0809257812499995,-2.50033203125,11.66474609375,-2.439390625,-2.78984375,-1.40623828125
-0.76966015625,-0.0383750000000003,0.83973828125,3.48834765625,0.619953125,2.3281875,1.46823046875,4.15953125,6.1933671875,-0.0779335937499999,1.585390625,1.34079296875,-0.395042968749999,2.4029609375,0.98525390625,2.57928125,-1.23187890625,-1.33771875,8.6906640625,2.29423828125,1.0105078125,-1.12189453125,0.05754296875,4.13606640625,1.94592578125,-1.97933203125,14.56474609375,-0.698390625,-0.943843750000001,0.45376171875
1.73633984375,1.777625,2.56073828125,5.05734765625,0.749953125,2.4951875,3.60423046875,5.22253125,6.2623671875,-0.27493359375,2.587390625,4.17379296875,-0.200042968749999,2.4679609375,1.13125390625,4.61428125,-1.00787890625,-1.04671875,9.6706640625,4.00523828125,2.7755078125,0.96110546875,0.98054296875,6.37406640625,3.95792578125,-0.507332031250001,17.78974609375,1.429609375,1.11615625,2.00976171875
3.83433984375,3.730625,4.19073828125,5.93534765625,1.500953125,3.2161875,5.75623046875,5.28653125,6.0283671875,0.23606640625,3.655390625,6.54379296875,1.39395703125,2.9699609375,1.88925390625,6.48628125,-1.28787890625,-0.64471875,10.5846640625,5.68423828125,3.9575078125,3.07110546875,2.17254296875,8.35506640625,5.65792578125,1.36866796875,20.93974609375,3.438609375,2.97815625,2.90076171875
5.46833984375,5.876625,5.73673828125,6.14234765625,2.908953125,4.5541875,7.68523046875,4.67353125,5.7253671875,1.58106640625,4.869390625,8.11479296875,4.04495703125,4.0659609375,3.51725390625,8.12028125,-1.73187890625,-0.0327187499999999,11.4696640625,7.40123828125,4.6405078125,4.82710546875,3.73554296875,10.09306640625,7.06692578125,3.16966796875,23.98574609375,5.190609375,4.67415625,3.37676171875
6.63033984375,8.057625,7.17973828125,5.84634765625,4.822953125,6.3181875,9.17923046875,3.86053125,5.6213671875,3.63006640625,6.241390625,8.80579296875,6.87395703125,5.7849609375,5.98725390625,9.44828125,-1.70287890625,0.85828125,12.3206640625,9.17623828125,5.0385078125,5.97210546875,5.60754296875,11.59106640625,8.27692578125,4.44266796875,26.88574609375,6.636609375,6.27815625,3.82976171875
7.01233984375,9.593625,8.10073828125,5.03334765625,6.592953125,7.8001875,9.74723046875,3.01953125,5.5973671875,5.69406640625,7.328390625,8.40879296875,8.61195703125,7.6189609375,8.58525390625,10.03828125,-1.10287890625,1.70028125,12.7236640625,10.53023828125,4.9965078125,6.15510546875,7.19754296875,12.43706640625,8.98092578125,4.66666796875,29.17574609375,7.473609375,7.47215625,4.23576171875
6.33333984375,9.756625,8.01373828125,3.74134765625,7.446953125,8.2261875,8.99223046875,2.16153125,5.3503671875,6.93906640625,7.548390625,6.80679296875,8.37295703125,8.8419609375,10.30925390625,9.42928125,-0.41987890625,2.04928125,12.1566640625,10.79223828125,4.1975078125,5.20510546875,7.75654296875,12.10306640625,8.70692578125,3.62266796875,30.22574609375,7.374609375,7.79115625,4.29476171875
4.82333984375,8.469625,6.92573828125,2.39034765625,7.117953125,7.4381875,7.17223046875,1.49353125,4.8333671875,7.04606640625,6.783390625,4.40479296875,6.28695703125,9.1079609375,10.61625390625,7.72028125,-0.17587890625,1.83528125,10.5276640625,9.72823828125,2.6845078125,3.47610546875,7.00654296875,10.50706640625,7.35792578125,1.74366796875,29.77574609375,6.405609375,7.14615625,3.90076171875
3.05233984375,6.292625,5.32373828125,1.56234765625,5.918953125,5.9541875,5.14223046875,1.31653125,4.2403671875,6.28006640625,5.454390625,2.00579296875,3.22995703125,8.5249609375,9.63925390625,5.54528125,-0.65387890625,1.29728125,8.2236640625,7.64923828125,0.8785078125,1.62110546875,5.19654296875,8.05106640625,5.24492578125,-0.23133203125,28.00774609375,4.931609375,5.84215625,3.15976171875
1.42333984375,3.906625,3.71673828125,1.50934765625,4.385953125,4.5191875,3.79223046875,1.66953125,3.6903671875,5.11406640625,4.136390625,0.31979296875,0.08195703125,7.3349609375,7.90625390625,3.60528125,-1.97887890625,0.59128125,5.7586640625,5.08923828125,-0.7994921875,0.05810546875,2.73754296875,5.26006640625,2.75992578125,-1.92133203125,25.26274609375,3.214609375,4.20315625,2.08276171875
0.15233984375,1.918625,2.51673828125,2.13134765625,3.122953125,3.8381875,3.76023046875,2.38253125,3.2493671875,4.09706640625,3.397390625,-0.21420703125,-2.52104296875,5.8789609375,6.18625390625,2.47628125,-3.98087890625,-0.21571875,3.6606640625,2.69023828125,-2.0344921875,-1.08689453125,0.10654296875,2.68506640625,0.316925781249999,-3.40733203125,22.04374609375,1.411609375,2.51015625,0.60476171875
-0.375660156249999,1.004625,2.19873828125,3.31534765625,2.852953125,4.5491875,5.46623046875,3.40653125,3.1973671875,3.93906640625,3.841390625,0.71179296875,-3.93104296875,4.7649609375,5.45625390625,2.69828125,-5.91587890625,-0.85771875,2.5626640625,1.28423828125,-2.4574921875,-1.67589453125,-1.99645703125,1.02506640625,-1.45007421875,-4.77533203125,19.19674609375,-0.112390625,1.20915625,-1.08223828125
0.31033984375,1.715625,3.13773828125,4.96334765625,4.150953125,6.9661875,8.91223046875,4.79953125,3.9433671875,5.21806640625,5.845390625,3.12079296875,-3.54504296875,4.6489609375,6.48425390625,4.54728125,-6.71487890625,-0.94871875,2.9766640625,1.57923828125,-1.7884921875,-1.57689453125,-2.86845703125,0.90106640625,-1.86807421875,-5.87733203125,17.67674609375,-0.863390625,0.79715625,-2.53023828125
2.21433984375,3.947625,5.14873828125,6.70534765625,6.937953125,10.6681875,13.33523046875,6.36053125,5.5863671875,7.83106640625,9.088390625,6.40379296875,-1.28404296875,5.6859609375,9.22625390625,7.61428125,-5.73587890625,-0.41071875,4.8446640625,3.61123828125,-0.2104921875,-1.00489453125,-2.31145703125,2.37606640625,-0.713074218750001,-6.50333203125,17.97374609375,-0.664390625,1.40615625,-3.38223828125
4.67133984375,6.859625,7.48273828125,7.93434765625,10.444953125,14.5781875,17.37223046875,7.60453125,7.7703671875,10.95506640625,12.588390625,9.47279296875,2.21695703125,7.4379609375,12.81025390625,10.87928125,-3.20087890625,0.45828125,7.5346640625,6.68723828125,1.6835078125,-0.50189453125,-0.70345703125,4.92306640625,1.67292578125,-6.47433203125,19.92674609375,0.222609375,2.75815625,-3.48123828125
6.80133984375,9.409625,9.36073828125,8.24834765625,13.739953125,17.5811875,19.80423046875,8.17253125,9.9973671875,13.63006640625,15.312390625,11.42579296875,6.00595703125,9.3419609375,16.16625390625,13.35528125,0.0651210937500011,1.40328125,10.3416640625,9.93123828125,3.3895078125,-0.44889453125,1.47354296875,7.90506640625,4.76092578125,-5.52633203125,23.07674609375,1.484609375,4.56215625,-2.66223828125
7.93333984375,10.808625,10.32973828125,7.66034765625,16.108953125,18.9751875,20.04223046875,8.04653125,11.8143671875,15.19906640625,16.615390625,11.92579296875,9.21495703125,11.0209609375,18.51025390625,14.51028125,3.05212109375,2.38428125,12.7996640625,12.65023828125,4.7135078125,-0.82389453125,3.90154296875,10.85006640625,8.04392578125,-3.49433203125,26.91374609375,2.960609375,6.67015625,-0.83623828125
7.62433984375,10.528625,10.11073828125,6.31134765625,16.961953125,18.4061875,18.00923046875,7.27753125,12.6773671875,15.22406640625,16.165390625,10.95579296875,11.07695703125,12.0959609375,19.28525390625,14.10128125,4.75312109375,3.24728125,14.5036640625,14.23923828125,5.4815078125,-1.49689453125,6.18354296875,13.23806640625,10.84592578125,-0.76633203125,30.73274609375,4.384609375,8.76515625,1.58776171875
5.70133984375,8.359625,8.53273828125,4.28834765625,15.807953125,15.7981875,13.98923046875,5.83653125,11.9993671875,13.42106640625,13.858390625,8.59879296875,10.95495703125,12.0869609375,18.11525390625,12.07028125,4.43812109375,3.55528125,15.0036640625,14.16823828125,5.4225078125,-2.44589453125,7.73054296875,14.45506640625,12.37592578125,1.70866796875,33.65174609375,5.279609375,10.24815625,3.68476171875
2.58233984375,4.772625,5.85673828125,1.86834765625,12.624953125,11.5891875,8.80323046875,3.90653125,9.6183671875,9.98006640625,10.081390625,5.26879296875,8.64095703125,10.7739609375,15.12425390625,8.82728125,2.08412109375,2.97428125,14.1176640625,12.39223828125,4.5415078125,-3.50889453125,8.16654296875,14.22406640625,12.25192578125,3.07766796875,35.07874609375,5.332609375,10.67115625,4.68076171875
-0.66866015625,0.962625,2.90473828125,-0.337652343749999,8.074953125,6.8041875,3.78723046875,2.07853125,6.0773671875,5.71306640625,5.792390625,1.85079296875,4.49295703125,8.4739609375,11.08725390625,5.36228125,-1.58187890625,1.63328125,12.1626640625,9.56423828125,3.3715078125,-4.23589453125,7.64154296875,12.89906640625,10.83792578125,3.14566796875,35.03574609375,4.699609375,10.10115625,4.50176171875
-2.96466015625,-1.806375,0.55073828125,-1.78465234375,3.142953125,2.5641875,0.18123046875,0.97453125,2.2723671875,1.59906640625,2.026390625,-0.72420703125,-0.88404296875,5.7469609375,6.97125390625,2.70928125,-5.64387890625,-0.0947187500000002,9.6746640625,6.57623828125,2.5605078125,-4.25589453125,6.55654296875,11.10206640625,8.85792578125,2.23566796875,33.88274609375,3.744609375,8.87915625,3.56876171875
-3.84966015625,-2.923375,-0.82026171875,-2.42765234375,-1.364046875,-0.461812500000001,-1.49176953125,0.81153125,-1.0526328125,-1.73493359375,-0.633609375,-1.99120703125,-6.89504296875,3.0199609375,3.41825390625,1.34528125,-9.42087890625,-1.93171875,7.0536640625,4.00723828125,2.3525078125,-3.66789453125,5.17554296875,9.24306640625,6.85392578125,0.79866796875,31.92374609375,2.676609375,7.25815625,2.31276171875
-3.47866015625,-2.454375,-1.22926171875,-2.60565234375,-4.847046875,-2.0548125,-1.33576953125,1.46853125,-3.3776328125,-3.97193359375,-2.001609375,-1.91020703125,-12.65204296875,0.6599609375,0.76825390625,1.23528125,-12.20987890625,-3.59471875,4.6476640625,2.13823828125,2.6445078125,-2.82589453125,3.72554296875,7.56906640625,5.14992578125,-0.59333203125,29.49874609375,1.664609375,5.49915625,1.10576171875
-2.24166015625,-0.787375,-0.73526171875,-2.62765234375,-6.767046875,-2.1868125,0.33723046875,2.77353125,-4.3006328125,-4.83493359375,-1.986609375,-0.59120703125,-16.70604296875,-0.8270390625,-0.673746093750001,2.20028125,-12.99387890625,-4.59071875,2.9736640625,1.22523828125,3.3205078125,-1.91389453125,2.64454296875,6.43006640625,4.06292578125,-1.22833203125,27.21974609375,1.060609375,4.11215625,0.38976171875
-0.70566015625,1.416625,0.49873828125,-2.73065234375,-6.884046875,-1.0918125,3.04823046875,4.41153125,-3.7816328125,-4.24593359375,-0.689609375,1.61279296875,-17.60504296875,-1.0890390625,-0.77674609375,3.91328125,-10.99287890625,-4.49971875,2.4676640625,1.36523828125,4.2255078125,-1.01289453125,2.32954296875,6.12206640625,3.71692578125,-0.73433203125,25.69874609375,1.138609375,3.56915625,0.41476171875
0.28833984375,3.167625,1.93373828125,-3.23865234375,-5.606046875,0.546187499999999,5.95923046875,5.71153125,-2.4136328125,-2.64393359375,1.336390625,3.91079296875,-14.91804296875,-0.3610390625,0.120253906249999,5.73328125,-6.61387890625,-3.45571875,3.0696640625,2.20523828125,4.9475078125,-0.43789453125,2.68554296875,6.52106640625,3.72892578125,0.38366796875,25.05374609375,1.661609375,3.81015625,0.84076171875
0.00633984375000018,3.592625,2.87573828125,-4.37565234375,-3.750046875,1.8861875,8.14123046875,5.94753125,-1.0916328125,-0.77593359375,3.317390625,5.42479296875,-9.62004296875,0.7099609375,1.40225390625,6.97628125,-1.55187890625,-2.04771875,4.2846640625,3.14323828125,5.0305078125,-0.59789453125,3.22654296875,7.20806640625,3.45092578125,0.99966796875,24.91474609375,2.032609375,4.29015625,0.93476171875
-1.52566015625,2.608625,3.05673828125,-5.86265234375,-1.926046875,2.5291875,9.18523046875,4.94553125,-0.3156328125,0.90106640625,4.822390625,5.84879296875,-3.49804296875,1.6729609375,2.72325390625,7.45928125,2.17712109375,-0.74571875,5.6616640625,3.87723828125,4.4465078125,-1.49189453125,3.63554296875,7.94806640625,2.57692578125,0.24766796875,24.90974609375,1.910609375,4.53815625,0.21476171875
-3.49866015625,0.924625,2.71173828125,-7.01465234375,-0.352046875,2.6381875,9.29823046875,3.18653125,0.00636718750000004,2.33106640625,5.869390625,5.53079296875,1.67995703125,2.4749609375,4.09225390625,7.49528125,3.24512109375,0.30728125,6.9556640625,4.49323828125,3.5635078125,-2.62889453125,3.94454296875,8.78706640625,1.28892578125,-1.97733203125,24.87874609375,1.421609375,4.40715625,-1.25023828125
-4.99566015625,-0.672375,2.11473828125,-7.33465234375,0.797953125,2.4931875,8.82523046875,1.29953125,0.1303671875,3.46306640625,6.501390625,4.91179296875,4.67095703125,3.0919609375,5.45425390625,7.34028125,1.32612109375,0.99928125,7.8866640625,5.04423828125,2.6405078125,-3.51389453125,4.19754296875,9.67606640625,-0.147074218750001,-5.20233203125,24.69074609375,0.793609375,3.85815625,-3.11623828125
-5.49566015625,-1.790375,1.33573828125,-6.82665234375,1.270953125,2.2211875,7.96223046875,-0.27546875,0.1723671875,4.08806640625,6.620390625,4.18679296875,5.05595703125,3.3699609375,6.53625390625,6.97428125,-2.98187890625,1.14828125,8.1326640625,5.40223828125,1.6595078125,-3.94389453125,4.30754296875,10.37506640625,-1.56007421875,-8.63733203125,24.23274609375,0.143609375,2.87115625,-4.98123828125
-4.80566015625,-2.243375,0.52373828125,-5.76065234375,1.087953125,2.0131875,6.99623046875,-1.14446875,0.2673671875,4.19306640625,6.316390625,3.55979296875,3.38295703125,3.3199609375,7.20025390625,6.45828125,-8.28487890625,0.81228125,7.6956640625,5.60523828125,0.7235078125,-3.82989453125,4.33754296875,10.80806640625,-2.62107421875,-11.23133203125,23.69374609375,-0.328390625,1.69015625,-6.31723828125
-2.96166015625,-1.874375,0.0347382812499997,-4.45265234375,0.696953125,2.2271875,6.43823046875,-0.92146875,0.6303671875,4.11806640625,6.019390625,3.39679296875,0.785957031250001,3.2359609375,7.64325390625,6.13028125,-12.81387890625,0.36328125,7.0066640625,5.98623828125,0.2515078125,-3.10689453125,4.55554296875,11.19606640625,-2.80007421875,-11.97133203125,23.55274609375,-0.309390625,0.80315625,-6.59823828125
-0.42166015625,-0.796375,0.0647382812499999,-3.41265234375,0.539953125,3.0261875,6.63223046875,0.41153125,1.2273671875,4.14006640625,6.092390625,3.88679296875,-1.82204296875,3.2889609375,8.04925390625,6.24128125,-15.18787890625,0.0582812499999998,6.4626640625,6.74423828125,0.5855078125,-2.02989453125,5.00954296875,11.64406640625,-1.86507421875,-10.52933203125,24.05374609375,0.223609375,0.458156249999999,-5.75023828125
1.96433984375,0.485625,0.41473828125,-3.32265234375,0.643953125,4.1201875,7.41323046875,2.32953125,1.5873671875,4.14206640625,6.479390625,4.75479296875,-4.15104296875,3.2549609375,8.31525390625,6.65428125,-14.92987890625,-0.22971875,6.0586640625,7.63523828125,1.6515078125,-1.24089453125,5.31154296875,11.88206640625,-0.183074218750001,-7.49233203125,24.90974609375,0.847609375,0.43815625,-4.28523828125
3.54233984375,1.504625,0.83173828125,-4.52465234375,0.778953125,5.0501875,8.35123046875,4.17353125,1.1823671875,3.89106640625,6.919390625,5.57079296875,-6.16504296875,2.8369609375,8.31225390625,7.12828125,-12.35187890625,-0.64271875,5.6136640625,8.29723828125,3.2055078125,-1.23489453125,5.07654296875,11.61906640625,1.65092578125,-3.80833203125,25.68674609375,1.191609375,0.47815625,-2.76323828125
4.29633984375,2.216625,1.35773828125,-6.64765234375,0.789953125,5.5761875,9.10423046875,5.58453125,-0.1276328125,3.40706640625,7.285390625,6.13779296875,-7.65004296875,2.0579609375,8.19025390625,7.66628125,-8.27887890625,-0.92971875,5.1176640625,8.65923828125,5.1665078125,-1.86289453125,4.39654296875,10.94606640625,3.30292578125,-0.156332031250001,26.27974609375,1.409609375,0.697156249999999,-1.30323828125
4.52233984375,2.747625,2.07373828125,-8.95365234375,0.536953125,5.5781875,9.34223046875,6.38053125,-2.1766328125,2.79706640625,7.455390625,6.38079296875,-8.38604296875,1.0809609375,8.13825390625,8.29528125,-4.00787890625,-0.69671875,4.6126640625,8.78623828125,7.4255078125,-2.54289453125,3.62654296875,10.13706640625,4.61792578125,3.03066796875,26.79074609375,1.950609375,1.36315625,0.20176171875
4.25733984375,2.944625,2.70473828125,-10.95765234375,-0.270046875,4.7961875,8.55423046875,6.26153125,-4.7786328125,1.93406640625,7.077390625,6.04579296875,-8.46904296875,-0.1440390625,8.00725390625,8.68928125,-1.09687890625,0.14328125,3.9236640625,8.52223828125,9.5205078125,-2.76689453125,2.93354296875,9.24206640625,5.31692578125,5.28466796875,27.16274609375,3.020609375,2.41415625,1.63076171875
3.28433984375,2.502625,2.79073828125,-12.52965234375,-1.820046875,3.0111875,6.35923046875,5.01153125,-7.6406328125,0.63406640625,5.811390625,4.87579296875,-8.11804296875,-1.7330390625,7.47425390625,8.37128125,-0.626878906249999,1.42428125,2.8446640625,7.63823828125,10.8545078125,-2.20189453125,2.32754296875,8.17806640625,5.14792578125,6.29566796875,27.24374609375,4.540609375,3.53315625,2.69976171875
1.58633984375,1.410625,2.18473828125,-13.60065234375,-3.823046875,0.4361875,3.01023046875,2.92253125,-10.1376328125,-0.92393359375,3.781390625,3.01979296875,-7.31704296875,-3.4710390625,6.50425390625,7.22828125,-2.54487890625,3.10328125,1.5226640625,6.25023828125,11.1975078125,-0.56689453125,1.99454296875,7.11506640625,4.25292578125,6.28766796875,27.11374609375,6.440609375,4.56615625,3.37476171875
-0.52466015625,-0.0273750000000001,1.08773828125,-14.12165234375,-5.656046875,-2.3258125,-0.63276953125,0.71753125,-11.5596328125,-2.27393359375,1.535390625,1.00479296875,-6.03004296875,-4.8880390625,5.38125390625,5.58728125,-5.85387890625,5.22728125,0.3996640625,4.79323828125,10.7385078125,2.12410546875,2.20454296875,6.42406640625,3.08392578125,5.86266796875,27.01174609375,8.621609375,5.56115625,3.88176171875
-2.65366015625,-1.532375,-0.30426171875,-14.29565234375,-6.884046875,-4.6838125,-3.60876953125,-0.95346875,-11.6626328125,-3.10793359375,-0.394609375,-0.64720703125,-4.72004296875,-5.7060390625,4.34625390625,3.86328125,-9.32387890625,7.57128125,-0.2183359375,3.60523828125,9.7325078125,5.19410546875,2.90454296875,6.27006640625,1.95792578125,5.45666796875,26.96474609375,10.671609375,6.46115625,4.34476171875
-4.38566015625,-2.905375,-1.83326171875,-14.50465234375,-7.397046875,-6.2058125,-5.13176953125,-1.74146875,-10.7676328125,-3.38193359375,-1.637609375,-1.52320703125,-4.25104296875,-5.9340390625,3.52025390625,2.43928125,-11.80387890625,9.65728125,-0.2963359375,2.84023828125,8.4245078125,7.56210546875,3.72654296875,6.55206640625,0.992925781249999,5.18366796875,26.79774609375,11.990609375,7.09715625,4.72676171875
-5.16666015625,-3.779375,-3.09926171875,-14.91965234375,-7.145046875,-6.4838125,-4.58376953125,-1.44446875,-9.3596328125,-3.02893359375,-1.800609375,-1.15320703125,-5.13604296875,-5.5730390625,3.12525390625,1.82528125,-12.18687890625,11.17928125,0.1656640625,2.71323828125,7.2665078125,8.49910546875,4.41754296875,7.21306640625,0.41092578125,5.12266796875,26.50974609375,12.292609375,7.48315625,5.07976171875
-4.55766015625,-3.758375,-3.56626171875,-15.38865234375,-6.100046875,-5.2748125,-1.76276953125,-0.0314687500000002,-7.8386328125,-1.97193359375,-0.592609375,0.80679296875,-7.06804296875,-4.5870390625,3.40625390625,2.46728125,-9.77587890625,12.11528125,1.1386640625,3.44623828125,6.7895078125,7.97910546875,4.96454296875,8.28006640625,0.52392578125,5.39666796875,26.32474609375,11.733609375,7.79015625,5.51176171875
-2.79066015625,-2.917375,-3.08826171875,-15.74965234375,-4.566046875,-2.9208125,2.64723046875,2.07253125,-6.6106328125,-0.50393359375,1.711390625,4.04279296875,-9.19704296875,-3.2510390625,4.20425390625,4.22028125,-4.98787890625,12.41128125,2.3016640625,4.85923828125,7.1075078125,6.36110546875,5.27254296875,9.53306640625,1.31792578125,5.89866796875,26.31974609375,10.531609375,7.95115625,5.82576171875
-0.79066015625,-1.893375,-2.08526171875,-15.97765234375,-3.203046875,-0.368812500000001,7.13823046875,4.06853125,-6.0416328125,0.68706640625,4.204390625,7.51879296875,-10.60804296875,-2.1700390625,4.92225390625,6.29628125,0.591121093750001,11.91428125,3.0666640625,6.31323828125,7.8155078125,4.08710546875,5.08854296875,10.47706640625,2.34092578125,6.27066796875,26.28574609375,8.778609375,7.59915625,5.50776171875
0.51233984375,-1.303375,-1.09026171875,-15.98565234375,-2.546046875,1.4161875,10.18323046875,5.37853125,-6.1036328125,1.04306640625,5.924390625,10.11979296875,-10.55404296875,-1.7780390625,5.05025390625,7.87228125,5.11212109375,10.77928125,3.0766640625,7.25223828125,8.4945078125,1.76310546875,4.40554296875,10.82806640625,3.17092578125,6.32266796875,26.09874609375,6.739609375,6.54215625,4.25976171875
0.77233984375,-1.312375,-0.38726171875,-15.58665234375,-2.706046875,1.9271875,10.94623046875,5.98453125,-6.3306328125,0.48806640625,6.340390625,11.24679296875,-8.75004296875,-2.0290390625,4.53325390625,8.59428125,7.39012109375,9.61328125,2.4606640625,7.57023828125,9.0815078125,0.0831054687500004,3.63454296875,10.77006640625,3.73792578125,6.20566796875,25.95774609375,4.994609375,5.07515625,2.34076171875
0.11533984375,-1.827375,-0.17026171875,-14.85165234375,-3.648046875,1.0001875,9.30423046875,6.09353125,-6.3226328125,-0.84993359375,5.285390625,10.78579296875,-5.78804296875,-2.7190390625,3.50325390625,8.42428125,7.04612109375,8.98628125,1.5026640625,7.35923828125,9.6215078125,-0.68789453125,3.15654296875,10.59206640625,4.07492578125,6.02566796875,26.06874609375,3.998609375,3.65215625,0.26776171875
-1.17666015625,-2.781375,-0.71426171875,-14.27165234375,-5.455046875,-1.3838125,5.64823046875,5.73053125,-6.1366328125,-2.94293359375,2.775390625,8.91779296875,-3.05604296875,-3.8210390625,1.96425390625,7.38328125,4.27612109375,8.94128125,0.2706640625,6.59623828125,9.9685078125,-0.99889453125,2.90654296875,10.30306640625,4.04792578125,5.57366796875,26.33474609375,3.692609375,2.50015625,-1.58623828125
-2.63566015625,-3.965375,-2.04426171875,-14.31665234375,-8.048046875,-4.8998125,0.93323046875,4.87753125,-6.0076328125,-5.63593359375,-0.785609375,6.22179296875,-1.85204296875,-5.2780390625,-0.00374609375000023,5.73528125,-0.13787890625,9.18828125,-1.2153359375,5.35323828125,9.9895078125,-1.54289453125,2.62254296875,9.81606640625,3.58292578125,4.65966796875,26.54474609375,3.714609375,1.71815625,-2.92223828125
-3.59066015625,-4.857375,-3.65426171875,-14.94665234375,-10.844046875,-8.6958125,-3.39276953125,3.77753125,-5.9106328125,-8.35493359375,-4.456609375,3.69679296875,-2.47604296875,-6.7050390625,-1.96874609375,4.14128125,-4.82387890625,9.52228125,-2.7033359375,4.04523828125,9.8455078125,-2.60489453125,2.26654296875,9.27106640625,2.93692578125,3.52566796875,26.68874609375,3.817609375,1.47715625,-3.38623828125
-3.63466015625,-5.030375,-4.87126171875,-15.75065234375,-13.014046875,-11.7798125,-6.06076953125,2.79253125,-5.6436328125,-10.40393359375,-7.220609375,2.21979296875,-4.22404296875,-7.6430390625,-3.41874609375,3.24128125,-8.32687890625,9.81228125,-3.8883359375,3.14123828125,9.7435078125,-4.01889453125,1.93754296875,8.86606640625,2.43792578125,2.61666796875,26.80474609375,3.819609375,1.79315625,-2.85723828125
-3.09666015625,-4.670375,-5.42526171875,-16.40165234375,-14.072046875,-13.6308125,-6.70576953125,2.05953125,-5.1986328125,-11.49093359375,-8.615609375,1.93379296875,-6.03404296875,-8.0240390625,-4.22774609375,3.08928125,-9.78487890625,9.77428125,-4.7653359375,2.68223828125,9.5475078125,-5.51489453125,1.53954296875,8.50206640625,2.04892578125,2.10866796875,26.67774609375,3.410609375,2.25515625,-1.76923828125
-2.76266015625,-4.400375,-5.47826171875,-16.75565234375,-14.010046875,-14.2928125,-5.83076953125,1.55353125,-4.7536328125,-11.73293359375,-8.776609375,2.33979296875,-6.99704296875,-8.1210390625,-4.60874609375,3.23628125,-9.14687890625,9.16828125,-5.5383359375,2.36323828125,8.9125078125,-6.77789453125,0.89954296875,7.94006640625,1.48992578125,1.92766796875,26.03074609375,2.399609375,2.34015625,-0.80123828125
-3.15066015625,-4.666375,-5.24826171875,-16.66565234375,-13.034046875,-14.0298125,-4.18676953125,1.38453125,-4.3606328125,-11.26993359375,-8.032609375,2.87879296875,-6.53804296875,-8.1230390625,-4.72174609375,3.26928125,-6.95787890625,8.18828125,-6.2313359375,1.99323828125,7.7465078125,-7.29989453125,0.13054296875,7.22206640625,0.689925781249999,2.09866796875,24.95174609375,1.117609375,1.98115625,-0.28123828125
-4.23966015625,-5.532375,-4.94526171875,-16.06165234375,-11.478046875,-13.1848125,-2.42976953125,1.72953125,-3.9316328125,-10.22193359375,-6.772609375,3.17579296875,-4.68904296875,-8.0570390625,-4.61474609375,2.96928125,-4.22787890625,7.35928125,-6.6763359375,1.58623828125,6.2465078125,-6.62589453125,-0.43645703125,6.63406640625,-0.18607421875,2.68366796875,23.84474609375,0.221609375,1.54815625,-0.11923828125
-5.76666015625,-6.939375,-4.98826171875,-15.21765234375,-9.929046875,-12.2928125,-1.20776953125,2.47253125,-3.5176328125,-8.96793359375,-5.597609375,2.87979296875,-2.28004296875,-8.0480390625,-4.51174609375,2.09428125,-2.27387890625,7.01228125,-6.8383359375,1.06523828125,4.5605078125,-4.81889453125,-0.70045703125,6.29006640625,-1.08007421875,3.40266796875,22.97974609375,0.063609375,1.31915625,-0.20623828125
-7.40966015625,-8.766375,-5.83126171875,-14.59665234375,-9.040046875,-11.9228125,-1.10176953125,3.21453125,-3.2986328125,-8.07093359375,-5.180609375,1.70979296875,-0.537042968749999,-8.2790390625,-4.77574609375,0.41428125,-2.10687890625,7.13828125,-6.8593359375,0.24623828125,2.7395078125,-2.42989453125,-0.84845703125,6.05606640625,-2.08607421875,3.69666796875,22.35874609375,0.489609375,1.28115625,-0.53123828125
-8.67366015625,-10.587375,-7.44726171875,-14.35665234375,-9.048046875,-12.2688125,-2.28776953125,3.68553125,-3.2436328125,-7.82293359375,-5.798609375,-0.22220703125,-0.26304296875,-8.6320390625,-5.50374609375,-1.91871875,-3.67287890625,7.69528125,-6.7613359375,-0.82576171875,1.0255078125,0.0431054687500003,-0.96045703125,5.89606640625,-3.12907421875,3.29266796875,22.02074609375,1.235609375,1.43515625,-0.90723828125
-9.03166015625,-11.755375,-9.25926171875,-14.21765234375,-9.689046875,-13.0698125,-4.45676953125,3.87853125,-3.0486328125,-8.08493359375,-7.196609375,-2.42620703125,-1.46204296875,-8.6810390625,-6.42874609375,-4.35771875,-5.86887890625,8.71028125,-6.3973359375,-1.83676171875,-0.1874921875,2.40110546875,-0.89445703125,5.96306640625,-3.94507421875,2.44566796875,22.11474609375,2.166609375,1.90515625,-0.99423828125
-8.39166015625,-11.918375,-10.68226171875,-13.88165234375,-10.595046875,-13.9948125,-7.14576953125,3.77653125,-2.4926328125,-8.64293359375,-8.962609375,-4.45520703125,-3.63704296875,-8.1770390625,-7.29574609375,-6.42771875,-7.47587890625,9.98328125,-5.7923359375,-2.61176171875,-0.7774921875,4.45010546875,-0.64345703125,6.23506640625,-4.47407421875,1.58066796875,22.57474609375,3.083609375,2.64815625,-0.72223828125
-7.18366015625,-11.239375,-11.48926171875,-13.33865234375,-11.535046875,-14.8598125,-9.88576953125,3.25653125,-1.6026328125,-9.40893359375,-10.762609375,-6.08420703125,-6.07904296875,-7.2740390625,-8.05274609375,-7.94771875,-8.00587890625,11.03928125,-5.2503359375,-3.25776171875,-1.0124921875,5.83810546875,-0.47545703125,6.39506640625,-4.96707421875,0.97166796875,23.02074609375,3.667609375,3.34915625,-0.39323828125
-5.86466015625,-10.025375,-11.61026171875,-12.67665234375,-12.194046875,-15.4008125,-12.00576953125,2.42353125,-0.3926328125,-10.16193359375,-12.156609375,-7.01020703125,-7.83904296875,-6.1980390625,-8.58674609375,-8.72671875,-7.73187890625,11.58728125,-4.9793359375,-3.78576171875,-1.0764921875,6.37710546875,-0.55845703125,6.23506640625,-5.52307421875,0.84966796875,23.15874609375,3.829609375,3.78915625,-0.24523828125
-4.56066015625,-8.438375,-10.94326171875,-11.88565234375,-12.076046875,-15.1868125,-12.67376953125,1.75153125,1.2683671875,-10.43493359375,-12.562609375,-6.74620703125,-7.91004296875,-4.9600390625,-8.57074609375,-8.39271875,-7.26887890625,11.80928125,-4.8483359375,-3.89076171875,-0.7854921875,6.25910546875,-0.70045703125,5.93506640625,-5.83007421875,1.41966796875,23.03674609375,3.852609375,4.03515625,-0.21123828125
-3.31366015625,-6.727375,-9.62726171875,-11.04565234375,-10.916046875,-14.0028125,-11.48276953125,1.66953125,3.3033671875,-9.93593359375,-11.712609375,-5.10220703125,-5.90904296875,-3.6110390625,-7.84274609375,-6.81171875,-7.27687890625,11.99928125,-4.6883359375,-3.34076171875,0.0445078125,5.73510546875,-0.68545703125,5.75706640625,-5.56607421875,2.46866796875,22.74374609375,3.958609375,4.09215625,-0.30323828125
-2.37866015625,-5.413375,-8.21526171875,-10.47265234375,-9.026046875,-12.1808125,-8.87576953125,2.17653125,5.1703671875,-8.90393359375,-9.992609375,-2.57220703125,-2.54104296875,-2.4920390625,-6.72174609375,-4.45671875,-8.15487890625,12.12928125,-4.6163359375,-2.36676171875,1.1915078125,4.76510546875,-0.63045703125,5.68506640625,-4.84907421875,3.21666796875,22.10274609375,3.941609375,3.63615625,-0.92023828125
-1.98666015625,-4.922375,-7.24926171875,-10.41265234375,-7.036046875,-10.3308125,-5.79476953125,3.05053125,6.2183671875,-7.82093359375,-8.112609375,0.0197929687499997,0.81695703125,-1.9480390625,-5.70874609375,-2.08371875,-9.55987890625,11.99828125,-4.8493359375,-1.41476171875,2.2405078125,3.22910546875,-0.76945703125,5.59706640625,-4.05307421875,2.89766796875,20.93674609375,3.493609375,2.39015625,-2.43423828125
-2.01666015625,-5.153375,-6.75826171875,-10.73665234375,-5.439046875,-8.8858125,-3.04276953125,4.22553125,6.1933671875,-6.96193359375,-6.553609375,2.11279296875,2.97895703125,-1.9400390625,-5.03974609375,-0.17371875,-10.33987890625,11.58328125,-5.3723359375,-0.68676171875,3.0135078125,1.28310546875,-1.06745703125,5.57406640625,-3.38907421875,1.46366796875,19.44874609375,2.692609375,0.61115625,-4.61023828125
-2.21266015625,-5.687375,-6.42326171875,-11.16565234375,-4.572046875,-8.0838125,-1.11076953125,5.68453125,5.1973671875,-6.44893359375,-5.515609375,3.50279296875,3.38795703125,-2.2340390625,-4.74174609375,1.08928125,-9.32387890625,10.94828125,-6.0463359375,-0.19176171875,3.5135078125,-0.77189453125,-1.36245703125,5.70806640625,-2.94207421875,-0.475332031250001,18.05774609375,1.898609375,-1.09784375,-6.74423828125
-2.59666015625,-6.290375,-6.08626171875,-11.68465234375,-4.806046875,-8.1798125,-0.33476953125,7.17253125,3.3313671875,-6.55693359375,-5.174609375,4.07779296875,2.04295703125,-2.8310390625,-4.95474609375,1.54428125,-6.30387890625,9.96528125,-6.9263359375,-0.0707617187500005,3.6175078125,-2.84889453125,-1.73045703125,5.74806640625,-2.93707421875,-2.23533203125,16.94274609375,1.283609375,-2.35884375,-8.27123828125
-3.32666015625,-6.919375,-5.80526171875,-12.45865234375,-6.327046875,-9.2928125,-0.77176953125,8.35253125,0.7053671875,-7.54893359375,-5.611609375,3.85279296875,-0.55504296875,-3.9060390625,-5.83174609375,1.14528125,-2.14887890625,8.49028125,-8.1583359375,-0.49876171875,3.1955078125,-4.97089453125,-2.38345703125,5.26806640625,-3.58707421875,-3.32633203125,16.03374609375,0.786609375,-3.12184375,-8.98323828125
-4.25766015625,-7.397375,-5.52726171875,-13.41965234375,-8.730046875,-11.0798125,-1.95276953125,9.21553125,-2.2596328125,-9.24893359375,-6.531609375,3.18179296875,-3.45304296875,-5.3690390625,-7.16674609375,0.27428125,1.87012109375,6.77928125,-9.6053359375,-1.31376171875,2.4985078125,-6.89189453125,-3.23945703125,4.19306640625,-4.68607421875,-3.35433203125,15.36474609375,0.453609375,-3.33784375,-8.77923828125
-4.98466015625,-7.477375,-5.11326171875,-14.24165234375,-11.158046875,-12.8768125,-3.12876953125,10.01153125,-4.8706328125,-11.08793359375,-7.409609375,2.56779296875,-5.69004296875,-6.8190390625,-8.47574609375,-0.45671875,4.60312109375,5.41328125,-10.8853359375,-2.08976171875,2.0515078125,-8.14189453125,-3.94445703125,2.85406640625,-5.69407421875,-2.16533203125,15.10174609375,0.463609375,-2.90684375,-7.61223828125
-5.37166015625,-7.278375,-4.70926171875,-14.71265234375,-12.910046875,-14.2328125,-3.87376953125,10.76053125,-6.5826328125,-12.62293359375,-7.985609375,2.17179296875,-6.91704296875,-7.9510390625,-9.47974609375,-0.78771875,5.12912109375,4.75228125,-11.7923359375,-2.62776171875,2.1095078125,-8.50989453125,-4.34245703125,1.55306640625,-6.29307421875,-0.196332031250001,15.20474609375,0.789609375,-1.97184375,-5.74323828125
-5.71766015625,-7.291375,-4.73726171875,-14.87265234375,-13.732046875,-15.1058125,-4.23176953125,11.11653125,-7.1646328125,-13.73293359375,-8.359609375,1.76879296875,-7.49004296875,-8.7110390625,-10.24374609375,-0.96271875,3.01512109375,4.72128125,-12.4303359375,-3.09076171875,2.4695078125,-8.19089453125,-4.60845703125,0.35606640625,-6.59807421875,1.64866796875,15.37574609375,1.172609375,-0.954843750000001,-3.73723828125
-6.35066015625,-7.851375,-5.40426171875,-14.74865234375,-13.552046875,-15.5298125,-4.32176953125,10.79753125,-6.4986328125,-14.29793359375,-8.603609375,1.19479296875,-7.93004296875,-9.0330390625,-10.79674609375,-1.27171875,-1.21287890625,5.13528125,-12.8963359375,-3.60376171875,2.8275078125,-7.42789453125,-4.89045703125,-0.65393359375,-6.82707421875,2.67466796875,15.42074609375,1.482609375,-0.176843750000001,-2.07123828125
-7.30966015625,-8.832375,-6.47326171875,-14.27765234375,-12.325046875,-15.4028125,-4.11376953125,9.88553125,-4.5866328125,-14.06393359375,-8.565609375,0.55779296875,-8.50304296875,-8.7560390625,-10.95174609375,-1.74871875,-6.12387890625,5.87728125,-13.1593359375,-4.05876171875,3.0085078125,-6.32089453125,-5.13245703125,-1.30093359375,-7.08007421875,2.79866796875,15.39674609375,1.797609375,0.285156249999999,-0.96023828125
-8.46066015625,-9.902375,-7.59726171875,-13.57965234375,-10.273046875,-14.7128125,-3.67776953125,8.63453125,-1.8696328125,-12.97193359375,-8.171609375,-0.0612070312500004,-9.24004296875,-7.9620390625,-10.60874609375,-2.38771875,-10.18287890625,6.66928125,-13.3233359375,-4.40076171875,2.7715078125,-5.10889453125,-5.36545703125,-1.62493359375,-7.52607421875,2.27766796875,15.30074609375,2.006609375,0.291156249999999,-0.61623828125
-9.54366015625,-10.732375,-8.56926171875,-13.00465234375,-7.952046875,-13.6568125,-3.27276953125,7.30353125,0.7623671875,-11.34993359375,-7.582609375,-0.72620703125,-9.95204296875,-7.0690390625,-9.94974609375,-3.25671875,-12.51587890625,7.02928125,-13.7163359375,-4.78376171875,1.8065078125,-4.29689453125,-5.83445703125,-1.96093359375,-8.41407421875,1.40566796875,14.90874609375,1.652609375,-0.46884375,-1.32023828125
-9.95666015625,-10.810375,-9.09626171875,-12.69065234375,-5.839046875,-12.3568125,-2.93676953125,6.31753125,2.5663671875,-9.54993359375,-6.870609375,-1.26920703125,-10.06004296875,-6.3750390625,-9.11574609375,-4.16771875,-12.96087890625,6.73128125,-14.4633359375,-5.21576171875,0.1995078125,-4.24589453125,-6.60445703125,-2.47593359375,-9.64407421875,0.60266796875,14.13274609375,0.431609375,-2.06084375,-3.01423828125
-8.84766015625,-9.448375,-8.67026171875,-12.30465234375,-4.004046875,-10.6788125,-2.24276953125,6.27953125,3.4443671875,-7.63893359375,-5.787609375,-1.08620703125,-8.79304296875,-5.7210390625,-7.94574609375,-4.50971875,-11.79687890625,6.09728125,-15.1933359375,-5.30776171875,-1.3204921875,-4.82489453125,-7.28545703125,-2.84993359375,-10.54907421875,0.46366796875,13.31474609375,-1.337390625,-3.96884375,-5.05323828125
-5.82866015625,-6.370375,-6.99426171875,-11.43165234375,-2.368046875,-8.5728125,-0.74776953125,7.49153125,3.7193671875,-5.62693359375,-4.116609375,0.37079296875,-5.96604296875,-4.8210390625,-6.27474609375,-3.75371875,-9.71287890625,5.59928125,-15.3803359375,-4.65376171875,-1.9014921875,-5.65089453125,-7.41345703125,-2.63493359375,-10.40607421875,1.31666796875,12.92474609375,-2.948390625,-5.40684375,-6.58623828125
-1.57366015625,-2.224375,-4.41626171875,-10.09265234375,-1.083046875,-6.4198125,1.43523046875,9.53853125,3.6523671875,-3.80693359375,-2.094609375,2.98179296875,-2.45704296875,-3.7400390625,-4.31274609375,-2.00271875,-7.73987890625,5.31528125,-14.8763359375,-3.32176171875,-1.2534921875,-6.49889453125,-6.96345703125,-1.78993359375,-9.07207421875,2.84866796875,13.11074609375,-3.866390625,-5.85584375,-7.10823828125
2.49933984375,1.704625,-1.70026171875,-8.70665234375,-0.414046874999999,-4.8178125,3.67023046875,11.56753125,3.3413671875,-2.56493359375,-0.263609375,5.99579296875,0.362957031250001,-2.8190390625,-2.49774609375,0.11828125,-6.74787890625,4.99328125,-13.9573359375,-1.75776171875,0.3105078125,-7.27589453125,-6.28545703125,-0.65493359375,-6.98607421875,4.36666796875,13.69874609375,-3.924390625,-5.19284375,-6.53423828125
5.05233984375,4.222625,0.49573828125,-7.72265234375,-0.428046875,-4.1278125,5.21323046875,12.86553125,2.8853671875,-2.03493359375,0.938390625,8.47379296875,1.61195703125,-2.3280390625,-1.13274609375,1.95028125,-6.88087890625,4.42628125,-13.0523359375,-0.38976171875,2.2475078125,-7.82589453125,-5.75845703125,0.384066406250001,-4.78007421875,5.30066796875,14.42274609375,-3.264390625,-3.60784375,-5.05823828125
5.30233984375,4.602625,1.73273828125,-7.53165234375,-1.062046875,-4.4238125,5.39923046875,13.02953125,2.2913671875,-2.18893359375,1.235390625,9.53179296875,1.19595703125,-2.4480390625,-0.39474609375,2.95928125,-7.58287890625,3.49628125,-12.6463359375,0.43923828125,3.9185078125,-8.12389453125,-5.74145703125,0.94606640625,-3.13307421875,5.27566796875,14.87774609375,-2.418390625,-1.72884375,-3.27123828125
3.12833984375,2.677625,1.70273828125,-8.48565234375,-2.333046875,-5.6648125,3.74923046875,11.87953125,1.3663671875,-3.07993359375,0.416390625,8.52379296875,-0.543042968749999,-3.3820390625,-0.476746093750001,2.74528125,-8.06087890625,2.05428125,-13.2103359375,0.39923828125,4.6415078125,-8.49589453125,-6.62345703125,0.62406640625,-2.70007421875,4.03466796875,14.50774609375,-2.231390625,-0.574843750000001,-2.14223828125
-0.66966015625,-0.816375,0.58773828125,-10.51365234375,-4.053046875,-7.4788125,0.52023046875,9.73553125,0.1063671875,-4.53293359375,-1.294609375,5.64479296875,-2.98704296875,-4.9960390625,-1.23774609375,1.48428125,-7.55387890625,0.26528125,-14.6833359375,-0.41576171875,4.2315078125,-9.19589453125,-8.36145703125,-0.55793359375,-3.57807421875,1.84066796875,13.14874609375,-3.112390625,-0.781843750000001,-2.30023828125
-4.18766015625,-3.987375,-0.44126171875,-12.59765234375,-5.308046875,-8.7608125,-2.72076953125,7.84153125,-0.7116328125,-5.55693359375,-2.719609375,2.52179296875,-5.04804296875,-6.2460390625,-1.64774609375,0.48928125,-5.42787890625,-0.82671875,-15.8903359375,-0.91876171875,3.6645078125,-9.63689453125,-9.82945703125,-1.53493359375,-4.66807421875,0.0466679687499996,11.74374609375,-4.187390625,-1.66184375,-3.09423828125
-4.99666015625,-4.408375,0.48573828125,-12.97065234375,-4.607046875,-7.9068125,-3.49976953125,8.10153125,0.3613671875,-4.47893359375,-1.978609375,1.78579296875,-5.34004296875,-5.3760390625,0.0102539062499996,1.88828125,-1.51487890625,0.52628125,-14.8233359375,0.736238281249999,4.8855078125,-8.35589453125,-9.03345703125,-0.42293359375,-3.93607421875,0.79166796875,12.18374609375,-3.462390625,-1.26184375,-2.63923828125
-1.41666015625,-0.502375,4.76173828125,-10.16365234375,-0.837046875,-3.8018125,0.12323046875,11.98653125,4.4973671875,0.0130664062500001,2.359390625,5.56979296875,-2.90204296875,-1.0040390625,5.04525390625,7.31028125,3.50012109375,5.69128125,-9.8683359375,5.96923828125,9.5735078125,-4.00589453125,-4.33345703125,4.30006640625,0.327925781249999,5.67766796875,16.11274609375,0.861609375,2.35215625,0.93876171875
6.39733984375,7.348625,12.17073828125,-4.09565234375,5.747953125,3.2311875,8.12823046875,19.42753125,11.5653671875,7.73606640625,10.111390625,13.99479296875,2.10495703125,6.7329609375,13.21325390625,16.54028125,8.21212109375,14.47128125,-1.0883359375,14.53023828125,17.7985078125,3.45110546875,4.24354296875,12.54606640625,8.16192578125,14.44266796875,23.62074609375,8.944609375,9.58515625,8.03776171875
16.06333984375,16.529625,20.40673828125,3.34934765625,13.074953125,11.0371875,17.90123046875,28.25053125,19.6113671875,16.44306640625,18.945390625,24.45079296875,8.10495703125,15.6049609375,22.16825390625,26.89228125,11.02512109375,24.47028125,9.1306640625,23.88223828125,27.2705078125,12.00810546875,14.30454296875,21.96806640625,17.22292578125,24.34766796875,32.52774609375,18.542609375,18.42015625,16.68576171875
23.04333984375,22.442625,25.11773828125,8.27534765625,17.226953125,15.6761875,24.37823046875,34.13953125,24.7733671875,21.75206640625,24.404390625,31.68479296875,11.99795703125,21.2489609375,27.45625390625,33.25828125,10.30412109375,30.99928125,16.1196640625,29.20223828125,33.2435078125,17.41810546875,21.02954296875,27.92306640625,22.71792578125,30.28666796875,38.32474609375,24.934609375,24.26315625,22.36076171875
21.43333984375,19.337625,20.64573828125,5.45334765625,13.069953125,12.0701875,21.09423046875,31.36853125,21.9183671875,17.85906640625,20.716390625,28.89579296875,9.45095703125,17.8939609375,23.28325390625,29.08728125,4.13012109375,27.86328125,13.8456640625,24.25123828125,29.3785078125,13.85510546875,18.02954296875,24.29606640625,18.29792578125,25.77966796875,35.01274609375,21.807609375,20.81415625,18.82876171875
6.16433984375,2.399625,2.15173828125,-9.66165234375,-3.830046875,-4.1048125,2.66523046875,14.98853125,6.5953671875,-0.25393359375,2.987390625,10.38879296875,-3.55804296875,0.5629609375,4.73125390625,8.91028125,-9.33287890625,9.74328125,-2.7433359375,3.77423828125,10.2415078125,-3.82889453125,-0.18045703125,5.86606640625,-1.45407421875,5.45666796875,17.44574609375,3.723609375,2.58915625,0.65576171875
-23.76766015625,-29.188375,-31.21326171875,-37.99065234375,-34.281046875,-33.5958125,-31.81176953125,-15.96146875,-22.0456328125,-33.52393359375,-29.620609375,-24.83620703125,-28.04804296875,-31.6800390625,-29.01474609375,-28.12471875,-30.37587890625,-24.33071875,-34.4853359375,-33.05076171875,-25.1534921875,-36.69289453125,-34.63045703125,-28.29593359375,-37.49307421875,-31.48033203125,-15.33625390625,-30.358390625,-31.51384375,-33.25523828125
-63.31966015625,-70.341375,-74.31426171875,-75.01865234375,-73.616046875,-71.7948125,-76.76776953125,-56.48046875,-59.4306328125,-76.73593359375,-71.955609375,-70.99420703125,-60.18004296875,-73.7070390625,-72.68674609375,-76.14071875,-56.38787890625,-68.85171875,-76.1193359375,-80.53376171875,-71.2074921875,-79.56789453125,-79.73545703125,-72.75993359375,-84.19507421875,-79.22433203125,-58.10225390625,-74.959390625,-76.08784375,-77.54023828125
-63.31966015625,-70.341375,-74.31426171875,-75.01865234375,-73.616046875,-71.7948125,-76.76776953125,-56.48046875,-59.4306328125,-76.73593359375,-71.955609375,-70.99420703125,-60.18004296875,-73.7070390625,-72.68674609375,-76.14071875,-56.38787890625,-68.85171875,-76.1193359375,-80.53376171875,-71.2074921875,-79.56789453125,-79.73545703125,-72.75993359375,-84.19507421875,-79.22433203125,-58.10225390625,-74.959390625,-76.08784375,-77.54023828125
