"Fp1","Fpz","Fp2","F7","F3","Fz","F4","F8","FC5","FC1","FC2","FC6","T7","C3","Cz","C4","T8","CP5","CP1","CP2","CP6","P7","P3","Pz","P4","P8","POz","O1","Oz","O2"
30.1679765625,26.05614453125,33.19463671875,52.9079921875,17.56848828125,-0.1260703125,14.17674609375,29.92443359375,2.17135546875,-1.16660546875,-0.0973398437499998,-0.544296875,5.47710546875,-1.16246875,-2.0059609375,0.60935546875,7.08948828125,-0.6237890625,-1.31587890625,4.7971015625,3.7007734375,1.0591484375,-2.5504453125,-4.66303515625,-2.2926484375,13.15960546875,5.5918828125,-2.0683828125,3.50247265625,17.73824609375
29.8689765625,24.29514453125,30.88863671875,53.2139921875,18.11148828125,-0.0160703125000001,14.35074609375,29.81343359375,3.06335546875,-1.16760546875,-0.54433984375,0.0767031249999999,5.81110546875,-0.85546875,-2.5799609375,-0.24164453125,8.54148828125,-0.1097890625,-1.00987890625,3.6031015625,3.4077734375,1.5561484375,-2.7664453125,-5.44503515625,-1.6106484375,13.38160546875,4.8148828125,-2.4723828125,3.19247265625,18.80724609375
28.5359765625,22.37114453125,28.31863671875,53.0799921875,18.38948828125,0.1449296875,14.21974609375,29.01543359375,3.75335546875,-0.86460546875,-0.63133984375,0.325703125,6.64610546875,-0.47646875,-2.7539609375,-0.61364453125,9.10548828125,0.6242109375,-0.49487890625,3.1241015625,3.0167734375,2.6691484375,-2.5864453125,-5.55003515625,-1.1546484375,13.20560546875,4.6258828125,-2.4013828125,3.17847265625,19.31424609375
26.3879765625,20.42214453125,25.68163671875,52.4669921875,18.41648828125,0.3919296875,13.89074609375,27.58743359375,4.21335546875,-0.24660546875,-0.26333984375,0.326703125,7.82110546875,0.02353125,-2.4559609375,-0.41464453125,8.75948828125,1.5242109375,0.28012109375,3.4851015625,2.6067734375,4.2021484375,-1.9614453125,-4.92703515625,-0.8176484375,12.66460546875,5.1168828125,-1.8153828125,3.53747265625,19.25124609375
24.0289765625,18.65714453125,23.32363671875,51.4189921875,18.26048828125,0.7059296875,13.53874609375,25.79243359375,4.42235546875,0.54939453125,0.48766015625,0.309703125,8.95810546875,0.62553125,-1.7759609375,0.26835546875,7.67248828125,2.3912109375,1.26912109375,4.5621015625,2.2787734375,5.6231484375,-1.0134453125,-3.77803515625,-0.4366484375,11.92160546875,6.1888828125,-0.8473828125,4.23347265625,18.79624609375
22.1019765625,17.22514453125,21.56063671875,49.9989921875,17.95948828125,0.9689296875,13.24874609375,23.91543359375,4.33335546875,1.25639453125,1.36466015625,0.424703125,9.65010546875,1.19553125,-0.968960937499999,1.15735546875,6.01848828125,2.9342109375,2.31112109375,5.9961015625,2.0737734375,6.3011484375,-0.0284453125000001,-2.48903515625,0.0643515624999997,11.16560546875,7.5778828125,0.2376171875,5.09247265625,18.20924609375
21.0089765625,16.16914453125,20.55863671875,48.2639921875,17.48048828125,0.9949296875,12.92174609375,22.12943359375,3.87535546875,1.56739453125,1.99466015625,0.610703125,9.64210546875,1.50253125,-0.379960937499999,1.85835546875,3.93248828125,2.8932109375,3.14712109375,7.3041015625,1.9157734375,5.8431484375,0.6485546875,-1.48803515625,0.5963515625,10.49260546875,8.9418828125,1.1486171875,5.85447265625,17.70924609375
20.8609765625,15.49314453125,20.33463671875,46.3199921875,16.77248828125,0.6259296875,12.34174609375,20.50343359375,3.01835546875,1.24939453125,2.03866015625,0.582703125,8.90510546875,1.31453125,-0.300960937499999,1.98935546875,1.58748828125,2.1842109375,3.51512109375,8.0541015625,1.6297734375,4.3351484375,0.7675546875,-1.07103515625,0.9263515625,9.86560546875,9.9748828125,1.6776171875,6.28847265625,17.39224609375
21.5859765625,15.24914453125,20.84263671875,44.3849921875,15.85548828125,-0.1520703125,11.35274609375,19.10343359375,1.83535546875,0.27039453125,1.35466015625,-0.0202968750000001,7.62910546875,0.52853125,-0.834960937499999,1.34235546875,-0.68051171875,0.9792109375,3.26512109375,8.0321015625,1.0467734375,2.3201484375,0.3085546875,-1.27903515625,0.8193515625,9.17260546875,10.5268828125,1.7756171875,6.32047265625,17.24224609375
23.0159765625,15.56814453125,22.01963671875,42.7669921875,14.86748828125,-1.1420703125,10.00674609375,18.05643359375,0.54535546875,-1.12960546875,0.10766015625,-1.379296875,6.15210546875,-0.71346875,-1.7999609375,0.0183554687499997,-2.35551171875,-0.3127890625,2.47112109375,7.3351015625,0.1447734375,0.5621484375,-0.4694453125,-1.87803515625,0.2103515625,8.37260546875,10.6648828125,1.5906171875,6.11347265625,17.22824609375
24.8839765625,16.55214453125,23.74563671875,41.7409921875,14.01548828125,-1.9870703125,8.58574609375,17.53043359375,-0.53764453125,-2.48260546875,-1.27033984375,-3.275296875,4.83910546875,-2.02346875,-2.7749609375,-1.55864453125,-2.91251171875,-1.1957890625,1.44412109375,6.3251015625,-0.8872265625,-0.2728515625,-1.1254453125,-2.45303515625,-0.7026484375,7.60060546875,10.6248828125,1.4156171875,6.00647265625,17.37124609375
26.7959765625,18.11914453125,25.75463671875,41.4109921875,13.47848828125,-2.3410703125,7.50074609375,17.67243359375,-1.13564453125,-3.30560546875,-2.27233984375,-5.104296875,3.91510546875,-2.92146875,-3.2959609375,-2.80564453125,-2.12351171875,-1.3077890625,0.59512109375,5.4531015625,-1.7172265625,0.1231484375,-1.2524453125,-2.62503515625,-1.5576484375,7.10960546875,10.6518828125,1.5396171875,6.31947265625,17.72724609375
28.2919765625,19.93514453125,27.63563671875,41.6629921875,13.33748828125,-2.0510703125,7.12974609375,18.53743359375,-1.13264453125,-3.33460546875,-2.53733984375,-6.155296875,3.35910546875,-3.06646875,-3.0929609375,-3.23664453125,-0.25751171875,-0.596789062500001,0.23312109375,5.0471015625,-2.0472265625,1.6101484375,-0.7004453125,-2.25503515625,-2.0306484375,7.10560546875,10.8238828125,2.0956171875,7.14547265625,18.28624609375
29.0139765625,21.52614453125,28.95863671875,42.2169921875,13.56248828125,-1.2180703125,7.65274609375,20.03343359375,-0.59164453125,-2.61460546875,-1.97833984375,-5.942296875,2.96410546875,-2.38746875,-2.1979609375,-2.65464453125,2.02948828125,0.6932109375,0.44312109375,5.2071015625,-1.7482265625,3.7041484375,0.3815546875,-1.49203515625,-1.9916484375,7.59960546875,11.0208828125,3.0116171875,8.29347265625,18.92124609375
28.8569765625,22.48014453125,29.44563671875,42.7649921875,14.06748828125,-0.1000703125,8.97274609375,21.90643359375,0.31135546875,-1.41860546875,-0.75033984375,-4.416296875,2.53710546875,-1.06546875,-0.879960937499999,-1.18764453125,4.06648828125,2.1932109375,1.10212109375,5.8291015625,-0.8882265625,5.8111484375,1.6625546875,-0.65803515625,-1.5126484375,8.40960546875,11.0578828125,4.0906171875,9.41347265625,19.43824609375
28.0069765625,22.60114453125,29.07263671875,43.0869921875,14.76648828125,1.0369296875,10.77374609375,23.82143359375,1.37535546875,-0.0826054687500001,0.85066015625,-1.953296875,2.06810546875,0.57153125,0.502039062500001,0.80235546875,5.51448828125,3.5832109375,1.98312109375,6.7131015625,0.3247734375,7.4411484375,2.8175546875,-0.0560351562499997,-0.7786484375,9.25160546875,10.8428828125,5.1226171875,10.20247265625,19.67524609375
26.8209765625,21.94314453125,28.02363671875,43.1119921875,15.60348828125,2.0059296875,12.64574609375,25.48143359375,2.40535546875,1.10039453125,2.46866015625,0.807703125,1.73110546875,2.15453125,1.6320390625,2.84735546875,6.43848828125,4.6702109375,2.84412109375,7.6381015625,1.6297734375,8.3301484375,3.6305546875,0.13996484375,0.0123515624999997,9.86860546875,10.4268828125,5.9406171875,10.50847265625,19.57524609375
25.6319765625,20.71414453125,26.56663671875,42.8849921875,16.50648828125,2.7039296875,14.20374609375,26.69243359375,3.22435546875,1.92139453125,3.76066015625,3.187703125,1.72910546875,3.34753125,2.2950390625,4.51035546875,7.10748828125,5.3592109375,3.46512109375,8.3861015625,2.7837734375,8.4601484375,3.9945546875,-0.10203515625,0.7063515625,10.12460546875,9.9358828125,6.4016171875,10.32847265625,19.19124609375
24.5679765625,19.16314453125,24.92863671875,42.4819921875,17.31048828125,3.0649296875,15.14674609375,27.33743359375,3.69235546875,2.26739453125,4.46966015625,4.679703125,2.12810546875,3.92053125,2.3960390625,5.48035546875,7.70748828125,5.6062109375,3.66912109375,8.7381015625,3.6097734375,8.0011484375,3.8715546875,-0.72903515625,1.1983515625,10.04060546875,9.4558828125,6.3766171875,9.72147265625,18.62924609375
23.5269765625,17.47914453125,23.22863671875,41.9469921875,17.76048828125,3.0389296875,15.30974609375,27.33843359375,3.73335546875,2.11839453125,4.48466015625,5.103703125,2.80610546875,3.79253125,1.9530390625,5.63135546875,8.16148828125,5.3932109375,3.34112109375,8.4931015625,4.0197734375,7.1931484375,3.2625546875,-1.66403515625,1.4183515625,9.74860546875,8.9618828125,5.7626171875,8.74047265625,17.96524609375
22.2979765625,15.77614453125,21.50163671875,41.3149921875,17.63148828125,2.6039296875,14.73174609375,26.70043359375,3.36635546875,1.54539453125,3.86066015625,4.640703125,3.54410546875,3.05153125,1.0890390625,5.01835546875,8.16348828125,4.7352109375,2.46612109375,7.5341015625,4.0037734375,6.2421484375,2.2195546875,-2.81903515625,1.3083515625,9.40460546875,8.3448828125,4.5566171875,7.42647265625,17.20524609375
20.7459765625,14.14214453125,19.76463671875,40.6739921875,16.89348828125,1.8139296875,13.66974609375,25.55243359375,2.73835546875,0.72139453125,2.80466015625,3.727703125,4.18110546875,1.94753125,0.0120390625000006,3.85235546875,7.40148828125,3.7402109375,1.16112109375,5.9121015625,3.6207734375,5.3141484375,0.8895546875,-4.08203515625,0.8353515625,9.10660546875,7.5088828125,2.9276171875,5.86047265625,16.31524609375
18.9129765625,12.68314453125,18.07163671875,40.1899921875,15.76548828125,0.8189296875,12.47574609375,24.12143359375,2.11135546875,-0.10060546875,1.60466015625,2.834703125,4.70410546875,0.82353125,-1.0169609375,2.42935546875,5.81248828125,2.6452109375,-0.31787890625,3.8601015625,2.9837734375,4.5811484375,-0.4624453125,-5.30703515625,0.0263515624999997,8.86060546875,6.4658828125,1.2306171875,4.21547265625,15.29324609375
17.0019765625,11.51414453125,16.51463671875,40.0489921875,14.59848828125,-0.1780703125,11.39274609375,22.62443359375,1.77235546875,-0.68060546875,0.50066015625,2.208703125,5.18310546875,-0.00746874999999997,-1.7889609375,1.02835546875,3.67248828125,1.7562109375,-1.65787890625,1.7061015625,2.1987734375,4.2251484375,-1.5334453125,-6.35103515625,-1.0376484375,8.58960546875,5.3348828125,-0.1133828125,2.73347265625,14.20024609375
15.3039765625,10.72714453125,15.19063671875,40.3459921875,13.68348828125,-1.0250703125,10.43074609375,21.18043359375,1.88735546875,-0.91560546875,-0.41233984375,1.730703125,5.64110546875,-0.40546875,-2.2499609375,-0.21264453125,1.50648828125,1.2982109375,-2.62087890625,-0.269898437500001,1.3047734375,4.3401484375,-2.1294453125,-7.15503515625,-2.2506484375,8.16560546875,4.2628828125,-0.8103828125,1.62647265625,13.13824609375
14.1229765625,10.36514453125,14.18763671875,41.0129921875,13.12348828125,-1.6800703125,9.42174609375,19.80143359375,2.39135546875,-0.90360546875,-1.19133984375,1.035703125,6.00410546875,-0.45946875,-2.5219609375,-1.31064453125,-0.14551171875,1.2802109375,-3.13387890625,-1.9238984375,0.2677734375,4.8171484375,-2.2774453125,-7.76303515625,-3.5046484375,7.48560546875,3.3368828125,-0.8423828125,0.984472656249999,12.20924609375
13.6889765625,10.42314453125,13.59463671875,41.8209921875,12.84548828125,-2.1830703125,8.19474609375,18.44343359375,3.01135546875,-0.85960546875,-1.91633984375,-0.178296875,6.18710546875,-0.41446875,-2.7919609375,-2.33864453125,-0.92451171875,1.4752109375,-3.28087890625,-3.2228984375,-0.9242265625,5.3341484375,-2.1994453125,-8.25903515625,-4.6576484375,6.56660546875,2.6008828125,-0.4413828125,0.77547265625,11.50924609375
14.0539765625,10.84014453125,13.47463671875,42.4559921875,12.70148828125,-2.5810703125,6.73874609375,17.08243359375,3.39435546875,-0.97260546875,-2.56433984375,-1.867296875,6.21110546875,-0.52846875,-3.1689609375,-3.28864453125,-0.75751171875,1.5392109375,-3.23087890625,-4.1628984375,-2.1532265625,5.4851484375,-2.1784453125,-8.67603515625,-5.5136484375,5.60360546875,2.1068828125,0.0606171875000003,0.90347265625,11.13724609375
15.0089765625,11.46614453125,13.79063671875,42.6529921875,12.58848828125,-2.8760703125,5.25174609375,15.79443359375,3.25835546875,-1.29860546875,-3.00933984375,-3.604296875,6.19610546875,-0.95446875,-3.6229609375,-4.03164453125,0.17548828125,1.1712109375,-3.14687890625,-4.7168984375,-3.1552265625,4.9631484375,-2.4174453125,-8.94703515625,-5.8766484375,4.90660546875,1.9478828125,0.4096171875,1.27547265625,11.17124609375
16.1079765625,12.06914453125,14.36563671875,42.2969921875,12.50248828125,-3.0260703125,4.06474609375,14.79643359375,2.49935546875,-1.75760546875,-3.11233984375,-4.793296875,6.25010546875,-1.69246875,-4.0259609375,-4.39064453125,1.57148828125,0.2642109375,-3.13687890625,-4.8268984375,-3.6312265625,3.7151484375,-2.9444453125,-8.94703515625,-5.6486484375,4.75160546875,2.2278828125,0.5186171875,1.83047265625,11.61924609375
16.8259765625,12.41714453125,14.91063671875,41.4509921875,12.49748828125,-2.9700703125,3.47574609375,14.37743359375,1.23935546875,-2.18660546875,-2.82233984375,-4.963296875,6.37310546875,-2.60146875,-4.2139609375,-4.23764453125,3.12248828125,-1.0307890625,-3.22287890625,-4.4528984375,-3.3892265625,2.0031484375,-3.6124453125,-8.56203515625,-4.8896484375,5.23660546875,2.9858828125,0.4726171875,2.53047265625,12.37824609375
16.7679765625,12.40214453125,15.16663671875,40.3049921875,12.60048828125,-2.6650703125,3.58874609375,14.72843359375,-0.21364453125,-2.41260546875,-2.21633984375,-3.980296875,6.47910546875,-3.44946875,-4.0609609375,-3.56264453125,4.57348828125,-2.3377890625,-3.34087890625,-3.6248984375,-2.4452265625,0.3211484375,-4.1674453125,-7.76003515625,-3.8046484375,6.21860546875,4.1348828125,0.4466171875,3.33747265625,13.22324609375
15.8599765625,12.10914453125,15.04663671875,39.0829921875,12.75548828125,-2.1370703125,4.26074609375,15.80943359375,-1.48364453125,-2.34360546875,-1.48433984375,-2.111296875,6.47810546875,-4.01846875,-3.5389609375,-2.50464453125,5.69548828125,-3.2197890625,-3.39187890625,-2.4928984375,-1.0472265625,-0.8148515625,-4.3874453125,-6.64503515625,-2.6786484375,7.35160546875,5.4408828125,0.5846171875,4.18947265625,13.85924609375
14.4159765625,11.79514453125,14.70963671875,37.9769921875,12.87348828125,-1.5110703125,5.18874609375,17.35143359375,-2.27764453125,-2.02260546875,-0.87133984375,0.0677031249999999,6.31610546875,-4.20146875,-2.7579609375,-1.33164453125,6.29048828125,-3.3827890625,-3.30887890625,-1.3008984375,0.3827734375,-1.0798515625,-4.2064453125,-5.45403515625,-1.8006484375,8.21960546875,6.5808828125,0.9136171875,4.99447265625,14.02324609375
13.0169765625,11.77014453125,14.49363671875,37.1219921875,12.90348828125,-0.9830703125,6.04674609375,18.94443359375,-2.48164453125,-1.60260546875,-0.58633984375,1.891703125,5.97410546875,-4.02846875,-1.9409609375,-0.36164453125,6.26148828125,-2.8067890625,-3.10687890625,-0.309898437500001,1.4017734375,-0.4458515625,-3.7354453125,-4.48203515625,-1.3616484375,8.51460546875,7.2708828125,1.3486171875,5.65147265625,13.60224609375
12.2429765625,12.23614453125,14.72363671875,36.5879921875,12.86148828125,-0.7330703125,6.57874609375,20.16443359375,-2.16264453125,-1.25560546875,-0.70433984375,2.877703125,5.46310546875,-3.61846875,-1.3309609375,0.15935546875,5.68348828125,-1.7297890625,-2.86587890625,0.303101562499999,1.7147734375,0.8311484375,-3.1844453125,-3.95103515625,-1.3916484375,8.16560546875,7.3998828125,1.7646171875,6.10347265625,12.71824609375
12.3709765625,13.13914453125,15.48063671875,36.3709921875,12.78248828125,-0.8400703125,6.64574609375,20.67943359375,-1.50664453125,-1.10860546875,-1.14633984375,2.882703125,4.83510546875,-3.13246875,-1.0919609375,0.13935546875,4.76848828125,-0.555789062500001,-2.68587890625,0.494101562499999,1.2817734375,2.2991484375,-2.7634453125,-3.92903515625,-1.7746484375,7.34360546875,7.0488828125,2.0716171875,6.33947265625,11.68224609375
13.2099765625,14.14114453125,16.48263671875,36.3879921875,12.66348828125,-1.2770703125,6.23274609375,20.33643359375,-0.76164453125,-1.23660546875,-1.75233984375,2.069703125,4.20610546875,-2.73746875,-1.2829609375,-0.37464453125,3.70348828125,0.2722109375,-2.65087890625,0.3171015625,0.2757734375,3.4351484375,-2.6204453125,-4.33103515625,-2.3466484375,6.32460546875,6.4048828125,2.2436171875,6.37647265625,10.82824609375
14.1889765625,14.75814453125,17.18463671875,36.4869921875,12.46048828125,-1.9410703125,5.45374609375,19.20843359375,-0.16264453125,-1.65760546875,-2.38233984375,0.754703125,3.76710546875,-2.57046875,-1.8559609375,-1.25764453125,2.55048828125,0.4352109375,-2.78987890625,-0.141898437500001,-1.0202265625,3.8281484375,-2.8014453125,-4.98003515625,-2.9956484375,5.33560546875,5.6508828125,2.3126171875,6.22847265625,10.36024609375
14.6429765625,14.62114453125,17.08363671875,36.4729921875,12.12248828125,-2.6850703125,4.50774609375,17.55943359375,0.14435546875,-2.29960546875,-2.94833984375,-0.742296875,3.75710546875,-2.65746875,-2.6649609375,-2.34064453125,1.30648828125,-0.1227890625,-3.04487890625,-0.7968984375,-2.3162265625,3.3751484375,-3.2154453125,-5.66603515625,-3.6716484375,4.49060546875,4.9198828125,2.3586171875,5.93047265625,10.28624609375
14.1389765625,13.69014453125,15.99763671875,36.1589921875,11.64548828125,-3.3460703125,3.60574609375,15.77043359375,0.15835546875,-2.98560546875,-3.41133984375,-2.168296875,4.33910546875,-2.87246875,-3.5029609375,-3.43764453125,0.0504882812499998,-1.1377890625,-3.27587890625,-1.5658984375,-3.3772265625,2.3391484375,-3.6504453125,-6.19203515625,-4.3326484375,3.82560546875,4.3098828125,2.4846171875,5.55847265625,10.46824609375
12.6589765625,12.25614453125,14.15963671875,35.4089921875,11.09048828125,-3.7980703125,2.89074609375,14.23143359375,-0.01564453125,-3.50660546875,-3.78033984375,-3.364296875,5.44010546875,-3.00146875,-4.1759609375,-4.38764453125,-1.00751171875,-2.1607890625,-3.34187890625,-2.3588984375,-4.0802265625,1.2091484375,-3.8794453125,-6.42103515625,-4.9216484375,3.33860546875,3.8868828125,2.7456171875,5.22247265625,10.69624609375
10.5779765625,10.78514453125,12.08963671875,34.1869921875,10.54948828125,-4.0130703125,2.39374609375,13.23443359375,-0.25464453125,-3.74660546875,-4.11433984375,-4.257296875,6.69210546875,-2.89446875,-4.6009609375,-5.10264453125,-1.62851171875,-2.7897890625,-3.19087890625,-3.0788984375,-4.4432265625,0.4531484375,-3.7844453125,-6.32103515625,-5.3796484375,3.00060546875,3.6698828125,3.1046171875,5.01047265625,10.77124609375
8.4899765625,9.72714453125,10.36863671875,32.5859921875,10.08248828125,-4.0570703125,2.03374609375,12.86843359375,-0.47364453125,-3.72660546875,-4.49433984375,-4.827296875,7.58810546875,-2.55346875,-4.8169609375,-5.57564453125,-1.66951171875,-2.8377890625,-2.90087890625,-3.6198984375,-4.5822265625,0.3551484375,-3.4024453125,-5.96303515625,-5.6716484375,2.76460546875,3.6288828125,3.4436171875,4.95947265625,10.56624609375
6.9779765625,9.38514453125,9.44663671875,30.8449921875,9.70348828125,-4.0390703125,1.68974609375,13.00243359375,-0.62164453125,-3.55260546875,-4.96233984375,-5.071296875,7.74110546875,-2.11946875,-4.9319609375,-5.84064453125,-1.14851171875,-2.3597890625,-2.63487890625,-3.8828984375,-4.6232265625,0.9581484375,-2.8784453125,-5.48103515625,-5.7956484375,2.57360546875,3.6928828125,3.6316171875,5.05347265625,10.07724609375
6.4069765625,9.84314453125,9.49363671875,29.3089921875,9.39548828125,-4.0610703125,1.30074609375,13.36543359375,-0.65364453125,-3.34460546875,-5.48633984375,-5.012296875,7.05810546875,-1.77846875,-5.0609609375,-5.94764453125,-0.26651171875,-1.5707890625,-2.56487890625,-3.8208984375,-4.6332265625,2.0991484375,-2.3814453125,-5.03203515625,-5.7946484375,2.37560546875,3.7558828125,3.5796171875,5.23147265625,9.40724609375
6.7919765625,10.92714453125,10.33663671875,28.3059921875,9.13448828125,-4.2050703125,0.926746093749999,13.67443359375,-0.55564453125,-3.20660546875,-5.99933984375,-4.741296875,5.73410546875,-1.67746875,-5.2949609375,-5.97764453125,0.59348828125,-0.7527890625,-2.82787890625,-3.4978984375,-4.6262265625,3.4551484375,-2.0634453125,-4.77203515625,-5.7596484375,2.11760546875,3.6868828125,3.2496171875,5.39147265625,8.69824609375
7.7699765625,12.20814453125,11.48363671875,27.9899921875,8.88248828125,-4.5320703125,0.700746093749999,13.71043359375,-0.37364453125,-3.22260546875,-6.44533984375,-4.439296875,4.12310546875,-1.86646875,-5.6939609375,-6.03864453125,0.95448828125,-0.168789062500001,-3.47687890625,-3.0958984375,-4.6202265625,4.6301484375,-2.0374453125,-4.83403515625,-5.7886484375,1.75260546875,3.3688828125,2.6446171875,5.40947265625,8.06924609375
8.7269765625,13.11614453125,12.28363671875,28.2509921875,8.57248828125,-5.0590703125,0.71774609375,13.32443359375,-0.21464453125,-3.44360546875,-6.80533984375,-4.312296875,2.61310546875,-2.28646875,-6.2629609375,-6.23964453125,0.44848828125,-0.00578906250000033,-4.44787890625,-2.8498984375,-4.6732265625,5.2761484375,-2.3504453125,-5.27003515625,-5.9366484375,1.26860546875,2.7668828125,1.8066171875,5.18747265625,7.58324609375
9.0969765625,13.18214453125,12.20463671875,28.7859921875,8.16148828125,-5.7190703125,0.97074609375,12.47143359375,-0.18364453125,-3.85760546875,-7.08733984375,-4.495296875,1.53110546875,-2.79746875,-6.9339609375,-6.63364453125,-0.92951171875,-0.3167890625,-5.53987890625,-2.9388984375,-4.8672265625,5.2021484375,-2.9714453125,-6.01003515625,-6.1756484375,0.71960546875,1.9728828125,0.8306171875,4.69347265625,7.27024609375
8.6939765625,12.30514453125,11.13363671875,29.3039921875,7.71948828125,-6.3580703125,1.37174609375,11.26343359375,-0.30864453125,-4.38360546875,-7.30633984375,-4.996296875,1.08210546875,-3.23546875,-7.5689609375,-7.19364453125,-2.71651171875,-1.0187890625,-6.46487890625,-3.3808984375,-5.2592265625,4.4151484375,-3.7874453125,-6.86003515625,-6.4276484375,0.226605468750002,1.1758828125,-0.1493828125,3.98547265625,7.15524609375
7.8699765625,10.90314453125,9.51263671875,29.6919921875,7.45348828125,-6.7780703125,1.80674609375,9.97043359375,-0.49964453125,-4.88660546875,-7.46633984375,-5.693296875,1.30110546875,-3.47846875,-8.0149609375,-7.81664453125,-4.14351171875,-1.9107890625,-6.94987890625,-4.0278984375,-5.8202265625,3.1161484375,-4.6254453125,-7.56703515625,-6.6056484375,-0.0643945312499987,0.5858828125,-0.9823828125,3.19647265625,7.27024609375
7.3199765625,9.75614453125,8.14663671875,30.0259921875,7.58748828125,-6.8470703125,2.14874609375,8.88343359375,-0.58964453125,-5.23960546875,-7.55933984375,-6.409296875,2.06310546875,-3.48446875,-8.1719609375,-8.38864453125,-4.54251171875,-2.7397890625,-6.86287890625,-4.6388984375,-6.4252265625,1.6651484375,-5.2914453125,-7.92103515625,-6.6666484375,-0.0463945312499998,0.3388828125,-1.5413828125,2.49347265625,7.64224609375
7.6239765625,9.57914453125,7.74763671875,30.4099921875,8.17848828125,-6.5980703125,2.24474609375,8.15543359375,-0.46364453125,-5.40860546875,-7.61733984375,-7.003296875,3.10910546875,-3.32346875,-8.0799609375,-8.87764453125,-3.78351171875,-3.2977890625,-6.31387890625,-5.0388984375,-6.9422265625,0.4931484375,-5.6574453125,-7.86503515625,-6.6556484375,0.26760546875,0.421882812499999,-1.7863828125,1.99647265625,8.22424609375
8.8209765625,10.56814453125,8.46463671875,30.8199921875,9.01448828125,-6.2710703125,1.93174609375,7.71643359375,-0.17464453125,-5.52360546875,-7.77033984375,-7.455296875,4.08610546875,-3.17946875,-7.9569609375,-9.40564453125,-2.43451171875,-3.5197890625,-5.65987890625,-5.2468984375,-7.3622265625,-0.0608515624999999,-5.7354453125,-7.56003515625,-6.7336484375,0.711605468750001,0.647882812499999,-1.8033828125,1.70647265625,8.82424609375
10.3069765625,12.23214453125,9.75463671875,31.0549921875,9.69048828125,-6.2200703125,1.10174609375,7.34443359375,0.0513554687500002,-5.82960546875,-8.22233984375,-7.876296875,4.61710546875,-3.28846875,-8.1179609375,-10.20964453125,-1.46251171875,-3.5147890625,-5.35887890625,-5.4828984375,-7.8422265625,0.0851484375,-5.6764453125,-7.31503515625,-7.1296484375,1.03160546875,0.738882812499999,-1.7843828125,1.49747265625,9.13024609375
11.1339765625,13.66114453125,10.70563671875,30.8549921875,9.82648828125,-6.6980703125,-0.227253906250001,6.80143359375001,-0.0326445312499999,-6.50860546875,-9.10933984375,-8.413296875,4.44210546875,-3.78146875,-8.7879609375,-11.46164453125,-1.63851171875,-3.4597890625,-5.72187890625,-6.0128984375,-8.5732265625,0.7261484375,-5.6464453125,-7.41203515625,-7.9796484375,1.04560546875,0.504882812499999,-1.9073828125,1.22447265625,8.85024609375
10.5669765625,14.06214453125,10.58563671875,30.1009921875,9.30548828125,-7.6590703125,-1.87125390625,5.99043359375001,-0.48864453125,-7.49960546875,-10.35033984375,-9.117296875,3.55510546875,-4.54546875,-9.9139609375,-13.07064453125,-3.03651171875,-3.4437890625,-6.69287890625,-6.9418984375,-9.5722265625,1.4891484375,-5.6824453125,-7.91303515625,-9.1806484375,0.77760546875,-0.0191171875000009,-2.2303828125,0.83647265625,7.91024609375
8.5659765625,13.22214453125,9.29163671875,28.9729921875,8.38648828125,-8.7270703125,-3.48025390625,5.05943359375,-1.09864453125,-8.46060546875,-11.60133984375,-9.873296875,2.26410546875,-5.22846875,-11.1249609375,-14.63564453125,-4.98051171875,-3.3857890625,-7.83487890625,-8.0868984375,-10.5812265625,2.0391484375,-5.6384453125,-8.59903515625,-10.3716484375,0.45360546875,-0.570117187500001,-2.6713828125,0.42347265625,6.52224609375
5.8789765625,11.62314453125,7.40263671875,27.9379921875,7.61948828125,-9.3690703125,-4.60625390625,4.36543359375001,-1.45764453125,-8.91360546875,-12.38133984375,-10.432296875,1.11410546875,-5.39746875,-11.8739609375,-15.58364453125,-6.46851171875,-3.0847890625,-8.52787890625,-9.0128984375,-11.1662265625,2.2201484375,-5.2894453125,-9.08403515625,-11.0856484375,0.35460546875,-0.820117187500001,-3.0963828125,0.14547265625,5.10624609375
3.6789765625,10.15814453125,5.83663671875,27.5259921875,7.57848828125,-9.1520703125,-4.87025390625,4.27743359375,-1.19264453125,-8.47260546875,-12.28133984375,-10.512296875,0.709105468750001,-4.76646875,-11.6759609375,-15.42864453125,-6.77251171875,-2.3717890625,-8.26887890625,-9.2128984375,-10.9412265625,2.0851484375,-4.4894453125,-9.00703515625,-10.9746484375,0.651605468750001,-0.554117187500001,-3.4113828125,0.11647265625,4.09324609375
2.9299765625,9.63514453125,5.34063671875,28.0199921875,8.56548828125,-7.9680703125,-4.15625390625,4.92443359375,-0.17464453125,-7.02860546875,-11.14133984375,-9.938296875,1.46210546875,-3.35446875,-10.3279609375,-14.00864453125,-5.83151171875,-1.2567890625,-6.90787890625,-8.3518984375,-9.7972265625,1.7821484375,-3.2974453125,-8.21303515625,-9.9686484375,1.32360546875,0.211882812499999,-3.6163828125,0.32847265625,3.74524609375
3.8969765625,10.36314453125,6.10663671875,29.2669921875,10.45648828125,-6.0970703125,-2.70625390625,6.07543359375,1.38235546875,-4.82960546875,-9.13733984375,-8.786296875,3.36710546875,-1.50946875,-8.0269609375,-11.61164453125,-4.20451171875,-0.00178906250000033,-4.72887890625,-6.4618984375,-7.9902265625,1.3931484375,-2.0094453125,-6.83503515625,-8.3146484375,2.17860546875,1.2358828125,-3.7993828125,0.62647265625,4.05024609375
6.0469765625,12.03114453125,7.71363671875,30.7289921875,12.75548828125,-4.1000703125,-1.04825390625,7.24543359375,3.00935546875,-2.41360546875,-6.74133984375,-7.435296875,5.90810546875,0.22853125,-5.3249609375,-8.91064453125,-2.68151171875,0.9502109375,-2.34787890625,-4.0018984375,-6.0642265625,0.8421484375,-1.0714453125,-5.26203515625,-6.4906484375,2.93860546875,2.1428828125,-4.1033828125,0.76247265625,4.73824609375
8.3479765625,13.90614453125,9.39963671875,31.7399921875,14.81048828125,-2.5870703125,0.20474609375,7.89743359375,4.19235546875,-0.40760546875,-4.55533984375,-6.442296875,8.21810546875,1.35453125,-2.9319609375,-6.71464453125,-1.83051171875,1.1782109375,-0.48187890625,-1.7078984375,-4.6252265625,-0.0348515625000001,-0.8924453125,-3.99503515625,-5.0106484375,3.35560546875,2.5808828125,-4.6443828125,0.51147265625,5.40624609375
9.7549765625,15.19614453125,10.44263671875,31.8069921875,16.06048828125,-1.9810703125,0.571746093749999,7.63743359375,4.59735546875,0.71639453125,-3.10033984375,-6.286296875,9.46010546875,1.61253125,-1.4489609375,-5.63664453125,-1.77851171875,0.4972109375,0.32712109375,-0.3158984375,-4.0932265625,-1.3398515625,-1.6544453125,-3.43503515625,-4.2406484375,3.28960546875,2.3688828125,-5.4393828125,-0.20852734375,5.68124609375
9.6529765625,15.37814453125,10.45463671875,30.8209921875,16.22548828125,-2.3840703125,-0.130253906250001,6.33943359375001,4.17635546875,0.78339453125,-2.66133984375,-7.123296875,9.19210546875,1.06253125,-1.1839609375,-5.86864453125,-2.27651171875,-0.958789062500001,-0.10887890625,-0.271898437500001,-4.5732265625,-3.0088515625,-3.2284453125,-3.73903515625,-4.3026484375,2.74360546875,1.5538828125,-6.3773828125,-1.27252734375,5.36724609375
8.0999765625,14.38314453125,9.50663671875,29.0909921875,15.39748828125,-3.5990703125,-1.70225390625,4.23343359375,3.12835546875,-0.0846054687500001,-3.23233984375,-8.704296875,7.51910546875,-0.01446875,-2.0879609375,-7.16064453125,-2.93751171875,-2.8267890625,-1.60687890625,-1.5618984375,-5.8722265625,-4.8178515625,-5.2514453125,-4.77203515625,-5.0846484375,1.84160546875,0.371882812499999,-7.2513828125,-2.38052734375,4.50324609375
5.7629765625,12.61114453125,8.07263671875,27.1929921875,13.97448828125,-5.2290703125,-3.62125390625,1.88343359375,1.78535546875,-1.56560546875,-4.53633984375,-10.445296875,4.98310546875,-1.26646875,-3.8059609375,-8.94664453125,-3.43651171875,-4.6807890625,-3.70987890625,-3.7178984375,-7.5842265625,-6.4398515625,-7.2654453125,-6.16503515625,-6.3026484375,0.808605468750001,-0.842117187500001,-7.8163828125,-3.15852734375,3.35224609375
3.5839765625,10.75014453125,6.82063671875,25.6959921875,12.47748828125,-6.8170703125,-5.23825390625,0.0154335937500036,0.48235546875,-3.25060546875,-6.10733984375,-11.642296875,2.32310546875,-2.39546875,-5.7999609375,-10.56664453125,-3.62951171875,-6.1667890625,-5.86487890625,-6.0128984375,-9.2012265625,-7.5268515625,-8.8544453125,-7.44603515625,-7.5816484375,-0.0603945312499992,-1.7481171875,-7.8373828125,-3.29352734375,2.32124609375
2.3249765625,9.45414453125,6.31163671875,24.8999921875,11.31048828125,-7.9940703125,-6.05325390625,-0.762566406249995,-0.55064453125,-4.77460546875,-7.44533984375,-11.759296875,0.225105468750001,-3.24146875,-7.5359609375,-11.51564453125,-3.57651171875,-7.0767890625,-7.61287890625,-7.7678984375,-10.2572265625,-7.8208515625,-9.7504453125,-8.23203515625,-8.5676484375,-0.47939453125,-2.1101171875,-7.1783828125,-2.67052734375,1.81024609375
2.2079765625,9.02714453125,6.70563671875,24.7259921875,10.59548828125,-8.6020703125,-5.92825390625,-0.217566406249997,-1.27664453125,-5.93860546875,-8.21933984375,-10.707296875,-0.87789453125,-3.81746875,-8.6959609375,-11.64164453125,-3.51351171875,-7.3867890625,-8.73587890625,-8.6398984375,-10.5002265625,-7.2728515625,-9.8984453125,-8.40503515625,-9.0696484375,-0.29339453125,-1.9021171875,-5.8793828125,-1.46052734375,2.04124609375
2.8499765625,9.27014453125,7.66263671875,24.7859921875,10.15348828125,-8.7380703125,-5.13125390625,1.39343359375,-1.84564453125,-6.76960546875,-8.40433984375,-8.915296875,-0.91389453125,-4.29246875,-9.2989609375,-11.19864453125,-3.74351171875,-7.2457890625,-9.30687890625,-8.7328984375,-9.9892265625,-6.0918515625,-9.4644453125,-8.16503515625,-9.1416484375,0.426605468750001,-1.3351171875,-4.1893828125,-0.0715273437499997,2.94724609375
3.4749765625,9.62014453125,8.50363671875,24.5879921875,9.63248828125,-8.6730703125,-4.19225390625,3.41943359375,-2.49064453125,-7.44060546875,-8.25133984375,-7.114296875,-0.152894531249999,-4.88946875,-9.6329609375,-10.68064453125,-4.46951171875,-6.9097890625,-9.58287890625,-8.4718984375,-9.0532265625,-4.6708515625,-8.7424453125,-7.89603515625,-9.0306484375,1.39660546875,-0.766117187500001,-2.4863828125,1.03847265625,4.22424609375
3.3219765625,9.45614453125,8.54163671875,23.7679921875,8.71048828125,-8.6940703125,-3.64525390625,5.07343359375,-3.38964453125,-8.13360546875,-8.11033984375,-5.952296875,0.898105468750001,-5.76946875,-10.0479609375,-10.54464453125,-5.65451171875,-6.6507890625,-9.85087890625,-8.3398984375,-8.1262265625,-3.4498515625,-8.0384453125,-7.95103515625,-9.0176484375,2.24260546875,-0.531117187500001,-1.1313828125,1.57947265625,5.47924609375
2.0019765625,8.40914453125,7.39463671875,22.2379921875,7.28248828125,-8.9650703125,-3.77525390625,5.77443359375,-4.58364453125,-8.93260546875,-8.24633984375,-5.699296875,1.65710546875,-6.96046875,-10.7529609375,-10.98664453125,-7.00351171875,-6.6887890625,-10.29687890625,-8.6418984375,-7.5782265625,-2.8088515625,-7.6004453125,-8.48503515625,-9.2696484375,2.66760546875,-0.816117187500002,-0.3453828125,1.52347265625,6.39224609375
-0.344023437499999,6.50414453125,5.13263671875,20.2139921875,5.53448828125,-9.4770703125,-4.49525390625,5.39243359375,-5.98664453125,-9.80560546875,-8.73333984375,-6.184296875,1.65910546875,-8.36246875,-11.7139609375,-11.87764453125,-8.09451171875,-7.1507890625,-10.95987890625,-9.3858984375,-7.5922265625,-2.9908515625,-7.5764453125,-9.42203515625,-9.7616484375,2.57060546875,-1.6091171875,-0.1703828125,1.04647265625,6.79424609375
-3.1520234375,4.11614453125,2.23263671875,18.1059921875,3.85048828125,-10.0630703125,-5.41425390625,4.25643359375,-7.42464453125,-10.61760546875,-9.42933984375,-6.935296875,0.71210546875,-9.78046875,-12.6799609375,-12.83664453125,-8.53851171875,-8.0247890625,-11.75187890625,-10.3148984375,-8.0992265625,-4.0268515625,-7.9954453125,-10.52503515625,-10.2996484375,2.08960546875,-2.7181171875,-0.4833828125,0.39747265625,6.68724609375
-5.6990234375,1.79914453125,-0.593363281250003,16.3559921875,2.64048828125,-10.4710703125,-6.05025390625,2.95643359375,-8.68264453125,-11.16360546875,-10.03933984375,-7.419296875,-1.01689453125,-10.96046875,-13.2959609375,-13.39864453125,-8.10051171875,-9.1287890625,-12.48487890625,-11.0308984375,-8.7762265625,-5.6728515625,-8.7304453125,-11.48903515625,-10.5906484375,1.54060546875,-3.8291171875,-1.0463828125,-0.20652734375,6.20424609375
-7.3870234375,0.0601445312499997,-2.64536328125,15.2909921875,2.16748828125,-10.4790703125,-6.05125390625,2.08043359375,-9.54264453125,-11.23760546875,-10.25133984375,-7.284296875,-3.07489453125,-11.65946875,-13.2769609375,-13.22464453125,-6.76751171875,-10.1587890625,-12.94887890625,-11.1698984375,-9.1672265625,-7.4488515625,-9.5384453125,-12.05303515625,-10.3756484375,1.26960546875,-4.6131171875,-1.5923828125,-0.62152734375,5.54524609375
-7.9390234375,-0.836855468750002,-3.48436328125,15.0249921875,2.44848828125,-10.0200703125,-5.32325390625,2.00343359375,-9.85664453125,-10.73860546875,-9.89633984375,-6.507296875,-4.89889453125,-11.74446875,-12.5699609375,-12.27564453125,-4.79051171875,-10.8087890625,-13.00587890625,-10.5708984375,-8.9062265625,-8.7738515625,-10.1534453125,-12.09903515625,-9.5626484375,1.47560546875,-4.8591171875,-1.9213828125,-0.79552734375,4.88424609375
-7.4740234375,-0.940855468750001,-3.08936328125,15.4269921875,3.24748828125,-9.2320703125,-4.06225390625,2.76643359375,-9.60964453125,-9.75460546875,-9.04433984375,-5.363296875,-6.00789453125,-11.26046875,-11.4019609375,-10.85164453125,-2.64351171875,-10.9077890625,-12.65687890625,-9.3658984375,-7.9162265625,-9.1748515625,-10.3954453125,-11.69303515625,-8.2926484375,2.10660546875,-4.5641171875,-1.9683828125,-0.75652734375,4.31424609375
-6.4620234375,-0.583855468750002,-1.87536328125,16.1559921875,4.15548828125,-8.3940703125,-2.66725390625,4.04443359375,-8.94064453125,-8.54660546875,-7.98033984375,-4.241296875,-6.13089453125,-10.42546875,-10.1849609375,-9.44864453125,-0.89451171875,-10.4837890625,-12.05387890625,-7.9308984375,-6.4572265625,-8.4648515625,-10.2264453125,-11.04303515625,-6.8966484375,2.90160546875,-3.9221171875,-1.8043828125,-0.59652734375,3.83524609375
-5.5670234375,-0.254855468750002,-0.572363281250002,16.7829921875,4.74148828125,-7.7950703125,-1.58425390625,5.24443359375,-8.10664453125,-7.45160546875,-7.07133984375,-3.443296875,-5.29089453125,-9.53646875,-9.3289609375,-8.53364453125,-0.02351171875,-9.7407890625,-11.43287890625,-6.7368984375,-5.0072265625,-6.8438515625,-9.7554453125,-10.40903515625,-5.7526484375,3.52460546875,-3.2381171875,-1.5833828125,-0.44252734375,3.40324609375
-5.4090234375,-0.452855468750002,0.0116367187499975,16.9699921875,4.73148828125,-7.6070703125,-1.12025390625,5.75043359375,-7.37864453125,-6.74960546875,-6.61833984375,-3.097296875,-3.82789453125,-8.85946875,-9.0639609375,-8.35664453125,-0.24951171875,-8.9747890625,-11.01287890625,-6.1558984375,-4.0402265625,-4.8598515625,-9.1934453125,-10.00003515625,-5.1376484375,3.72760546875,-2.8071171875,-1.4813828125,-0.43052734375,2.98124609375
-6.3230234375,-1.49785546875,-0.697363281250002,16.6019921875,4.13748828125,-7.8040703125,-1.31925390625,5.18843359375001,-6.92864453125,-6.54260546875,-6.72933984375,-3.171296875,-2.30389453125,-8.51946875,-9.3469609375,-8.85364453125,-1.42651171875,-8.4407890625,-10.88987890625,-6.3038984375,-3.8192265625,-3.2148515625,-8.7714453125,-9.90303515625,-5.1116484375,3.45560546875,-2.7951171875,-1.6293828125,-0.66952734375,2.57524609375
-8.1990234375,-3.37685546875,-2.78936328125,15.8089921875,3.24048828125,-8.1750703125,-1.97725390625,3.57243359375,-6.74464453125,-6.69960546875,-7.26733984375,-3.524296875,-1.27889453125,-8.45946875,-9.8799609375,-9.68764453125,-3.04251171875,-8.2427890625,-10.99787890625,-6.9938984375,-4.2822265625,-2.4818515625,-8.6344453125,-10.04803515625,-5.5046484375,2.87560546875,-3.1571171875,-2.0483828125,-1.18052734375,2.23524609375
-10.5300234375,-5.73685546875,-5.81436328125,14.8569921875,2.44548828125,-8.4290703125,-2.77525390625,1.26643359375,-6.67464453125,-6.93360546875,-7.92533984375,-3.971296875,-1.08389453125,-8.49146875,-10.2699609375,-10.41364453125,-4.39851171875,-8.3097890625,-11.16687890625,-7.8388984375,-5.0862265625,-2.8658515625,-8.7754453125,-10.25703515625,-5.9976484375,2.28360546875,-3.6541171875,-2.6293828125,-1.87452734375,2.02324609375
-12.6230234375,-8.03685546875,-8.99836328125,13.9829921875,2.06848828125,-8.3680703125,-3.44225390625,-1.17756640625,-6.55664453125,-6.98760546875,-8.41433984375,-4.365296875,-1.74489453125,-8.44446875,-10.2539609375,-10.70964453125,-4.92351171875,-8.4907890625,-11.26687890625,-8.4508984375,-5.8052265625,-4.1568515625,-9.0844453125,-10.37603515625,-6.3056484375,1.94760546875,-3.9941171875,-3.2103828125,-2.60352734375,1.95524609375
-13.9010234375,-9.78485546875,-11.56236328125,13.2779921875,2.18148828125,-8.0160703125,-3.87125390625,-3.20556640625,-6.35664453125,-6.80060546875,-8.62633984375,-4.672296875,-3.07289453125,-8.28846875,-9.8619609375,-10.55464453125,-4.44751171875,-8.6757890625,-11.30687890625,-8.6308984375,-6.1432265625,-5.8578515625,-9.4424453125,-10.38003515625,-6.3236484375,1.97060546875,-4.0031171875,-3.6763828125,-3.24352734375,1.96424609375
-14.1120234375,-10.67785546875,-12.97536328125,12.6659921875,2.57448828125,-7.5940703125,-4.14325390625,-4.41356640624999,-6.17464453125,-6.53060546875,-8.66133984375,-4.962296875,-4.80389453125,-8.15646875,-9.3789609375,-10.20164453125,-3.24151171875,-8.8587890625,-11.43187890625,-8.4238984375,-6.0412265625,-7.4028515625,-9.7874453125,-10.37703515625,-6.1466484375,2.26460546875,-3.7221171875,-4.0243828125,-3.74952734375,1.94324609375
-13.3470234375,-10.62185546875,-13.04436328125,11.9809921875,2.88348828125,-7.3740703125,-4.44625390625,-4.61956640625,-6.15164453125,-6.43860546875,-8.72433984375,-5.346296875,-6.65389453125,-8.24846875,-9.1719609375,-9.99864453125,-1.79751171875,-9.0827890625,-11.80087890625,-8.0408984375,-5.6302265625,-8.3638515625,-10.1094453125,-10.49803515625,-5.9746484375,2.63560546875,-3.3561171875,-4.3323828125,-4.15752734375,1.81724609375
-11.9100234375,-9.68585546875,-11.88236328125,11.1029921875,2.79248828125,-7.5170703125,-4.93625390625,-3.85356640625,-6.35364453125,-6.74160546875,-8.98533984375,-5.900296875,-8.31289453125,-8.71146875,-9.4989609375,-10.17364453125,-0.56851171875,-9.3767890625,-12.47987890625,-7.7288984375,-5.1162265625,-8.5918515625,-10.4114453125,-10.79303515625,-5.9836484375,2.88160546875,-3.1561171875,-4.6953828125,-4.53752734375,1.59724609375
-10.1520234375,-8.06185546875,-9.83536328125,10.0399921875,2.20248828125,-8.0080703125,-5.63625390625,-2.33456640625,-6.74164453125,-7.51060546875,-9.50733984375,-6.609296875,-9.43789453125,-9.55346875,-10.4049609375,-10.72064453125,0.17648828125,-9.7187890625,-13.38887890625,-7.6708984375,-4.6742265625,-8.2328515625,-10.6854453125,-11.20003515625,-6.2386484375,2.87360546875,-3.2841171875,-5.1593828125,-4.93552734375,1.37624609375
-8.3620234375,-6.03685546875,-7.37636328125,8.9249921875,1.26748828125,-8.6780703125,-6.42725390625,-0.455566406249996,-7.19664453125,-8.63360546875,-10.22033984375,-7.349296875,-9.72289453125,-10.61946875,-11.7069609375,-11.41364453125,0.34248828125,-10.0247890625,-14.30887890625,-7.9218984375,-4.3952265625,-7.5848515625,-10.8684453125,-11.57003515625,-6.6706484375,2.59260546875,-3.7211171875,-5.6753828125,-5.32552734375,1.29824609375
-6.7240234375,-3.93385546875,-4.97336328125,7.9339921875,0.299488281249999,-9.2810703125,-7.12325390625,1.25643359375,-7.56864453125,-9.83160546875,-10.94033984375,-7.916296875,-9.00189453125,-11.62146875,-13.0469609375,-11.91764453125,-0.0545117187499997,-10.1597890625,-14.93187890625,-8.3978984375,-4.2772265625,-6.8648515625,-10.8284453125,-11.71303515625,-7.0946484375,2.13660546875,-4.2591171875,-6.0773828125,-5.59352734375,1.51024609375
-5.2770234375,-2.01985546875,-2.94436328125,7.21199218749999,-0.364511718750002,-9.5860703125,-7.53725390625,2.29543359375,-7.71564453125,-10.75560546875,-11.43033984375,-8.105296875,-7.35689453125,-12.22846875,-13.9959609375,-11.93964453125,-0.91651171875,-9.9677890625,-14.95387890625,-8.9118984375,-4.2692265625,-6.0618515625,-10.3954453125,-11.46603515625,-7.2836484375,1.68160546875,-4.5931171875,-6.1463828125,-5.59452734375,2.10024609375
-3.8980234375,-0.402855468750001,-1.34836328125,6.84999218749999,-0.478511718749999,-9.4450703125,-7.49425390625,2.40243359375,-7.54364453125,-11.11560546875,-11.47833984375,-7.804296875,-5.14589453125,-12.17846875,-14.2039609375,-11.35664453125,-2.04351171875,-9.3307890625,-14.19487890625,-9.2498984375,-4.3262265625,-4.9738515625,-9.4504453125,-10.75103515625,-7.0536484375,1.40460546875,-4.4751171875,-5.7063828125,-5.24152734375,3.04224609375
-2.3610234375,1.00614453125,0.0196367187499966,6.88999218749999,0.0494882812499995,-8.8260703125,-6.84125390625,1.71243359375,-7.00164453125,-10.78060546875,-10.95833984375,-7.012296875,-2.90889453125,-11.37446875,-13.5079609375,-10.23464453125,-3.11451171875,-8.2257890625,-12.67687890625,-9.2418984375,-4.4172265625,-3.3978515625,-7.9924453125,-9.59303515625,-6.3326484375,1.42860546875,-3.8151171875,-4.7123828125,-4.55152734375,4.17624609375
-0.4960234375,2.42014453125,1.49163671875,7.29799218749999,1.11548828125,-7.8040703125,-5.51525390625,0.687433593750004,-6.09164453125,-9.80160546875,-9.85233984375,-5.804296875,-1.16989453125,-9.91446875,-11.9839609375,-8.76264453125,-3.75951171875,-6.7457890625,-10.64887890625,-8.8088984375,-4.4932265625,-1.3088515625,-6.1574453125,-8.11203515625,-5.1776484375,1.79560546875,-2.7021171875,-3.2753828125,-3.60852734375,5.26524609375
1.6329765625,3.98914453125,3.30163671875,7.9579921875,2.43448828125,-6.5590703125,-3.63325390625,-0.121566406249997,-4.88164453125,-8.41160546875,-8.28533984375,-4.312296875,-0.250894531249999,-8.09146875,-9.9549609375,-7.20064453125,-3.72651171875,-5.1037890625,-8.52687890625,-8.0128984375,-4.4942265625,1.0581484375,-4.2054453125,-6.51003515625,-3.7836484375,2.43760546875,-1.3711171875,-1.6413828125,-2.52452734375,6.06124609375
3.6869765625,5.63714453125,5.40463671875,8.6799921875,3.64048828125,-5.3710703125,-1.54125390625,-0.329566406249995,-3.54764453125,-6.98560546875,-6.55833984375,-2.773296875,-0.17989453125,-6.34146875,-7.9369609375,-5.84864453125,-3.05451171875,-3.6127890625,-6.79787890625,-7.0808984375,-4.4142265625,3.2391484375,-2.4854453125,-5.06903515625,-2.4656484375,3.16760546875,-0.153117187500001,-0.1323828125,-1.42352734375,6.36524609375
5.2039765625,7.06014453125,7.47363671875,9.27099218749999,4.44248828125,-4.5550703125,0.26574609375,0.144433593750005,-2.34064453125,-5.94860546875,-5.09533984375,-1.543296875,-0.700894531249999,-5.10346875,-6.4919609375,-5.00764453125,-2.10051171875,-2.6027890625,-5.85587890625,-6.3558984375,-4.3522265625,4.6961484375,-1.3494453125,-4.09403515625,-1.5786484375,3.70860546875,0.619882812499999,0.9436171875,-0.43752734375,6.09124609375
5.8439765625,7.90314453125,9.05463671875,9.6079921875,4.76148828125,-4.3150703125,1.30374609375,1.08043359375,-1.47164453125,-5.56960546875,-4.26133984375,-0.987296875,-1.33589453125,-4.61146875,-5.9779609375,-4.84564453125,-1.38051171875,-2.2547890625,-5.81787890625,-6.1508984375,-4.4392265625,5.0891484375,-0.9844453125,-3.76603515625,-1.3436484375,3.81560546875,0.762882812499999,1.4256171875,0.33347265625,5.32924609375
5.5879765625,7.97814453125,9.79363671875,9.70399218749999,4.78148828125,-4.6140703125,1.30574609375,2.10643359375,-0.97064453125,-5.79560546875,-4.15633984375,-1.283296875,-1.53489453125,-4.73646875,-6.3389609375,-5.27664453125,-1.31351171875,-2.4617890625,-6.42187890625,-6.5638984375,-4.7202265625,4.5041484375,-1.2754453125,-4.00903515625,-1.7056484375,3.41060546875,0.361882812499999,1.3816171875,0.85847265625,4.36224609375
4.7819765625,7.39314453125,9.59163671875,9.71899218749999,4.87148828125,-5.1560703125,0.367746093749998,2.90343359375001,-0.64964453125,-6.24860546875,-4.55633984375,-2.288296875,-0.91789453125,-5.03546875,-7.1039609375,-5.95764453125,-2.02151171875,-2.8377890625,-7.11287890625,-7.3838984375,-5.0772265625,3.4701484375,-1.8344453125,-4.47503515625,-2.3426484375,2.62660546875,-0.250117187500001,1.0666171875,1.17547265625,3.57324609375
4.0269765625,6.53414453125,8.66863671875,9.8969921875,5.39448828125,-5.5200703125,-1.05825390625,3.35143359375,-0.21164453125,-6.42760546875,-5.03833984375,-3.574296875,0.520105468750001,-4.99246875,-7.6219609375,-6.44764453125,-3.24651171875,-2.9117890625,-7.30087890625,-8.1728984375,-5.2842265625,2.6901484375,-2.1894453125,-4.70403515625,-2.8336484375,1.73960546875,-0.656117187500001,0.7756171875,1.34747265625,3.28024609375
3.9269765625,5.91614453125,7.50663671875,10.4479921875,6.49748828125,-5.3610703125,-2.36725390625,3.53143359375001,0.57735546875,-5.96860546875,-5.20833984375,-4.620296875,2.37910546875,-4.29546875,-7.3829609375,-6.41764453125,-4.42751171875,-2.3637890625,-6.63887890625,-8.4818984375,-5.1302265625,2.6671484375,-2.0184453125,-4.34503515625,-2.8736484375,1.03060546875,-0.567117187500001,0.7116171875,1.43647265625,3.59624609375
4.8149765625,5.95514453125,6.66463671875,11.4259921875,8.00548828125,-4.5630703125,-3.08725390625,3.62443359375001,1.75835546875,-4.81760546875,-4.88933984375,-5.061296875,4.06510546875,-2.97246875,-6.2559609375,-5.80964453125,-4.92051171875,-1.1777890625,-5.17087890625,-8.0758984375,-4.5482265625,3.4521484375,-1.2774453125,-3.32603515625,-2.4176484375,0.662605468750002,0.057882812499999,0.9326171875,1.49447265625,4.40324609375
6.5479765625,6.72614453125,6.49363671875,12.6679921875,9.49748828125,-3.2940703125,-3.08325390625,3.78043359375,3.14635546875,-3.25160546875,-4.18033984375,-4.857296875,5.07110546875,-1.34346875,-4.5319609375,-4.86664453125,-4.34151171875,0.3502109375,-3.29687890625,-7.0568984375,-3.7012265625,4.6471484375,-0.1874453125,-1.89603515625,-1.7046484375,0.601605468750002,0.988882812499999,1.3636171875,1.54847265625,5.40124609375
8.4849765625,7.84014453125,6.88963671875,13.8219921875,10.49748828125,-1.9600703125,-2.60025390625,4.02243359375001,4.40435546875,-1.74760546875,-3.39233984375,-4.299296875,5.15810546875,0.14353125,-2.7779609375,-4.03364453125,-2.86751171875,1.7372109375,-1.58387890625,-5.8218984375,-2.9652265625,5.6391484375,0.8665546875,-0.53803515625,-1.1746484375,0.599605468750001,1.8108828125,1.8186171875,1.55747265625,6.19624609375
9.6999765625,8.56614453125,7.28063671875,14.4629921875,10.66748828125,-1.0330703125,-2.13325390625,4.20043359375,5.19435546875,-0.75360546875,-2.87933984375,-3.828296875,4.37510546875,1.13053125,-1.5569609375,-3.75164453125,-1.25851171875,2.5282109375,-0.51687890625,-4.8568984375,-2.8052265625,5.9171484375,1.5185546875,0.24696484375,-1.2706484375,0.29360546875,2.0988828125,2.0616171875,1.41247265625,6.42024609375
9.3829765625,8.19314453125,6.91363671875,14.2659921875,9.94148828125,-0.8280703125,-2.18125390625,4.05543359375,5.35235546875,-0.45960546875,-2.83233984375,-3.765296875,2.97210546875,1.50253125,-1.1489609375,-4.20564453125,-0.48551171875,2.5052109375,-0.28687890625,-4.4778984375,-3.5292265625,5.3101484375,1.5845546875,0.18696484375,-2.2056484375,-0.600394531249998,1.6228828125,1.9016171875,0.99847265625,5.88224609375
7.2459765625,6.42514453125,5.28363671875,13.1679921875,8.56948828125,-1.3340703125,-2.97225390625,3.38843359375,4.99135546875,-0.70460546875,-3.15133984375,-4.135296875,1.30510546875,1.42453125,-1.4159609375,-5.19764453125,-1.18351171875,1.7962109375,-0.71187890625,-4.6588984375,-5.0852265625,4.0271484375,1.1415546875,-0.61503515625,-3.8136484375,-2.09739453125,0.461882812499999,1.3046171875,0.30147265625,4.67524609375
3.7089765625,3.55514453125,2.44663671875,11.4429921875,7.05648828125,-2.2080703125,-4.30925390625,2.25343359375,4.44635546875,-1.06560546875,-3.47633984375,-4.678296875,-0.234894531249999,1.23753125,-1.8959609375,-6.21364453125,-3.27251171875,0.7932109375,-1.34287890625,-5.0558984375,-7.0232265625,2.4991484375,0.4685546875,-1.73103515625,-5.5916484375,-3.89739453125,-1.0291171875,0.4126171875,-0.56352734375,3.15624609375
-0.285023437500001,0.335144531249998,-0.980363281250003,9.6019921875,5.98048828125,-2.9330703125,-5.65225390625,0.987433593750005,4.12235546875,-1.05860546875,-3.35133984375,-5.030296875,-1.26389453125,1.28953125,-2.0389609375,-6.67164453125,-5.95151171875,-0.0347890625000005,-1.68787890625,-5.2058984375,-8.6722265625,1.1771484375,-0.1044453125,-2.62703515625,-6.9216484375,-5.50839453125,-2.3981171875,-0.5283828125,-1.39652734375,1.79824609375
-3.7300234375,-2.40085546875,-4.12536328125,8.15499218749999,5.74248828125,-3.0670703125,-6.40925390625,0.0284335937500053,4.29635546875,-0.35760546875,-2.44033984375,-4.917296875,-1.49789453125,1.78953125,-1.4749609375,-6.20164453125,-8.05851171875,-0.350789062500001,-1.43987890625,-4.7828984375,-9.4362265625,0.3661484375,-0.3564453125,-2.92003515625,-7.3406484375,-6.46239453125,-3.2991171875,-1.2993828125,-2.02352734375,0.95924609375
-6.0430234375,-4.14485546875,-6.31336328125,7.3509921875,6.36548828125,-2.4410703125,-6.26825390625,-0.353566406249996,4.96535546875,1.05839453125,-0.71533984375,-4.275296875,-0.902894531249999,2.71153125,-0.176960937499999,-4.82164453125,-8.61151171875,-0.0967890625000005,-0.61087890625,-3.7778984375,-9.0512265625,0.1301484375,-0.2724453125,-2.55003515625,-6.7376484375,-6.51939453125,-3.6331171875,-1.8093828125,-2.38752734375,0.720246093750003
-7.2840234375,-4.93385546875,-7.38136328125,7.06399218749999,7.48048828125,-1.2470703125,-5.33225390625,-0.197566406249997,5.81835546875,2.87839453125,1.47766015625,-3.241296875,0.225105468750001,3.78753125,1.5210390625,-2.93364453125,-7.29051171875,0.4872109375,0.48912109375,-2.4898984375,-7.6922265625,0.2851484375,-0.0544453125000001,-1.78803515625,-5.3806484375,-5.75939453125,-3.5731171875,-2.1323828125,-2.58052734375,0.85724609375
-7.9750234375,-5.22585546875,-7.67436328125,6.8729921875,8.52248828125,0.0679296874999999,-4.03625390625,0.209433593750003,6.36935546875,4.58039453125,3.54866015625,-2.048296875,1.36210546875,4.61653125,3.0820390625,-1.12164453125,-4.58351171875,0.9822109375,1.40712109375,-1.3508984375,-5.8422265625,0.5191484375,0.000554687499999922,-1.06603515625,-3.7516484375,-4.50939453125,-3.4311171875,-2.4463828125,-2.77052734375,1.00324609375
-8.6730234375,-5.51885546875,-7.72636328125,6.2969921875,9.00748828125,1.0409296875,-2.89925390625,0.525433593750005,6.22435546875,5.67639453125,4.94766015625,-0.895296875,2.03210546875,4.86253125,4.0320390625,0.13335546875,-1.48451171875,1.0362109375,1.78512109375,-0.691898437500001,-4.0302265625,0.5691484375,-0.3134453125,-0.72503515625,-2.2816484375,-3.14939453125,-3.4591171875,-2.9073828125,-3.06152734375,0.884246093750001
-9.5880234375,-5.99985546875,-7.89236328125,5.0499921875,8.74548828125,1.4219296875,-2.29025390625,0.534433593750002,5.30435546875,5.92739453125,5.42166015625,0.129703125,2.02210546875,4.43053125,4.1730390625,0.66635546875,1.04548828125,0.550210937499999,1.52512109375,-0.590898437500001,-2.5922265625,0.3431484375,-0.9874453125,-0.83403515625,-1.1606484375,-1.93039453125,-3.7011171875,-3.5553828125,-3.39352734375,0.48824609375
-10.4910234375,-6.45685546875,-8.17236328125,3.17899218749999,7.88948828125,1.2589296875,-2.28725390625,0.242433593750004,3.88735546875,5.41239453125,5.08866015625,1.007703125,1.40110546875,3.49953125,3.6310390625,0.62835546875,2.51848828125,-0.2907890625,0.79912109375,-0.890898437500001,-1.5912265625,-0.0888515625000004,-1.8134453125,-1.20003515625,-0.3256484375,-0.928394531249999,-4.0031171875,-4.2943828125,-3.56652734375,0.0302460937500015
-10.9170234375,-6.47385546875,-8.29436328125,1.0549921875,6.82248828125,0.8209296875,-2.69125390625,-0.164566406249996,2.46335546875,4.44239453125,4.32766015625,1.705703125,0.39910546875,2.43853125,2.7540390625,0.34335546875,3.02648828125,-1.1347890625,-0.0448789062499999,-1.3278984375,-0.9002265625,-0.5878515625,-2.5044453125,-1.49803515625,0.4053515625,-0.116394531249998,-4.1231171875,-4.9543828125,-3.35952734375,-0.211753906249999
-10.5020234375,-5.73185546875,-7.92936328125,-0.792007812500003,5.97248828125,0.4559296875,-3.16325390625,-0.467566406249997,1.50835546875,3.43139453125,3.58666015625,2.143703125,-0.71589453125,1.66253125,1.9650390625,0.14135546875,3.04148828125,-1.6117890625,-0.61487890625,-1.6538984375,-0.3182265625,-1.0018515625,-2.8104453125,-1.43503515625,1.1973515625,0.538605468750001,-3.8591171875,-5.3483828125,-2.64352734375,-0.0647539062499973
-9.2420234375,-4.22685546875,-6.93236328125,-1.90700781250001,5.62848828125,0.4359296875,-3.42125390625,-0.579566406249995,1.28435546875,2.76139453125,3.21166015625,2.226703125,-1.70989453125,1.49253125,1.6140390625,0.24335546875,3.05148828125,-1.4697890625,-0.59787890625,-1.7238984375,0.3197734375,-1.1918515625,-2.5854453125,-0.85103515625,2.1033515625,1.02160546875,-3.1321171875,-5.3333828125,-1.45452734375,0.45024609375
-7.5420234375,-2.33285546875,-5.49036328125,-2.10800781250001,5.84348828125,0.8279296875,-3.38325390625,-0.610566406249998,1.72435546875,2.64039453125,3.31966015625,1.908703125,-2.44789453125,2.02353125,1.8500390625,0.69035546875,3.22448828125,-0.6787890625,0.11812109375,-1.5458984375,1.0337734375,-1.0858515625,-1.8444453125,0.20796484375,3.0373515625,1.24560546875,-2.0481171875,-4.8843828125,-0.00852734374999997,1.12124609375
-6.0550234375,-0.685855468749999,-4.12436328125,-1.5700078125,6.43748828125,1.4569296875,-3.17025390625,-0.815566406249996,2.45035546875,3.00539453125,3.75666015625,1.234703125,-2.93389453125,3.04853125,2.5380390625,1.32435546875,3.29148828125,0.5242109375,1.36412109375,-1.2888984375,1.6637734375,-0.7388515625,-0.7814453125,1.47596484375,3.7843515625,1.07760546875,-0.8991171875,-4.1393828125,1.34947265625,1.61524609375
-5.4190234375,0.0681445312499989,-3.50236328125,-0.746007812500004,7.09948828125,1.9879296875,-3.01625390625,-1.44756640625,2.95935546875,3.55739453125,4.20166015625,0.360703125,-3.24589453125,4.13853125,3.3220390625,1.88335546875,2.72548828125,1.7462109375,2.74712109375,-1.2078984375,1.9387734375,-0.3068515625,0.3125546875,2.56696484375,4.1003515625,0.409605468750001,-0.0501171875000015,-3.3253828125,2.27647265625,1.62424609375
-5.9890234375,-0.435855468749999,-4.10136328125,-0.178007812500006,7.52648828125,2.1259296875,-3.12725390625,-2.61356640625,2.88435546875,3.93339453125,4.34966015625,-0.468296875,-3.41389453125,4.83953125,3.8100390625,2.14435546875,1.13948828125,2.6392109375,3.83112109375,-1.5058984375,1.6487734375,0.0901484374999999,1.1945546875,3.15396484375,3.8553515625,-0.727394531249999,0.249882812499999,-2.6123828125,2.60847265625,1.03324609375
-7.6590234375,-2.09385546875,-5.91136328125,-0.259007812500002,7.54048828125,1.7729296875,-3.58425390625,-4.17056640625,2.17735546875,3.89039453125,4.05266015625,-1.020296875,-3.36989453125,4.87253125,3.7640390625,2.02935546875,-1.36451171875,3.0622109375,4.32412109375,-2.2128984375,0.7897734375,0.4681484375,1.7815546875,3.11796484375,3.1183515625,-2.11639453125,-0.0031171875000009,-2.0003828125,2.44447265625,-0.0067539062499975
-9.8490234375,-4.33185546875,-8.33336328125,-1.0630078125,7.13948828125,1.0609296875,-4.30625390625,-5.75256640625,1.09435546875,3.37839453125,3.33166015625,-1.192296875,-3.03689453125,4.21753125,3.1730390625,1.59235546875,-4.14051171875,3.0792109375,4.16912109375,-3.1848984375,-0.4242265625,0.9411484375,2.1275546875,2.56596484375,2.1123515625,-3.40839453125,-0.598117187500002,-1.3703828125,2.08547265625,-1.14475390625
-11.6930234375,-6.30785546875,-10.37536328125,-2.33600781250001,6.46048828125,0.2529296875,-5.10325390625,-6.93056640625,0.0403554687500001,2.51639453125,2.30566015625,-1.050296875,-2.45889453125,3.08453125,2.2190390625,0.95135546875,-6.25851171875,2.8712109375,3.51912109375,-4.1838984375,-1.6562265625,1.6011484375,2.3365546875,1.75096484375,1.1133515625,-4.26039453125,-1.2371171875,-0.6093828125,1.87147265625,-1.98775390625
-12.3620234375,-7.21185546875,-11.04836328125,-3.6240078125,5.69948828125,-0.3790703125,-5.76125390625,-7.44156640625,-0.60864453125,1.53239453125,1.13466015625,-0.745296875,-1.82789453125,1.82853125,1.1790390625,0.23135546875,-6.94951171875,2.6322109375,2.66612109375,-4.9948984375,-2.5532265625,2.4411484375,2.4935546875,0.95996484375,0.3543515625,-4.44239453125,-1.6651171875,0.2916171875,2.03647265625,-2.23875390625
-11.3870234375,-6.57085546875,-9.79336328125,-4.48200781250001,5.03848828125,-0.6680703125,-6.12025390625,-7.32056640624999,-0.63664453125,0.68939453125,-0.00633984374999985,-0.408296875,-1.38689453125,0.82653125,0.328039062500001,-0.45164453125,-5.97551171875,2.5212109375,1.93212109375,-5.4948984375,-2.8592265625,3.3521484375,2.6315546875,0.41396484375,-0.0286484375000003,-3.89339453125,-1.7531171875,1.2156171875,2.63347265625,-1.79475390625
-8.8040234375,-4.41685546875,-6.70636328125,-4.6300078125,4.62848828125,-0.5960703125,-6.09125390625,-6.80956640625,-0.0296445312499998,0.18939453125,-0.96633984375,-0.115296875,-1.32689453125,0.34353125,-0.155960937499999,-1.01764453125,-3.71851171875,2.6162109375,1.55112109375,-5.6818984375,-2.5062265625,4.1561484375,2.7325546875,0.19796484375,-0.0376484375000004,-2.73739453125,-1.5301171875,1.9706171875,3.52047265625,-0.773753906249997
-5.0820234375,-1.23685546875,-2.45336328125,-4.03100781250001,4.57248828125,-0.2760703125,-5.65225390625,-6.16856640625,1.04835546875,0.10239453125,-1.63933984375,0.0707031249999999,-1.72489453125,0.44053125,-0.238960937499999,-1.43964453125,-0.92451171875,2.8872109375,1.59312109375,-5.6498984375,-1.6482265625,4.6501484375,2.7395546875,0.24196484375,0.1893515625,-1.24239453125,-1.1641171875,2.3806171875,4.42047265625,0.528246093750003
-0.9120234375,2.24114453125,2.05463671875,-2.8870078125,4.89848828125,0.1279296875,-4.86225390625,-5.52556640625,2.32435546875,0.35639453125,-1.97933984375,0.0847031249999999,-2.51889453125,0.97653125,-0.0149609374999994,-1.72764453125,1.69848828125,3.1982109375,1.95012109375,-5.5368984375,-0.5982265625,4.6531484375,2.5895546875,0.36796484375,0.4463515625,0.25460546875,-0.884117187500001,2.3646171875,5.02147265625,1.74424609375
2.9909765625,5.29814453125,5.99863671875,-1.59000781250001,5.49648828125,0.4559296875,-3.87725390625,-4.87856640624999,3.49335546875,0.76139453125,-2.00133984375,-0.112296875,-3.52089453125,1.66953125,0.334039062500001,-1.90664453125,3.71248828125,3.3312109375,2.38312109375,-5.4988984375,0.2927734375,4.0511484375,2.2315546875,0.37196484375,0.5403515625,1.44160546875,-0.893117187500001,1.9536171875,5.07847265625,2.54924609375
5.9999765625,7.37314453125,8.80263671875,-0.631007812500002,6.09848828125,0.5659296875,-2.92925390625,-4.18356640625,4.24335546875,1.03339453125,-1.80333984375,-0.486296875,-4.47089453125,2.17053125,0.577039062500001,-2.02264453125,4.89148828125,3.0252109375,2.58312109375,-5.7018984375,0.7547734375,2.8131484375,1.6005546875,0.0839648437500005,0.3453515625,2.08560546875,-1.3201171875,1.2276171875,4.45947265625,2.73524609375
7.6169765625,8.10214453125,10.11163671875,-0.456007812500005,6.33448828125,0.3309296875,-2.24825390625,-3.45156640625,4.30035546875,0.86739453125,-1.56533984375,-0.942296875,-5.12589453125,2.13553125,0.480039062500001,-2.15364453125,5.06248828125,2.0512109375,2.26212109375,-6.3048984375,0.6677734375,1.0211484375,0.6195546875,-0.59303515625,-0.1846484375,2.06160546875,-2.2081171875,0.2546171875,3.17347265625,2.22324609375
7.5189765625,7.34014453125,9.74263671875,-1.3250078125,5.87448828125,-0.3140703125,-1.98225390625,-2.79356640625,3.52335546875,0.0683945312499999,-1.48233984375,-1.352296875,-5.33389453125,1.35153125,-0.101960937499999,-2.38064453125,4.06848828125,0.3502109375,1.26612109375,-7.3638984375,0.0897734374999999,-1.0818515625,-0.7314453125,-1.62903515625,-0.9926484375,1.39160546875,-3.4861171875,-0.9013828125,1.39647265625,1.08124609375
5.6459765625,5.19914453125,7.72763671875,-3.21100781250001,4.57148828125,-1.3060703125,-2.15425390625,-2.39356640625,2.00535546875,-1.30960546875,-1.65833984375,-1.604296875,-5.07489453125,-0.15346875,-1.1279609375,-2.72864453125,1.92348828125,-1.8547890625,-0.31587890625,-8.7108984375,-0.7552265625,-3.0948515625,-2.3164453125,-2.83603515625,-1.9056484375,0.27060546875,-4.9511171875,-2.1183828125,-0.52452734375,-0.47375390625
2.3449765625,2.09414453125,4.41963671875,-5.78100781250001,2.56548828125,-2.4320703125,-2.66525390625,-2.39056640625,0.10035546875,-2.93360546875,-2.05633984375,-1.628296875,-4.46989453125,-2.07546875,-2.3549609375,-3.13464453125,-1.00651171875,-4.0877890625,-2.14687890625,-9.9028984375,-1.5712265625,-4.5678515625,-3.8294453125,-3.90703515625,-2.6726484375,-0.973394531249999,-6.3051171875,-3.2013828125,-2.14952734375,-2.11975390625
-1.5570234375,-1.25285546875,0.564636718749998,-8.47900781250001,0.271488281249999,-3.3880703125,-3.31225390625,-2.73556640625,-1.67864453125,-4.32760546875,-2.53033984375,-1.416296875,-3.75689453125,-3.93546875,-3.4389609375,-3.46164453125,-3.98351171875,-5.7927890625,-3.75487890625,-10.3178984375,-2.1132265625,-5.1848515625,-4.9104453125,-4.54303515625,-3.0686484375,-1.99439453125,-7.2571171875,-3.9553828125,-3.10452734375,-3.53375390625
-4.8850234375,-3.94185546875,-2.80536328125,-10.6880078125,-1.75251171875,-3.8930703125,-3.84125390625,-3.14256640625,-2.83064453125,-5.05460546875,-2.88033984375,-1.005296875,-3.19289453125,-5.23746875,-4.0619609375,-3.54564453125,-6.07751171875,-6.5527890625,-4.69587890625,-9.3938984375,-2.2652265625,-4.8998515625,-5.3044453125,-4.58103515625,-2.9826484375,-2.55939453125,-7.6241171875,-4.2833828125,-3.23852734375,-4.48775390625
-6.5110234375,-5.15285546875,-4.68836328125,-11.9300078125,-3.01451171875,-3.7680703125,-4.02825390625,-3.20156640625,-3.02864453125,-4.86460546875,-2.91233984375,-0.436296875,-2.91589453125,-5.61346875,-4.0219609375,-3.21664453125,-6.50751171875,-6.2257890625,-4.70187890625,-6.8888984375,-2.0242265625,-3.9298515625,-4.9484453125,-4.03903515625,-2.4376484375,-2.61439453125,-7.3681171875,-4.2213828125,-2.65652734375,-4.89075390625
-5.8410234375,-4.47585546875,-4.52936328125,-12.0140078125,-3.27351171875,-2.9900703125,-3.74825390625,-2.58356640625,-2.22264453125,-3.75860546875,-2.49833984375,0.255703125,-2.84589453125,-4.92746875,-3.2829609375,-2.34464453125,-4.99651171875,-4.9697890625,-3.74187890625,-3.0578984375,-1.4502265625,-2.6788515625,-3.9734453125,-3.07803515625,-1.5616484375,-2.28539453125,-6.5831171875,-3.9003828125,-1.65552734375,-4.77775390625
-3.0940234375,-2.12885546875,-2.50336328125,-11.0690078125,-2.60351171875,-1.7060703125,-2.99325390625,-1.20156640625,-0.65664453125,-1.98260546875,-1.64833984375,1.008703125,-2.70389453125,-3.33246875,-1.9749609375,-0.91964453125,-1.95051171875,-3.1837890625,-2.03987890625,1.3681015625,-0.6582265625,-1.6128515625,-2.6464453125,-1.94103515625,-0.5596484375,-1.83239453125,-5.4641171875,-3.4733828125,-0.59352734375,-4.28975390625
0.7629765625,1.09314453125,0.513636718749996,-9.48000781250001,-1.35351171875,-0.2060703125,-1.87125390625,0.714433593750005,1.21835546875,0.0533945312499999,-0.52233984375,1.729703125,-2.17189453125,-1.23046875,-0.367960937499999,0.89135546875,1.64248828125,-1.3727890625,-0.00187890624999998,5.4131015625,0.1807734375,-1.1088515625,-1.2824453125,-0.87403515625,0.3263515625,-1.56639453125,-4.2701171875,-3.0573828125,0.22447265625,-3.64075390625
4.3969765625,4.10714453125,3.28263671875,-7.7640078125,-0.0245117187499986,1.1679296875,-0.59325390625,2.65743359375,2.92135546875,1.91839453125,0.63366015625,2.323703125,-1.07989453125,0.85653125,1.2120390625,2.75135546875,4.59148828125,0.0402109374999995,1.90912109375,8.2281015625,0.8507734375,-1.2788515625,-0.1424453125,-0.0560351562499997,0.8813515625,-1.73539453125,-3.2551171875,-2.6893828125,0.63647265625,-3.07075390625
6.5889765625,5.92014453125,4.65763671875,-6.44300781250001,0.889488281249999,2.1179296875,0.551746093749999,4.00543359375,4.10835546875,3.29739453125,1.58366015625,2.727703125,0.45810546875,2.47453125,2.4790390625,4.23835546875,5.95648828125,0.8642109375,3.31712109375,9.3711015625,1.1427734375,-1.8868515625,0.6365546875,0.43896484375,0.9763515625,-2.43739453125,-2.6141171875,-2.3323828125,0.633472656249999,-2.78675390625
6.6319765625,5.92314453125,3.96363671875,-5.92200781250001,1.05148828125,2.4789296875,1.26974609375,4.27143359375,4.64635546875,4.04239453125,2.16666015625,2.890703125,2.05910546875,3.36753125,3.2410390625,4.96035546875,5.39448828125,1.1552109375,4.01712109375,8.9011015625,0.9117734375,-2.4498515625,1.0405546875,0.62296484375,0.5943515625,-3.60039453125,-2.4421171875,-1.9313828125,0.30547265625,-2.90775390625
4.5239765625,4.03514453125,1.18863671875,-6.38800781250001,0.41448828125,2.2509296875,1.35674609375,3.31243359375,4.59635546875,4.17539453125,2.31066015625,2.765703125,3.22110546875,3.51653125,3.4310390625,4.68435546875,3.25948828125,1.1292109375,4.00312109375,7.2691015625,0.1267734375,-2.4948515625,1.1395546875,0.55996484375,-0.1886484375,-5.01539453125,-2.7361171875,-1.4713828125,-0.24252734375,-3.44275390625
0.8959765625,0.696144531249999,-3.03236328125,-7.7610078125,-0.763511718749999,1.6249296875,0.789746093749999,1.37043359375,4.14835546875,3.87039453125,2.05666015625,2.351703125,3.56410546875,3.12353125,3.1490390625,3.46435546875,0.46648828125,1.0332109375,3.44812109375,5.1351015625,-1.0752265625,-1.7988515625,1.0615546875,0.36196484375,-1.2106484375,-6.38539453125,-3.3661171875,-0.9843828125,-0.92252734375,-4.27075390625
-3.2470234375,-3.26485546875,-7.61636328125,-9.69900781250001,-2.01351171875,0.9369296875,-0.246253906250001,-1.03956640625,3.55535546875,3.43139453125,1.57466015625,1.776703125,3.03510546875,2.52253125,2.6710390625,1.70435546875,-1.88151171875,1.0672109375,2.65612109375,3.1851015625,-2.3722265625,-0.4898515625,0.9795546875,0.19896484375,-2.2126484375,-7.37839453125,-4.0781171875,-0.5123828125,-1.63852734375,-5.14975390625
-6.8760234375,-6.89185546875,-11.40036328125,-11.6750078125,-2.83551171875,0.5549296875,-1.40225390625,-3.30656640625,3.06435546875,3.20339453125,1.12066015625,1.276703125,1.97510546875,2.05953125,2.3610390625,0.0523554687499996,-2.94551171875,1.3242109375,1.96612109375,1.9711015625,-3.3402265625,1.0021484375,1.0765546875,0.26896484375,-2.8806484375,-7.71539453125,-4.5511171875,-0.0793828124999998,-2.26452734375,-5.78875390625
-9.2120234375,-9.39185546875,-13.52136328125,-13.1160078125,-2.90151171875,0.7289296875,-2.28925390625,-4.89956640625,2.84735546875,3.43239453125,0.92366015625,1.075703125,1.00610546875,1.96553125,2.5110390625,-0.84664453125,-2.48651171875,1.7772109375,1.64612109375,1.7721015625,-3.6102265625,2.1411484375,1.4765546875,0.72396484375,-2.9366484375,-7.26139453125,-4.5131171875,0.3136171875,-2.66052734375,-5.95475390625
-9.8880234375,-10.34185546875,-13.67536328125,-13.5810078125,-2.18751171875,1.4829296875,-2.64525390625,-5.51156640625,2.97635546875,4.16439453125,1.09966015625,1.252703125,0.765105468750001,2.30453125,3.1980390625,-0.62264453125,-0.88751171875,2.3172109375,1.80812109375,2.5201015625,-3.0152265625,2.5321484375,2.1995546875,1.59196484375,-2.2376484375,-6.07539453125,-3.8491171875,0.6696171875,-2.71952734375,-5.56875390625
-8.9830234375,-9.76285546875,-12.14436328125,-12.9290078125,-0.962511718750001,2.6269296875,-2.44925390625,-5.14756640625,3.44235546875,5.24239453125,1.61466015625,1.716703125,1.59110546875,2.99653125,4.2560390625,0.68135546875,1.13248828125,2.8352109375,2.40712109375,3.8471015625,-1.6312265625,2.1411484375,3.1585546875,2.75996484375,-0.8366484375,-4.38439453125,-2.6561171875,0.9826171875,-2.40752734375,-4.73775390625
-6.9540234375,-8.06285546875,-9.63436328125,-11.3640078125,0.33448828125,3.8369296875,-1.91325390625,-4.07756640625,4.17835546875,6.37139453125,2.31766015625,2.296703125,3.30110546875,3.87853125,5.3520390625,2.62935546875,2.89148828125,3.2802109375,3.26312109375,5.2191015625,0.2587734375,1.3111484375,4.1765546875,3.99096484375,1.0143515625,-2.50539453125,-1.2221171875,1.2106171875,-1.79452734375,-3.71375390625
-4.4970234375,-5.89685546875,-7.00736328125,-9.3770078125,1.27548828125,4.7699296875,-1.36125390625,-2.68956640624999,5.05335546875,7.21139453125,2.97466015625,2.843703125,5.19810546875,4.73953125,6.0990390625,4.55935546875,4.00948828125,3.6362109375,4.09712109375,6.1081015625,2.2467734375,0.5791484375,5.0135546875,4.96696484375,2.9063515625,-0.785394531249999,0.0368828125,1.2586171875,-1.03852734375,-2.82575390625
-2.3800234375,-3.98485546875,-5.03436328125,-7.59200781250001,1.56248828125,5.1549296875,-1.09225390625,-1.34556640625,5.86935546875,7.46139453125,3.32666015625,3.271703125,6.35010546875,5.35653125,6.1890390625,5.80435546875,4.43048828125,3.8742109375,4.58612109375,6.1521015625,3.9007734375,0.3721484375,5.4075546875,5.35996484375,4.3693515625,0.454605468750001,0.700882812499999,0.9966171875,-0.34952734375,-2.37575390625
-1.2840234375,-2.94185546875,-4.24436328125,-6.5910078125,1.06148828125,4.8519296875,-1.31725390625,-0.331566406249998,6.38735546875,6.95639453125,3.16566015625,3.545703125,6.01910546875,5.53953125,5.4800390625,5.92935546875,4.26748828125,3.9162109375,4.45912109375,5.2421015625,4.8667734375,0.7691484375,5.1605546875,4.94396484375,5.0303515625,0.977605468750001,0.499882812499999,0.3246171875,0.07647265625,-2.54675390625
-1.6520234375,-3.14485546875,-4.86236328125,-6.75000781250001,-0.200511718750001,3.8809296875,-2.12925390625,0.146433593750004,6.40235546875,5.72239453125,2.40766015625,3.635703125,4.02310546875,5.20553125,4.0470390625,4.85535546875,3.59048828125,3.6732109375,3.60212109375,3.5471015625,4.9527734375,1.4611484375,4.2285546875,3.68996484375,4.7413515625,0.678605468750002,-0.564117187500001,-0.7573828125,0.12747265625,-3.33775390625
-3.5520234375,-4.63585546875,-6.78736328125,-8.11300781250001,-2.03151171875,2.4209296875,-3.45625390625,-0.0305664062499957,5.82535546875,3.98539453125,1.13766015625,3.487703125,0.85610546875,4.43153125,2.1650390625,2.87735546875,2.35648828125,3.1232109375,2.13612109375,1.4591015625,4.1557734375,1.9221484375,2.7665546875,1.82396484375,3.6383515625,-0.374394531249999,-2.1961171875,-2.1253828125,-0.18952734375,-4.58175390625
-6.6080234375,-7.06885546875,-9.57336328125,-10.3770078125,-4.08451171875,0.7869296875,-5.02425390625,-0.866566406249998,4.74135546875,2.13539453125,-0.36833984375,3.046703125,-2.47589453125,3.45353125,0.252039062500001,0.55835546875,0.54548828125,2.3782109375,0.41412109375,-0.5098984375,2.6797734375,1.7231484375,1.1195546875,-0.21103515625,2.1013515625,-1.94539453125,-3.9111171875,-3.5343828125,-0.72952734375,-5.99275390625
-10.0820234375,-9.76385546875,-12.49136328125,-13.0090078125,-5.93451171875,-0.6190703125,-6.40125390625,-2.23956640625,3.40835546875,0.64639453125,-1.68333984375,2.319703125,-4.84689453125,2.61553125,-1.2049609375,-1.42364453125,-1.62251171875,1.6832109375,-1.05587890625,-1.8508984375,0.9097734375,0.8031484375,-0.2514453125,-1.84703515625,0.6513515625,-3.66239453125,-5.1781171875,-4.6383828125,-1.21852734375,-7.23675390625
-13.1090234375,-11.92185546875,-14.73536328125,-15.4480078125,-7.21251171875,-1.4010703125,-7.14025390625,-3.92556640625,2.15935546875,-0.0556054687500001,-2.34233984375,1.415703125,-5.46389453125,2.22853125,-1.7809609375,-2.47264453125,-3.62851171875,1.3162109375,-1.77887890625,-2.1858984375,-0.6522265625,-0.4808515625,-0.9124453125,-2.55203515625,-0.2116484375,-5.10839453125,-5.5791171875,-5.0573828125,-1.30952734375,-7.99675390625
-14.9880234375,-12.93085546875,-15.72236328125,-17.2880078125,-7.71451171875,-1.3170703125,-6.95625390625,-5.63756640625,1.25635546875,0.23139453125,-2.03433984375,0.522703125,-4.20889453125,2.41553125,-1.2569609375,-2.26364453125,-4.87451171875,1.4212109375,-1.45787890625,-1.3898984375,-1.5402265625,-1.5478515625,-0.6154453125,-2.01303515625,-0.1606484375,-5.94239453125,-4.9361171875,-4.4923828125,-0.70452734375,-8.03475390625
-15.4050234375,-12.60185546875,-15.32036328125,-18.3890078125,-7.44851171875,-0.3710703125,-5.85325390625,-7.08456640625,0.76235546875,1.38539453125,-0.74133984375,-0.145296875,-1.68489453125,3.02753125,0.287039062500001,-0.84164453125,-4.99551171875,1.9132109375,-0.12287890625,0.3651015625,-1.4742265625,-1.9208515625,0.5955546875,-0.25603515625,0.8493515625,-6.00539453125,-3.3521171875,-2.8713828125,0.71947265625,-7.25775390625
-14.4990234375,-11.19885546875,-13.83936328125,-18.8760078125,-6.59651171875,1.1919296875,-4.14025390625,-8.04956640625,0.53735546875,3.02039453125,1.24466015625,-0.392296875,1.06210546875,3.71453125,2.4980390625,1.43735546875,-3.99651171875,2.5152109375,1.88512109375,2.6701015625,-0.4512265625,-1.4708515625,2.4145546875,2.37996484375,2.5993515625,-5.31939453125,-1.1531171875,-0.4293828125,2.84547265625,-5.73475390625
-12.7430234375,-9.25085546875,-11.83536328125,-19.0380078125,-5.41551171875,3.0119296875,-2.31525390625,-8.42756640624999,0.35135546875,4.67839453125,3.45366015625,-0.0712968750000001,2.99010546875,4.12653125,4.8990390625,4.06535546875,-2.15951171875,2.9162109375,4.06812109375,5.0331015625,1.2927734375,-0.4718515625,4.4165546875,5.37296484375,4.7203515625,-4.04239453125,1.2288828125,2.3276171875,5.32847265625,-3.69875390625
-10.7190234375,-7.29285546875,-9.84036328125,-19.1720078125,-4.11751171875,4.7489296875,-0.837253906250002,-8.19456640625,0.0343554687500003,6.01939453125,5.41466015625,0.887703125,3.45110546875,4.10853125,7.0560390625,6.56135546875,0.14548828125,2.9312109375,5.97612109375,7.0371015625,3.3877734375,0.5461484375,6.2145546875,8.19796484375,6.8173515625,-2.39939453125,3.3678828125,4.7616171875,7.68647265625,-1.50475390625
-8.8970234375,-5.65885546875,-8.17536328125,-19.4360078125,-2.79451171875,6.1749296875,0.0777460937499992,-7.35056640625,-0.44064453125,6.92339453125,6.80266015625,2.452703125,2.35010546875,3.78053125,8.7050390625,8.58935546875,2.57448828125,2.5752109375,7.36312109375,8.4521015625,5.4467734375,1.0701484375,7.5685546875,10.44896484375,8.5643515625,-0.660394531249999,4.9388828125,6.3086171875,9.42247265625,0.43024609375
-7.5180234375,-4.43185546875,-6.90036328125,-19.8100078125,-1.44551171875,7.2009296875,0.530746093749999,-5.92756640625,-0.94664453125,7.47339453125,7.53066015625,4.507703125,0.0881054687500002,3.46453125,9.7900390625,10.03335546875,4.81148828125,2.0482109375,8.23712109375,9.2661015625,7.1837734375,0.8781484375,8.4235546875,11.91596484375,9.7653515625,0.88960546875,5.7778828125,6.6716171875,10.16947265625,1.72624609375
-6.6090234375,-3.51385546875,-5.87736328125,-20.1640078125,-0.0835117187499996,7.8569296875,0.844746093749999,-4.05456640625,-1.28064453125,7.86239453125,7.77066015625,6.887703125,-2.64889453125,3.52553125,10.4450390625,10.99835546875,6.55848828125,1.6402109375,8.79812109375,9.6431015625,8.4737734375,0.1541484375,8.8805546875,12.59296484375,10.3953515625,2.00060546875,5.9178828125,5.9276171875,9.81747265625,2.15324609375
-6.0430234375,-2.74185546875,-4.89236328125,-20.3580078125,1.18348828125,8.2549296875,1.37574609375,-1.98756640625,-1.25964453125,8.26939453125,7.85966015625,9.389703125,-5.13589453125,4.18253125,10.8950390625,11.73535546875,7.57348828125,1.6112109375,9.30012109375,9.8251015625,9.3637734375,-0.6308515625,9.1035546875,12.64196484375,10.5903515625,2.53160546875,5.5528828125,4.4726171875,8.54947265625,1.71224609375
-5.5880234375,-1.97385546875,-3.74936328125,-20.3090078125,2.15248828125,8.5189296875,2.34274609375,-0.0595664062499957,-0.81464453125,8.75639453125,8.12466015625,11.743703125,-6.82189453125,5.38753125,11.3330390625,12.49335546875,7.75148828125,2.0602109375,9.90812109375,10.0271015625,9.9837734375,-1.0128515625,9.2125546875,12.30796484375,10.5823515625,2.49260546875,4.9388828125,2.8576171875,6.78847265625,0.64824609375
-4.9530234375,-1.10985546875,-2.32836328125,-20.0300078125,2.57948828125,8.7229296875,3.71074609375,1.40743359375,-0.0366445312499999,9.22739453125,8.70366015625,13.589703125,-7.46189453125,6.82853125,11.8130390625,13.37435546875,7.18648828125,2.8812109375,10.60312109375,10.3331015625,10.4417734375,-0.8098515625,9.2255546875,11.82596484375,10.5963515625,2.03960546875,4.2858828125,1.5696171875,5.04447265625,-0.634753906249998
-3.8750234375,-0.0778554687500019,-0.611363281250004,-19.6440078125,2.25148828125,8.8469296875,5.15674609375,2.13743359375,0.84635546875,9.47739453125,9.45166015625,14.532703125,-7.15089453125,8.05953125,12.2020390625,14.26435546875,6.16148828125,3.8122109375,11.18712109375,10.6651015625,10.7527734375,-0.1898515625,9.0685546875,11.34396484375,10.7523515625,1.41460546875,3.6888828125,0.8876171875,3.74247265625,-1.72375390625
-2.2240234375,1.15714453125,1.31063671875,-19.3550078125,1.05648828125,8.7819296875,6.17974609375,1.94943359375,1.55135546875,9.27239453125,9.99866015625,14.271703125,-6.26989453125,8.67253125,12.2360390625,14.88235546875,5.05948828125,4.5572109375,11.36312109375,10.8101015625,10.8427734375,0.4761484375,8.6385546875,10.88596484375,11.0163515625,0.859605468750001,3.1298828125,0.8176171875,3.08847265625,-2.35475390625
-0.0540234374999997,2.58414453125,3.26763671875,-19.3390078125,-0.943511718749999,8.3899296875,6.35474609375,0.836433593750005,1.84035546875,8.43039453125,9.90266015625,12.737703125,-5.33389453125,8.42953125,11.6220390625,14.90535546875,4.20848828125,4.8972109375,10.87012109375,10.5421015625,10.6327734375,0.8421484375,7.8605546875,10.36796484375,11.2263515625,0.55260546875,2.5388828125,1.1436171875,3.01847265625,-2.49075390625
2.4119765625,4.12814453125,5.07063671875,-19.6460078125,-3.47851171875,7.5839296875,5.57974609375,-0.954566406249995,1.60635546875,6.88439453125,8.86366015625,10.195703125,-4.78989453125,7.31053125,10.1970390625,14.13435546875,3.76948828125,4.7452109375,9.60912109375,9.7431015625,10.1177734375,0.7681484375,6.7355546875,9.67596484375,11.1843515625,0.58460546875,1.8738828125,1.5496171875,3.27047265625,-2.27675390625
4.8499765625,5.65114453125,6.58163671875,-20.1740078125,-6.14451171875,6.4079296875,4.14274609375,-2.96956640625,0.90735546875,4.73539453125,6.88866015625,7.212703125,-4.83389453125,5.48853125,8.0340390625,12.59135546875,3.70848828125,4.1472109375,7.71012109375,8.4821015625,9.4187734375,0.3611484375,5.3685546875,8.76096484375,10.7773515625,0.981605468750001,1.1768828125,1.7776171875,3.54247265625,-1.90875390625
6.9199765625,6.95014453125,7.71663671875,-20.7450078125,-8.53151171875,5.0359296875,2.56174609375,-4.69856640624999,-0.0616445312499998,2.24239453125,4.31866015625,4.493703125,-5.33789453125,3.25453125,5.4520390625,10.49735546875,3.87048828125,3.2392109375,5.48712109375,6.9711015625,8.7177734375,-0.1138515625,3.9375546875,7.66396484375,10.0243515625,1.71360546875,0.5568828125,1.7316171875,3.62647265625,-1.52275390625
8.3299765625,7.75114453125,8.37963671875,-21.1970078125,-10.35451171875,3.6979296875,1.31574609375,-5.75956640624999,-1.06164453125,-0.25060546875,1.68866015625,2.617703125,-5.91789453125,0.92253125,2.8890390625,8.13735546875,4.04248828125,2.1892109375,3.31112109375,5.4321015625,8.1307734375,-0.3998515625,2.6295546875,6.47996484375,9.0293515625,2.66360546875,0.103882812499998,1.4766171875,3.46047265625,-1.17275390625
8.8519765625,7.72114453125,8.37463671875,-21.4630078125,-11.51451171875,2.5719296875,0.620746093749998,-6.03356640625,-1.90664453125,-2.42460546875,-0.50233984375,1.803703125,-6.11889453125,-1.24646875,0.731039062500001,5.71935546875,3.97048828125,1.1452109375,1.47812109375,3.9891015625,7.6137734375,-0.3838515625,1.5695546875,5.28696484375,7.8813515625,3.59560546875,-0.192117187500001,1.1396171875,3.08447265625,-0.899753906249998
8.3169765625,6.55414453125,7.40463671875,-21.6020078125,-12.11551171875,1.7049296875,0.34274609375,-5.73056640625,-2.52464453125,-4.05360546875,-1.97233984375,1.831703125,-5.63489453125,-3.06746875,-0.811960937499999,3.33635546875,3.37848828125,0.2012109375,0.13212109375,2.6341015625,6.9647734375,-0.1518515625,0.8015546875,4.13296484375,6.6103515625,4.17760546875,-0.435117187500001,0.8096171875,2.56547265625,-0.803753906249998
6.6459765625,4.11014453125,5.21263671875,-21.7830078125,-12.41151171875,1.0359296875,0.087746093749999,-5.33556640625,-2.94064453125,-5.02160546875,-2.71133984375,2.159703125,-4.48389453125,-4.41946875,-1.7169609375,1.04335546875,2.05548828125,-0.6097890625,-0.71587890625,1.3191015625,5.9647734375,0.0731484375000004,0.3225546875,3.06696484375,5.2283515625,4.08460546875,-0.733117187500001,0.4936171875,1.94047265625,-1.04275390625
3.9469765625,0.568144531249999,1.80663671875,-22.1880078125,-12.67851171875,0.4749296875,-0.541253906250001,-5.38656640625,-3.22064453125,-5.29760546875,-2.90033984375,2.169703125,-3.03489453125,-5.21946875,-2.0769609375,-1.04164453125,0.0224882812500002,-1.2887890625,-1.10287890625,0.0751015624999996,4.5447734375,0.0361484374999996,0.1365546875,2.20296484375,3.8233515625,3.15660546875,-1.0951171875,0.1696171875,1.21647265625,-1.74975390625
0.641976562499998,-3.49885546875,-2.36936328125,-22.8660078125,-13.03851171875,0.0269296875,-1.66925390625,-6.17956640625,-3.38864453125,-4.91160546875,-2.75333984375,1.474703125,-1.83089453125,-5.39246875,-1.9899609375,-2.67164453125,-2.33051171875,-1.8107890625,-1.03087890625,-0.898898437500001,2.9127734375,-0.3998515625,0.3135546875,1.73996484375,2.6193515625,1.51360546875,-1.3711171875,-0.1193828125,0.43347265625,-2.90875390625
-2.5470234375,-7.21385546875,-6.45136328125,-23.6510078125,-13.37151171875,-0.1500703125,-3.01625390625,-7.59156640625,-3.37164453125,-3.90760546875,-2.36833984375,0.132703125,-1.28289453125,-4.86346875,-1.4719609375,-3.49464453125,-4.27751171875,-2.0517890625,-0.41687890625,-1.2618984375,1.5277734375,-1.1418515625,0.9925546875,1.93196484375,1.9623515625,-0.429394531249999,-1.2891171875,-0.2073828125,-0.265527343750001,-4.28975390625
-4.8050234375,-9.67385546875,-9.42036328125,-24.2490078125,-13.39751171875,0.1909296875,-4.04325390625,-9.16156640625,-3.01764453125,-2.32860546875,-1.68233984375,-1.335296875,-1.46489453125,-3.58646875,-0.452960937499999,-3.18164453125,-5.03551171875,-1.7907890625,0.86312109375,-0.689898437500001,0.9337734375,-1.8698515625,2.3175546875,2.99096484375,2.1843515625,-2.10039453125,-0.567117187500001,0.1466171875,-0.64252734375,-5.50975390625
-5.5470234375,-10.31685546875,-10.52236328125,-24.4310078125,-12.88751171875,1.2209296875,-4.26025390625,-10.35756640625,-2.21164453125,-0.28360546875,-0.58433984375,-2.221296875,-2.13989453125,-1.63746875,1.1100390625,-1.61764453125,-4.16751171875,-0.8397890625,2.83412109375,0.9021015625,1.4607734375,-2.1938515625,4.2945546875,4.92696484375,3.3953515625,-3.02939453125,0.894882812499999,1.0956171875,-0.48952734375,-6.23575390625
-4.6690234375,-9.17385546875,-9.60436328125,-24.2080078125,-11.86751171875,2.8529296875,-3.49925390625,-10.84456640625,-1.01664453125,1.96039453125,0.91166015625,-2.025296875,-2.96389453125,0.69853125,3.0890390625,0.92835546875,-1.85551171875,0.7772109375,5.26812109375,3.2111015625,2.9937734375,-1.8858515625,6.6565546875,7.42896484375,5.3193515625,-3.09339453125,2.8678828125,2.5396171875,0.19047265625,-6.38875390625
-2.6120234375,-6.87385546875,-7.20736328125,-23.8720078125,-10.68051171875,4.7089296875,-2.02025390625,-10.61556640625,0.27335546875,3.96239453125,2.56766015625,-0.728296875,-3.65789453125,2.93353125,5.1230390625,3.83735546875,1.12548828125,2.7382109375,7.65312109375,5.5901015625,4.9717734375,-1.0158515625,8.8715546875,9.89396484375,7.3313515625,-2.58739453125,4.8098828125,4.0916171875,1.11447265625,-6.21275390625
-0.239023437499998,-4.41385546875,-4.36036328125,-23.8870078125,-9.88051171875,6.2579296875,-0.39125390625,-9.97856640625,1.22035546875,5.23239453125,4.01066015625,1.234703125,-4.05789453125,4.52553125,6.7200390625,6.37235546875,3.73648828125,4.5092109375,9.33912109375,7.2791015625,6.6507734375,0.0971484375000005,10.3115546875,11.62996484375,8.7143515625,-2.05739453125,6.0708828125,5.2226171875,1.83147265625,-6.13575390625
1.4429765625,-2.78785546875,-2.19136328125,-24.6720078125,-9.97551171875,7.0529296875,0.771746093749998,-9.37856640624999,1.45535546875,5.44539453125,4.90866015625,3.244703125,-4.08589453125,5.08253125,7.4710390625,7.99935546875,5.12248828125,5.5642109375,9.81612109375,7.7351015625,7.4817734375,1.0511484375,10.5195546875,12.13496484375,9.0063515625,-1.99939453125,6.1878828125,5.5306171875,1.95647265625,-6.50675390625
1.6449765625,-2.64985546875,-1.50336328125,-26.3530078125,-11.14151171875,6.9319296875,1.11374609375,-9.16056640625,0.86635546875,4.62239453125,5.14566015625,4.800703125,-3.74389453125,4.54153125,7.2470390625,8.59135546875,4.94848828125,5.6202109375,8.96412109375,6.8731015625,7.3567734375,1.5441484375,9.4235546875,11.32396484375,8.2233515625,-2.60539453125,5.1188828125,4.9486171875,1.38647265625,-7.37875390625
0.129976562500001,-4.09085546875,-2.48736328125,-28.6330078125,-13.05651171875,6.0979296875,0.709746093749999,-9.39756640624999,-0.30064453125,3.18139453125,4.87466015625,5.684703125,-3.10889453125,3.22453125,6.2980390625,8.43035546875,3.49648828125,4.7872109375,7.17412109375,5.1101015625,6.6087734375,1.4721484375,7.4105546875,9.57696484375,6.8413515625,-3.68239453125,3.2798828125,3.7966171875,0.37047265625,-8.46175390625
-2.6680234375,-6.62285546875,-4.67636328125,-30.8530078125,-15.00251171875,5.0379296875,-0.0142539062500013,-9.90856640625,-1.50364453125,1.81439453125,4.44766015625,5.964703125,-2.28089453125,1.75453125,5.1870390625,8.03535546875,1.49948828125,3.5422109375,5.21612109375,3.1901015625,5.7937734375,0.9411484375,5.2085546875,7.59896484375,5.5563515625,-4.78639453125,1.3828828125,2.6426171875,-0.60352734375,-9.28875390625
-5.8230234375,-9.40485546875,-7.19636328125,-32.2740078125,-16.19251171875,4.3059296875,-0.536253906250002,-10.42756640625,-2.12864453125,1.22539453125,4.24266015625,5.865703125,-1.31589453125,0.83253125,4.5610390625,7.89735546875,-0.19151171875,2.5372109375,3.91912109375,1.8571015625,5.3787734375,0.2081484375,3.6075546875,6.12496484375,4.9393515625,-5.46739453125,0.114882812499999,2.0286171875,-1.05752734375,-9.49275390625
-8.3460234375,-11.63685546875,-9.21236328125,-32.4380078125,-16.15551171875,4.2619296875,-0.527253906250001,-10.81256640625,-1.79564453125,1.80039453125,4.45966015625,5.588703125,-0.25189453125,0.93653125,4.8330390625,8.24635546875,-0.97151171875,2.2872109375,3.78112109375,1.5301015625,5.4947734375,-0.4308515625,3.1215546875,5.59696484375,5.1503515625,-5.52139453125,-0.185117187500001,2.1976171875,-0.78752734375,-9.05075390625
-9.6490234375,-12.94585546875,-10.35636328125,-31.4300078125,-14.97651171875,4.8839296875,-0.0102539062500018,-11.15156640625,-0.57864453125,3.39739453125,5.00166015625,5.180703125,0.78010546875,2.09053125,5.9500390625,8.95235546875,-0.74451171875,2.9032109375,4.73112109375,2.1281015625,5.8907734375,-0.7688515625,3.7485546875,5.96296484375,5.8823515625,-5.09639453125,0.308882812499999,2.9656171875,0.0144726562499997,-8.33975390625
-9.8090234375,-13.53685546875,-10.86836328125,-29.8880078125,-13.25751171875,5.7779296875,0.643746093749998,-11.74356640625,1.00535546875,5.40239453125,5.53666015625,4.545703125,1.50410546875,3.84153125,7.4020390625,9.61835546875,0.0454882812499999,4.0492109375,6.17312109375,3.1381015625,6.1277734375,-0.7558515625,4.9985546875,6.73496484375,6.5543515625,-4.58439453125,1.0148828125,3.8336171875,0.86147265625,-7.93675390625
-9.4620234375,-14.00485546875,-11.37836328125,-28.7170078125,-11.82951171875,6.4009296875,0.901746093749999,-12.93956640625,2.26535546875,7.03539453125,5.71066015625,3.567703125,1.61910546875,5.49753125,8.4820390625,9.83235546875,0.65348828125,5.1542109375,7.31312109375,3.8921015625,5.8797734375,-0.4778515625,6.1705546875,7.26996484375,6.6713515625,-4.36139453125,1.2678828125,4.2676171875,1.25247265625,-8.27975390625
-9.3570234375,-14.91685546875,-12.44236328125,-28.6380078125,-11.31951171875,6.3609296875,0.372746093749999,-14.88056640625,2.70035546875,7.72939453125,5.35566015625,2.270703125,1.04310546875,6.46053125,8.6570390625,9.40235546875,0.45448828125,5.7412109375,7.56612109375,3.9171015625,5.1567734375,-0.0438515624999996,6.7225546875,7.11096484375,6.1003515625,-4.54439453125,0.6738828125,4.0036171875,0.960472656249999,-9.39675390625
-9.8580234375,-16.41785546875,-14.14836328125,-29.8270078125,-11.82651171875,5.6319296875,-0.92625390625,-17.30056640625,2.25435546875,7.38639453125,4.59966015625,0.896703125,0.0541054687500004,6.50253125,7.8280390625,8.45635546875,-0.66051171875,5.6882109375,6.84212109375,3.1621015625,4.3047734375,0.5051484375,6.5255546875,6.21796484375,5.1293515625,-4.91239453125,-0.6931171875,3.1856171875,0.16247265625,-10.87175390625
-10.7320234375,-18.11985546875,-16.04136328125,-31.8590078125,-12.87251171875,4.5819296875,-2.53425390625,-19.55656640625,1.33235546875,6.39739453125,3.80166015625,-0.131296875,-0.80789453125,5.84053125,6.3840390625,7.37835546875,-2.15351171875,5.2652109375,5.57312109375,2.0161015625,3.8307734375,1.2171484375,5.9055546875,4.99096484375,4.3053515625,-5.03439453125,-2.3181171875,2.3016171875,-0.65452734375,-12.03975390625
-11.3630234375,-19.34285546875,-17.40636328125,-33.9750078125,-13.66551171875,3.8039296875,-3.77825390625,-20.90156640625,0.58235546875,5.45739453125,3.40766015625,-0.370296875,-1.03889453125,5.00153125,5.0250390625,6.62735546875,-3.08151171875,4.9802109375,4.49812109375,1.1091015625,4.1507734375,2.1561484375,5.4655546875,4.10096484375,4.1633515625,-4.49839453125,-3.4771171875,1.9596171875,-0.94652734375,-12.30975390625
-11.2230234375,-19.56785546875,-17.72136328125,-35.4820078125,-13.52751171875,3.8249296875,-4.13025390625,-20.83756640625,0.56835546875,5.22639453125,3.73566015625,0.416703125,-0.47289453125,4.55353125,4.4530390625,6.51135546875,-2.61351171875,5.2872109375,4.30912109375,0.9981015625,5.3757734375,3.2861484375,5.7905546875,4.20196484375,4.9703515625,-3.14539453125,-3.5511171875,2.6016171875,-0.39452734375,-11.43675390625
-10.2650234375,-18.78685546875,-16.98236328125,-36.0790078125,-12.25451171875,4.8449296875,-3.46925390625,-19.33256640625,1.47535546875,6.00339453125,4.80166015625,2.086703125,0.60610546875,4.81153125,5.0430390625,7.00935546875,-0.55551171875,6.3292109375,5.32212109375,1.8881015625,7.2277734375,4.3791484375,7.1465546875,5.62896484375,6.5963515625,-1.18639453125,-2.2981171875,4.2726171875,0.91747265625,-9.64475390625
-8.9850234375,-17.54685546875,-15.70336328125,-35.9630078125,-10.25751171875,6.6189296875,-2.12725390625,-16.84856640625,2.98935546875,7.57239453125,6.27766015625,4.115703125,1.61810546875,5.68753125,6.6740390625,7.75235546875,2.43548828125,7.8192109375,7.32912109375,3.5271015625,9.1227734375,5.0461484375,9.3235546875,8.22396484375,8.5583515625,0.852605468750001,0.0408828124999996,6.5576171875,2.52547265625,-7.53875390625
-8.1370234375,-16.62485546875,-14.60336328125,-35.7100078125,-8.41551171875,8.5529296875,-0.73725390625,-14.19256640625,4.43035546875,9.30639453125,7.62266015625,5.809703125,2.00410546875,6.75653125,8.7990390625,8.21635546875,5.10948828125,9.1752109375,9.71612109375,5.3381015625,10.4297734375,4.9261484375,11.7165546875,11.38596484375,10.2473515625,2.35460546875,2.8578828125,8.7306171875,3.81747265625,-5.83675390625
-8.2640234375,-16.56585546875,-14.18336328125,-35.9590078125,-7.67451171875,9.9779296875,0.0587460937499991,-12.21856640625,5.07135546875,10.47239453125,8.33666015625,6.613703125,1.50610546875,7.49453125,10.6920390625,8.01035546875,6.22248828125,9.8042109375,11.74612109375,6.7071015625,10.7407734375,3.9171484375,13.5965546875,14.31596484375,11.1913515625,2.87460546875,5.4398828125,10.0666171875,4.31047265625,-5.06075390625
-9.3310234375,-17.35685546875,-14.45136328125,-37.0820078125,-8.58851171875,10.4219296875,-0.106253906250002,-11.50756640625,4.49235546875,10.55439453125,8.18166015625,6.335703125,0.26010546875,7.53953125,11.7440390625,7.07735546875,5.14848828125,9.3812109375,12.88412109375,7.2571015625,10.0217734375,2.3041484375,14.4175546875,16.32096484375,11.2243515625,2.31560546875,7.2158828125,10.1496171875,3.84347265625,-5.33975390625
-10.6780234375,-18.42085546875,-14.93236328125,-38.9800078125,-11.03351171875,9.7839296875,-1.18225390625,-12.15656640625,2.77835546875,9.44939453125,7.25066015625,5.181703125,-1.30889453125,6.84253125,11.6590390625,5.70135546875,2.20248828125,7.9972109375,12.97312109375,6.9761015625,8.5667734375,0.6851484375,14.0235546875,17.04296484375,10.4823515625,0.93460546875,7.9108828125,9.0246171875,2.58547265625,-6.42875390625
-11.3260234375,-18.91485546875,-14.93536328125,-41.1300078125,-14.28151171875,8.3359296875,-2.77225390625,-13.82256640625,0.49635546875,7.48739453125,5.90166015625,3.617703125,-2.68989453125,5.67253125,10.5220390625,4.35835546875,-1.49151171875,6.1152109375,12.23812109375,6.1481015625,6.8397734375,-0.2838515625,12.6695546875,16.53496484375,9.2893515625,-0.79039453125,7.5678828125,7.1466171875,0.90947265625,-7.87875390625
-10.4750234375,-18.14585546875,-13.89836328125,-42.8280078125,-17.34851171875,6.5989296875,-4.34525390625,-15.92756640625,-1.54664453125,5.26539453125,4.58766015625,2.160703125,-3.47889453125,4.48453125,8.7310390625,3.51135546875,-4.50551171875,4.3822109375,11.12712109375,5.1791015625,5.2877734375,-0.2178515625,10.8775546875,15.19296484375,8.0213515625,-2.36739453125,6.4878828125,5.1536171875,-0.77852734375,-9.27275390625
-7.9100234375,-15.91485546875,-11.66936328125,-43.4910078125,-19.39251171875,5.1319296875,-5.42725390625,-17.88056640625,-2.63564453125,3.40039453125,3.68666015625,1.209703125,-3.50089453125,3.71453125,6.8420390625,3.44635546875,-5.76251171875,3.3572109375,10.09512109375,4.4231015625,4.2367734375,0.7731484375,9.1935546875,13.57596484375,6.9923515625,-3.47739453125,5.0848828125,3.5836171875,-2.18352734375,-10.38175390625
-4.1220234375,-12.60685546875,-8.57036328125,-42.8830078125,-19.99751171875,4.3469296875,-5.69925390625,-19.22356640625,-2.43464453125,2.31039453125,3.41466015625,0.984703125,-2.84889453125,3.60653125,5.3940390625,4.22335546875,-5.00251171875,3.2922109375,9.42812109375,4.1041015625,3.8497734375,2.1131484375,7.9755546875,12.20096484375,6.4033515625,-4.07039453125,3.7498828125,2.6796171875,-3.19852734375,-11.19875390625
-0.113023437500001,-9.01985546875,-5.26836328125,-41.1950078125,-19.25351171875,4.3969296875,-5.04025390625,-19.70556640625,-1.06864453125,2.12239453125,3.82666015625,1.562703125,-1.82489453125,4.14753125,4.7620390625,5.72135546875,-2.80451171875,4.0722109375,9.18212109375,4.3231015625,4.1517734375,3.0641484375,7.3125546875,11.38896484375,6.3243515625,-4.31739453125,2.7318828125,2.3666171875,-3.88152734375,-11.85275390625
3.0039765625,-6.02485546875,-2.51136328125,-38.9660078125,-17.68551171875,5.1759296875,-3.54625390625,-19.31956640625,0.97735546875,2.70339453125,4.85666015625,2.914703125,-0.79989453125,5.10753125,5.0710390625,7.70835546875,-0.18651171875,5.3072109375,9.22612109375,5.0801015625,5.0607734375,3.1291484375,7.0695546875,11.19296484375,6.6963515625,-4.47939453125,2.0878828125,2.3636171875,-4.38852734375,-12.49275390625
4.4349765625,-4.24785546875,-0.872363281250003,-36.8790078125,-16.03751171875,6.3879296875,-1.51325390625,-18.26656640625,3.05635546875,3.72839453125,6.33266015625,4.898703125,-0.0678945312499994,6.11653125,6.1540390625,9.87835546875,1.94248828125,6.5052109375,9.31912109375,6.2701015625,6.3947734375,2.2731484375,6.9785546875,11.40096484375,7.3253515625,-4.76139453125,1.6638828125,2.3366171875,-4.90052734375,-13.21975390625
3.9829765625,-3.88885546875,-0.575363281250002,-35.5020078125,-14.99551171875,7.6399296875,0.647746093749999,-16.83856640625,4.57735546875,4.77239453125,7.97066015625,7.232703125,0.267105468750001,6.76053125,7.5870390625,11.86535546875,3.16048828125,7.2182109375,9.18512109375,7.6661015625,7.8547734375,0.8481484375,6.7255546875,11.62296484375,7.9133515625,-5.24539453125,1.1498828125,2.0156171875,-5.57452734375,-14.08675390625
2.0579765625,-4.71785546875,-1.46936328125,-35.1180078125,-14.94851171875,8.5669296875,2.52874609375,-15.32356640625,5.16035546875,5.43039453125,9.42766015625,9.522703125,0.30510546875,6.70253125,8.8360390625,13.30835546875,3.59148828125,7.1542109375,8.60212109375,8.9361015625,9.0777734375,-0.6798515625,6.0365546875,11.44796484375,8.1473515625,-5.87739453125,0.214882812499999,1.2586171875,-6.49752734375,-15.10475390625
-0.577023437499999,-6.24085546875,-3.12036328125,-35.6870078125,-15.90351171875,8.9479296875,3.80974609375,-13.95956640625,4.73935546875,5.44739453125,10.40266015625,11.371703125,0.270105468750001,5.81753125,9.4790390625,13.97235546875,3.69748828125,6.2552109375,7.50312109375,9.7471015625,9.7517734375,-1.9648515625,4.7735546875,10.61796484375,7.8483515625,-6.48239453125,-1.3101171875,0.0796171875000002,-7.64752734375,-16.23875390625
-3.1730234375,-7.93585546875,-5.00836328125,-36.9310078125,-17.55851171875,8.7569296875,4.31574609375,-12.93556640625,3.54335546875,4.80239453125,10.74766015625,12.488703125,0.342105468750001,4.27453125,9.3560390625,13.84235546875,3.92848828125,4.7052109375,6.02412109375,9.8961015625,9.7397734375,-2.8678515625,2.9925546875,9.14696484375,7.0703515625,-6.82639453125,-3.3231171875,-1.3743828125,-8.87952734375,-17.38775390625
-5.2810234375,-9.45985546875,-6.73636328125,-38.4770078125,-19.46251171875,8.1239296875,4.03374609375,-12.38356640625,1.97635546875,3.67339453125,10.47966015625,12.739703125,0.496105468750001,2.47753125,8.5880390625,13.12835546875,4.43048828125,2.8512109375,4.45112109375,9.3801015625,9.1327734375,-3.4298515625,0.9175546875,7.28896484375,6.0693515625,-6.71839453125,-5.4841171875,-2.8773828125,-9.96752734375,-18.39675390625
-6.8280234375,-10.71485546875,-8.14436328125,-39.9820078125,-21.19751171875,7.2469296875,3.09574609375,-12.37256640625,0.44935546875,2.35139453125,9.74566015625,12.149703125,0.49010546875,0.89953125,7.4730390625,12.16535546875,4.96748828125,1.0762109375,3.08712109375,8.3831015625,8.1947734375,-3.7948515625,-1.1324453125,5.41896484375,5.1793515625,-6.11639453125,-7.3731171875,-4.1823828125,-10.68152734375,-19.10375390625
-8.0010234375,-11.76085546875,-9.27836328125001,-41.2310078125,-22.49951171875,6.3109296875,1.73474609375,-12.91156640625,-0.75764453125,1.15339453125,8.76466015625,10.876703125,0.0311054687500008,-0.09346875,6.3490390625,11.28835546875,5.12248828125,-0.3207890625,2.12812109375,7.1911015625,7.2547734375,-4.1198515625,-2.8184453125,3.88296484375,4.6693515625,-5.16139453125,-8.6631171875,-5.0503828125,-10.85652734375,-19.37075390625
-9.0410234375,-12.68285546875,-10.26836328125,-42.1750078125,-23.31251171875,5.4649296875,0.228746093749999,-13.93456640625,-1.55264453125,0.35539453125,7.78366015625,9.199703125,-1.02189453125,-0.36946875,5.4840390625,10.72135546875,4.63148828125,-1.1867890625,1.60612109375,6.0811015625,6.5857734375,-4.5038515625,-3.8574453125,2.90096484375,4.6463515625,-4.11939453125,-9.2321171875,-5.2813828125,-10.44752734375,-19.12975390625
-10.1190234375,-13.52385546875,-11.25136328125,-42.9240078125,-23.74051171875,4.7999296875,-1.12825390625,-15.24956640625,-2.03064453125,0.10839453125,7.01766015625,7.463703125,-2.56089453125,-0.04946875,5.0020390625,10.49635546875,3.57748828125,-1.5247890625,1.40712109375,5.2241015625,6.2957734375,-4.9548515625,-4.0854453125,2.50896484375,5.0133515625,-3.30039453125,-9.1901171875,-4.7723828125,-9.56152734375,-18.41675390625
-11.3630234375,-14.35185546875,-12.39036328125,-43.7120078125,-23.97751171875,4.3369296875,-2.07525390625,-16.55656640625,-2.41464453125,0.36739453125,6.58466015625,6.009703125,-4.28289453125,0.55153125,4.8520390625,10.42835546875,2.30148828125,-1.4557890625,1.33412109375,4.6201015625,6.2827734375,-5.3908515625,-3.5104453125,2.56896484375,5.4873515625,-2.98339453125,-8.8111171875,-3.5803828125,-8.43852734375,-17.40375390625
-12.9910234375,-15.36785546875,-13.94836328125,-44.8380078125,-24.24251171875,4.0259296875,-2.47725390625,-17.56556640625,-2.95164453125,0.90639453125,6.47166015625,5.074703125,-5.81089453125,1.07853125,4.8530390625,10.17935546875,1.13348828125,-1.1407890625,1.20512109375,4.1041015625,6.2567734375,-5.6628515625,-2.2954453125,2.84196484375,5.6893515625,-3.35739453125,-8.3991171875,-1.9133828125,-7.37952734375,-16.37375390625
-15.3510234375,-16.92785546875,-16.29036328125,-46.5730078125,-24.71951171875,3.7739296875,-2.41825390625,-18.18456640625,-3.77964453125,1.42739453125,6.55266015625,4.700703125,-6.82789453125,1.30753125,4.8110390625,9.38435546875,0.13548828125,-0.692789062500001,0.95312109375,3.4231015625,5.8637734375,-5.5718515625,-0.6804453125,3.10696484375,5.2893515625,-4.47239453125,-8.1421171875,-0.0493828124999998,-6.62152734375,-15.64175390625
-18.7640234375,-19.38785546875,-19.72336328125,-49.0220078125,-25.49851171875,3.4879296875,-2.18425390625,-18.58456640625,-4.86364453125,1.70239453125,6.62966015625,4.689703125,-7.16889453125,1.23453125,4.6180390625,7.78635546875,-0.93651171875,-0.152789062500001,0.66312109375,2.3651015625,4.8097734375,-4.9558515625,1.0945546875,3.26396484375,4.1183515625,-6.24739453125,-8.0521171875,1.7476171875,-6.26352734375,-15.45175390625
-23.1990234375,-22.81885546875,-24.22236328125,-52.0240078125,-26.52651171875,3.1049296875,-2.13825390625,-19.09456640625,-6.02064453125,1.65139453125,6.49266015625,4.667703125,-6.86989453125,1.04153125,4.2880390625,5.34335546875,-2.45451171875,0.4722109375,0.52012109375,0.864101562499999,2.9837734375,-3.7948515625,2.8195546875,3.35596484375,2.2263515625,-8.49439453125,-8.0171171875,3.2696171875,-6.27852734375,-15.90675390625
-28.0500234375,-26.78285546875,-29.22536328125,-55.1580078125,-27.63051171875,2.6109296875,-2.55625390625,-19.99656640625,-7.01764453125,1.35339453125,6.00066015625,4.243703125,-6.12989453125,0.96553125,3.9330390625,2.28535546875,-4.62151171875,1.1452109375,0.70312109375,-0.938898437500001,0.5307734375,-2.2728515625,4.3125546875,3.52496484375,-0.1216484375,-10.94939453125,-7.8891171875,4.3736171875,-6.57652734375,-16.94175390625
-32.2160234375,-30.35785546875,-33.69736328125,-57.8700078125,-28.58151171875,2.0719296875,-3.48825390625,-21.33256640625,-7.66064453125,1.00139453125,5.17566015625,3.228703125,-5.22689453125,1.16453125,3.7110390625,-0.87864453125,-7.23651171875,1.7892109375,1.28512109375,-2.7118984375,-2.1412265625,-0.7098515625,5.4355546875,3.94596484375,-2.4926484375,-13.26739453125,-7.5641171875,4.9846171875,-7.06052734375,-18.34175390625
-34.5160234375,-32.48885546875,-36.50636328125,-59.6300078125,-29.14051171875,1.6369296875,-4.70025390625,-22.82156640625,-7.83364453125,0.83839453125,4.24266015625,1.753703125,-4.42389453125,1.66153125,3.7960390625,-3.45164453125,-9.67951171875,2.3182109375,2.20812109375,-3.9958984375,-4.4512265625,0.5951484375,6.1105546875,4.75196484375,-4.3786484375,-15.06039453125,-7.0081171875,5.1136171875,-7.64252734375,-19.80475390625
-34.2140234375,-32.46485546875,-36.91236328125,-60.0710078125,-29.08351171875,1.5069296875,-5.74825390625,-23.93256640625,-7.50564453125,1.07539453125,3.57166015625,0.234703125,-3.92589453125,2.35353125,4.3300390625,-4.74864453125,-11.13651171875,2.6692109375,3.31512109375,-4.3358984375,-5.8452265625,1.4691484375,6.3255546875,5.98596484375,-5.3286484375,-15.97939453125,-6.2681171875,4.8356171875,-8.26152734375,-21.03375390625
-31.3950234375,-30.25785546875,-34.89936328125,-59.1080078125,-28.26151171875,1.8609296875,-6.16025390625,-24.15156640625,-6.72164453125,1.81939453125,3.52966015625,-0.780296875,-3.85289453125,3.08553125,5.3830390625,-4.31264453125,-10.95651171875,2.8132109375,4.43012109375,-3.4208984375,-5.9812265625,1.8601484375,6.1255546875,7.57096484375,-5.0746484375,-15.83839453125,-5.4501171875,4.2476171875,-8.88552734375,-21.82275390625
-26.9940234375,-26.53685546875,-31.18436328125,-57.0040078125,-26.70451171875,2.7699296875,-5.68725390625,-23.30056640625,-5.59664453125,3.04739453125,4.33666015625,-0.815296875,-4.21289453125,3.73853125,6.9150390625,-2.06364453125,-8.95951171875,2.7382109375,5.41912109375,-1.2308984375,-4.8052265625,1.7451484375,5.5945546875,9.32596484375,-3.5976484375,-14.70639453125,-4.6771171875,3.4246171875,-9.51052734375,-22.10575390625
-22.4470234375,-22.37585546875,-26.91236328125,-54.3330078125,-24.71651171875,4.1459296875,-4.43425390625,-21.70256640625,-4.30664453125,4.60539453125,5.95866015625,0.352703125,-4.85989453125,4.27253125,8.7480390625,1.67635546875,-5.56351171875,2.4532109375,6.20812109375,1.9001015625,-2.5392265625,1.0771484375,4.8365546875,11.00996484375,-1.1326484375,-12.90739453125,-4.0441171875,2.4136171875,-10.15052734375,-21.95875390625
-19.1000234375,-18.81285546875,-23.19536328125,-51.8010078125,-22.83151171875,5.7489296875,-2.80625390625,-20.03956640625,-3.05364453125,6.23639453125,8.09466015625,2.576703125,-5.48889453125,4.70853125,10.5890390625,6.26135546875,-1.63451171875,1.9952109375,6.75212109375,5.3371015625,0.3957734375,-0.1708515625,3.9645546875,12.38596484375,1.8803515625,-10.93739453125,-3.6101171875,1.2446171875,-10.83152734375,-21.57075390625
-17.6640234375,-16.46385546875,-20.69836328125,-49.9880078125,-21.61251171875,7.2749296875,-1.29725390625,-19.00656640625,-2.00264453125,7.65139453125,10.27766015625,5.387703125,-5.72189453125,5.08353125,12.1140390625,10.89435546875,1.87048828125,1.4592109375,7.01512109375,8.3301015625,3.4827734375,-1.8728515625,3.0975546875,13.28196484375,4.8973515625,-9.30839453125,-3.4021171875,-0.0293828124999997,-11.57352734375,-21.17075390625
-17.9860234375,-15.35485546875,-19.46636328125,-49.1260078125,-21.39551171875,8.4829296875,-0.25625390625,-18.96556640625,-1.20464453125,8.63339453125,12.06766015625,8.181703125,-5.27589453125,5.44553125,13.1030390625,14.85135546875,4.29048828125,1.0072109375,6.99912109375,10.2911015625,6.2467734375,-3.6868515625,2.3705546875,13.65596484375,7.4383515625,-8.34739453125,-3.4261171875,-1.2893828125,-12.35752734375,-20.93675390625
-19.2120234375,-15.03485546875,-19.06136328125,-49.0190078125,-22.09051171875,9.2799296875,0.273746093749999,-19.73856640625,-0.58864453125,9.09439453125,13.20266015625,10.432703125,-4.15489453125,5.83453125,13.5180390625,17.65035546875,5.45948828125,0.8192109375,6.78312109375,11.0151015625,8.3567734375,-5.1728515625,1.9205546875,13.58196484375,9.2293515625,-8.08739453125,-3.6701171875,-2.3603828125,-13.10752734375,-20.92675390625
-20.1990234375,-14.88485546875,-18.89036328125,-49.1340078125,-23.15851171875,9.6929296875,0.582746093749998,-20.61656640625,-0.0526445312499999,9.03239453125,13.62066015625,11.799703125,-2.74789453125,6.24353125,13.4460390625,19.08035546875,5.64248828125,0.9722109375,6.51012109375,10.7141015625,9.6467734375,-6.0368515625,1.8015546875,13.16896484375,10.2213515625,-8.30839453125,-4.1491171875,-3.0953828125,-13.73752734375,-21.09475390625
-19.9650234375,-14.42885546875,-18.52136328125,-48.8220078125,-23.80951171875,9.7739296875,1.17574609375,-20.60556640625,0.42535546875,8.43339453125,13.36466015625,12.124703125,-1.72189453125,6.56853125,12.9750390625,19.12535546875,5.29748828125,1.3402109375,6.29812109375,9.8471015625,10.0587734375,-6.3138515625,1.9135546875,12.45396484375,10.4923515625,-8.69839453125,-4.9391171875,-3.4733828125,-14.22352734375,-21.36675390625
-18.0290234375,-13.48485546875,-17.81136328125,-47.6120078125,-23.37851171875,9.5519296875,2.51574609375,-18.88656640625,0.76135546875,7.25339453125,12.50266015625,11.411703125,-1.70089453125,6.64153125,12.1290390625,17.90435546875,4.83848828125,1.6512109375,6.17612109375,8.8661015625,9.6127734375,-6.3088515625,2.0395546875,11.39496484375,10.1603515625,-9.02539453125,-6.1471171875,-3.6173828125,-14.62352734375,-21.70275390625
-14.5250234375,-12.13185546875,-16.83936328125,-45.4210078125,-21.67851171875,9.0619296875,4.75474609375,-15.27656640625,0.87735546875,5.51839453125,11.14966015625,9.852703125,-2.88889453125,6.36153125,10.9300390625,15.68135546875,4.49548828125,1.6902109375,6.10112109375,8.0301015625,8.4507734375,-6.3358515625,2.0005546875,9.96896484375,9.3663515625,-9.20839453125,-7.8001171875,-3.6843828125,-15.02252734375,-22.09275390625
-10.1200234375,-10.57785546875,-15.75836328125,-42.5990078125,-19.12651171875,8.4119296875,7.61374609375,-10.41556640625,0.81835546875,3.43039453125,9.52266015625,7.836703125,-4.90189453125,5.81853125,9.5020390625,12.91135546875,4.29848828125,1.4812109375,6.02712109375,7.3571015625,6.8817734375,-6.4938515625,1.7955546875,8.28896484375,8.3223515625,-9.28039453125,-9.7541171875,-3.7573828125,-15.45152734375,-22.51275390625
-10.1200234375,-10.57785546875,-15.75836328125,-42.5990078125,-19.12651171875,8.4119296875,7.61374609375,-10.41556640625,0.81835546875,3.43039453125,9.52266015625,7.836703125,-4.90189453125,5.81853125,9.5020390625,12.91135546875,4.29848828125,1.4812109375,6.02712109375,7.3571015625,6.8817734375,-6.4938515625,1.7955546875,8.28896484375,8.3223515625,-9.28039453125,-9.7541171875,-3.7573828125,-15.45152734375,-22.51275390625
