"Fp1","Fpz","Fp2","F7","F3","Fz","F4","F8","FC5","FC1","FC2","FC6","T7","C3","Cz","C4","T8","CP5","CP1","CP2","CP6","P7","P3","Pz","P4","P8","POz","O1","Oz","O2"
-7.45262890625,-5.8963359375,-6.50107421875,-7.9771953125,-13.0311328125,-10.35943359375,-17.483328125,-11.6082578125,-8.28983984375,-10.647234375,-4.0041328125,-0.97505078125,-10.18234765625,-15.2090546875,6.00263671875,7.846015625,-4.8702578125,1.48461328125,7.4104921875,11.0326640625,10.88421875,8.39575390625,17.1988515625,20.77819921875,18.3646953125,11.72840625,28.3105546875,31.42078125,32.04798828125,22.06158984375
-10.85162890625,-9.1223359375,-7.86707421875,-8.2201953125,-13.8971328125,-13.22643359375,-6.458328125,-7.0862578125,-8.60283984375,-10.169234375,-6.2371328125,-1.72205078125,-6.76834765625,-9.2670546875,2.57963671875,9.174015625,-0.3332578125,1.44661328125,7.0054921875,7.6206640625,10.74121875,3.66775390625,17.4438515625,17.84619921875,17.4766953125,12.94740625,25.9095546875,26.54278125,28.16498828125,20.48858984375
-11.05862890625,-9.4813359375,-7.39907421875,-6.7101953125,-12.9041328125,-14.09243359375,0.764671875,-3.9882578125,-6.60583984375,-9.288234375,-7.1611328125,-1.63105078125,-3.46134765625,-4.5950546875,0.24563671875,9.707015625,1.9087421875,2.49061328125,6.2894921875,5.1336640625,10.01521875,1.18175390625,16.5368515625,14.70419921875,16.0386953125,13.01840625,22.8085546875,21.71778125,24.12198828125,18.56258984375
-8.44162890625,-7.4463359375,-5.57507421875,-3.9931953125,-10.4341328125,-13.20643359375,4.022671875,-2.5642578125,-2.94783984375,-8.006234375,-6.8321328125,-1.03005078125,-0.80134765625,-1.4470546875,-0.819363281249999,9.646015625,1.6067421875,3.98461328125,4.9994921875,3.5996640625,8.48721875,0.80075390625,13.9248515625,11.25019921875,13.7826953125,11.62540625,18.8475546875,16.94278125,19.76598828125,16.02658984375
-4.54262890625,-4.5143359375,-3.54507421875,-1.3111953125,-7.5411328125,-11.40043359375,4.100671875,-2.7432578125,0.82816015625,-6.431234375,-5.6581328125,-0.55705078125,0.65565234375,0.0919453124999999,-0.66636328125,9.469015625,-0.8042578125,4.84061328125,3.0004921875,2.8146640625,6.15421875,1.63275390625,9.4258515625,7.53119921875,10.6446953125,8.78440625,14.1545546875,12.28878125,15.03498828125,12.73558984375
-1.24362890625,-2.3383359375,-2.43907421875,0.1038046875,-5.3321328125,-9.51543359375,2.207671875,-4.1662578125,3.14116015625,-4.687234375,-4.1071328125,-0.75205078125,0.72665234375,0.0509453125,0.50463671875,9.662015625,-4.4322578125,4.14961328125,0.4544921875,2.5116640625,3.29421875,2.53875390625,3.4958515625,3.84519921875,6.8946953125,4.85640625,9.1945546875,7.91978125,10.05998828125,8.79558984375
0.10837109375,-1.9343359375,-2.80307421875,-0.4021953125,-4.4291328125,-8.03743359375,-0.378328125,-6.1922578125,3.10816015625,-2.907234375,-2.5731328125,-1.77705078125,-0.23834765625,-1.3900546875,2.32363671875,10.439015625,-8.2642578125,1.63861328125,-2.1975078125,2.4456640625,0.361218749999999,2.63275390625,-2.8211484375,0.64319921875,3.0326953125,0.42440625,4.5885546875,3.98678125,5.10698828125,4.52458984375
-0.77262890625,-3.3173359375,-4.40607421875,-2.6911953125,-4.7881328125,-7.05243359375,-2.599328125,-7.9942578125,0.82916015625,-1.299234375,-1.3881328125,-3.37105078125,-1.51934765625,-3.8550546875,4.21463671875,11.591015625,-11.4462578125,-2.24238671875,-4.4355078125,2.3836640625,-2.20578125,1.57175390625,-8.2431484375,-1.68980078125,-0.449304687499999,-3.86059375,0.8425546875,0.488781250000001,0.431988281249998,0.282589843749999
-3.14062890625,-5.6343359375,-6.43107421875,-5.9921953125,-5.8611328125,-6.41243359375,-3.894328125,-8.8142578125,-2.77283984375,-0.182234375,-0.8491328125,-5.00505078125,-2.36334765625,-6.8430546875,5.48863671875,12.523015625,-13.4362578125,-6.52538671875,-5.8895078125,2.0756640625,-4.11478125,-0.44024609375,-11.7131484375,-3.03680078125,-3.2633046875,-7.37959375,-1.8574453125,-2.71621875,-3.78301171875,-3.64341015625
-5.72962890625,-7.7293359375,-7.94807421875,-9.2731953125,-6.9691328125,-5.96743359375,-4.251328125,-8.2922578125,-6.43083984375,0.110765625,-1.1701328125,-6.14505078125,-2.32834765625,-9.8260546875,5.57963671875,12.508015625,-14.0362578125,-10.11938671875,-6.4715078125,1.2756640625,-5.26778125,-2.85624609375,-12.7671484375,-3.61280078125,-5.3873046875,-9.60459375,-3.6554453125,-5.75921875,-7.39201171875,-7.03141015625
-7.44262890625,-8.7873359375,-8.39807421875,-11.6411953125,-7.6541328125,-5.73043359375,-3.945328125,-6.6372578125,-9.07383984375,-0.578234375,-2.3911328125,-6.51305078125,-1.43034765625,-12.3010546875,4.28563671875,11.043015625,-13.3562578125,-12.19438671875,-6.3575078125,-0.2013359375,-5.74678125,-5.07824609375,-11.6601484375,-3.88080078125,-6.9883046875,-10.17959375,-4.8714453125,-8.59921875,-10.20801171875,-9.61941015625
-7.76262890625,-8.6553359375,-7.79107421875,-12.5761953125,-7.7831328125,-5.82943359375,-3.250328125,-4.5122578125,-10.13683984375,-2.031234375,-4.2841328125,-6.18305078125,-0.05034765625,-13.7840546875,1.91563671875,8.145015625,-11.7252578125,-12.39838671875,-5.8215078125,-2.3533359375,-5.71278125,-6.63924609375,-9.1631484375,-4.28480078125,-8.2253046875,-8.99559375,-5.7354453125,-10.90821875,-11.92401171875,-11.00441015625
-6.72462890625,-7.6673359375,-6.51307421875,-11.9321953125,-7.3901328125,-6.25443359375,-2.398328125,-2.6942578125,-9.53483984375,-3.579234375,-6.3141328125,-5.42005078125,1.34865234375,-13.8290546875,-0.723363281249999,4.441015625,-9.5732578125,-10.78138671875,-4.9945078125,-4.8393359375,-5.23078125,-7.21224609375,-6.1051484375,-4.91580078125,-9.0123046875,-6.17859375,-6.1154453125,-12.05021875,-12.04101171875,-10.61441015625
-4.64262890625,-6.2583359375,-4.97307421875,-9.8351953125,-6.4461328125,-6.67843359375,-1.636328125,-1.6962578125,-7.46883984375,-4.285234375,-7.7481328125,-4.45005078125,2.44865234375,-12.1230546875,-2.56436328125,1.004015625,-7.3152578125,-7.61838671875,-3.7435078125,-6.9343359375,-4.16178125,-6.55324609375,-2.9631484375,-5.32380078125,-8.9213046875,-2.06159375,-5.4494453125,-11.21821875,-9.94601171875,-7.84641015625
-1.96662890625,-4.7763359375,-3.45407421875,-6.6831953125,-4.8591328125,-6.60343359375,-1.187328125,-1.5912578125,-4.33483984375,-3.393234375,-7.9791328125,-3.37905078125,3.11365234375,-8.6390546875,-2.74136328125,-1.052984375,-5.3072578125,-3.36138671875,-1.8265078125,-7.7853359375,-2.29478125,-4.56024609375,0.1808515625,-4.73580078125,-7.4153046875,2.78940625,-3.0354453125,-7.80921875,-5.21701171875,-2.43341015625
0.68437109375,-3.5643359375,-2.20807421875,-3.1931953125,-2.6961328125,-5.75243359375,-1.188328125,-2.1382578125,-0.77783984375,-0.828234375,-6.9001328125,-2.34405078125,3.21565234375,-3.8070546875,-1.07236328125,-1.065984375,-3.8872578125,1.25061328125,0.7524921875,-6.8653359375,0.34021875,-1.46524609375,3.3118515625,-2.59280078125,-4.3033046875,7.49640625,1.4255546875,-1.90821875,1.91098828125,5.12058984375
2.58037109375,-3.0053359375,-1.54007421875,-0.3141953125,-0.3541328125,-4.32543359375,-1.726328125,-3.0802578125,2.35716015625,2.633765625,-5.0251328125,-1.64105078125,2.53065234375,1.4269453125,1.79063671875,0.845015625,-3.4152578125,5.18061328125,3.5314921875,-4.3323359375,3.24421875,2.03175390625,6.1498515625,0.978199218749999,-0.0853046874999994,10.91940625,7.4105546875,5.44978125,10.28398828125,13.35058984375
3.19837109375,-3.3393359375,-1.69107421875,1.1508046875,1.5898671875,-2.84543359375,-2.832328125,-4.2902578125,4.31316015625,5.776765625,-3.1891328125,-1.60905078125,0.89665234375,5.8659453125,4.71463671875,3.863015625,-4.1882578125,7.40161328125,5.7574921875,-0.9943359375,5.56121875,4.93475390625,8.1398515625,5.12019921875,4.1216953125,11.95540625,13.6155546875,12.50078125,18.03298828125,20.14758984375
2.62537109375,-4.3723359375,-2.56407421875,1.0308046875,2.7938671875,-1.72743359375,-4.209328125,-5.6352578125,4.86216015625,7.712765625,-2.0011328125,-2.31205078125,-1.39834765625,8.6459453125,6.76663671875,6.977015625,-6.1992578125,7.43161328125,6.8804921875,2.1316640625,6.49121875,6.41275390625,8.8168515625,8.67119921875,7.0556953125,9.99840625,18.4765546875,17.42978125,23.24798828125,23.53458984375
1.72137109375,-5.3393359375,-3.54107421875,0.0448046875000003,3.5208671875,-0.88143359375,-4.974328125,-6.7172578125,4.57716015625,8.485765625,-1.4051328125,-3.29105078125,-3.36734765625,9.7999453125,7.77063671875,9.582015625,-8.9202578125,5.75761328125,6.9944921875,4.3676640625,5.75621875,6.30175390625,8.2448515625,10.77919921875,7.9116953125,5.33340625,20.8765546875,19.15278125,24.77598828125,22.53958984375
1.84437109375,-5.1013359375,-3.59107421875,-0.3831953125,4.6308671875,0.33656640625,-3.895328125,-6.8542578125,4.70416015625,9.084765625,-0.6531328125,-3.64405078125,-3.54334765625,10.3069453125,8.38463671875,11.760015625,-11.3712578125,3.79161328125,6.9044921875,5.7276640625,3.85521875,5.27875390625,7.1928515625,11.34119921875,6.7706953125,-0.78559375,20.6525546875,17.80378125,22.74698828125,17.70658984375
4.22137109375,-2.6433359375,-1.69907421875,1.2378046875,7.1368671875,2.77056640625,-0.132328125,-5.3912578125,6.61116015625,10.823765625,1.2538671875,-2.44305078125,-0.69034765625,11.5059453125,9.66263671875,14.077015625,-12.5232578125,3.28161328125,7.7164921875,6.8516640625,1.91821875,4.53875390625,6.8638515625,11.01919921875,4.6156953125,-6.46359375,18.6215546875,14.63978125,18.51898828125,10.94958984375
9.23037109375,2.3036640625,2.52592578125,5.6718046875,11.5358671875,6.84356640625,6.097671875,-2.1442578125,11.02516015625,14.483765625,4.8888671875,0.69794921875,5.42265234375,14.2859453125,12.33563671875,17.073015625,-11.8492578125,5.44561328125,10.1894921875,8.5606640625,1.17221875,5.12875390625,8.2878515625,10.84019921875,2.8906953125,-9.83559375,16.1515546875,11.42678125,14.06398828125,4.77458984375
15.99837109375,8.8566640625,8.39892578125,12.4048046875,17.3138671875,12.06156640625,13.428671875,2.3327421875,17.49216015625,19.730765625,9.8648671875,5.24094921875,13.70165234375,18.5649453125,16.27363671875,20.760015625,-9.6282578125,10.29661328125,14.2364921875,11.2646640625,2.28521875,7.36775390625,11.7198515625,11.60819921875,2.8046953125,-9.77559375,14.4995546875,9.62778125,11.08998828125,1.22458984375
22.61437109375,15.1506640625,14.24292578125,19.6948046875,22.9858671875,17.04856640625,19.791671875,6.8267421875,24.41016015625,25.164765625,14.8408671875,9.82694921875,22.08565234375,23.3419453125,20.45863671875,24.446015625,-6.8262578125,16.57761328125,18.8874921875,14.6176640625,5.00021875,10.68575390625,16.4438515625,13.48619921875,4.7606953125,-6.31159375,14.2965546875,9.84178125,10.36798828125,1.07758984375
26.91137109375,19.1046640625,18.07192578125,25.2518046875,26.7268671875,20.16356640625,23.151671875,9.8697421875,29.67916015625,28.983765625,18.1208671875,12.86694921875,28.31765234375,27.2009453125,23.50563671875,26.978015625,-4.6062578125,22.34161328125,22.7684921875,17.6356640625,8.28721875,13.94775390625,21.0958515625,15.98219921875,8.2136953125,-0.53859375,15.4095546875,11.72878125,11.57598828125,3.68658984375
27.42137109375,19.3616640625,18.50692578125,27.2258046875,27.2368671875,20.32256640625,22.322671875,10.3567421875,31.61516015625,29.891765625,18.4978671875,13.30694921875,30.74165234375,29.0099453125,24.39363671875,27.320015625,-3.7822578125,25.82261328125,24.7804921875,19.1996640625,10.90321875,16.01475390625,24.3198515625,18.26819921875,11.9776953125,5.86740625,17.1595546875,14.35878125,13.66598828125,7.48158984375
23.97737109375,15.8706640625,15.38892578125,24.9838046875,24.3548671875,17.49856640625,17.600671875,8.0977421875,29.63816015625,27.743765625,15.8348671875,11.13094921875,28.80765234375,28.4989453125,22.93963671875,25.141015625,-4.4682578125,26.14961328125,24.5944921875,18.6476640625,11.97421875,16.23875390625,25.3618515625,19.62419921875,14.7686953125,11.26140625,18.7275546875,16.73178125,15.47698828125,10.81358984375
17.69437109375,9.8226640625,9.79492578125,19.3248046875,19.0988671875,12.67256640625,10.722671875,3.9647421875,24.44416015625,23.573765625,11.0878671875,7.32094921875,23.20565234375,26.3719453125,19.78863671875,21.025015625,-6.1162578125,23.60761328125,22.7124921875,16.1026640625,11.30121875,14.70675390625,24.3258515625,19.74019921875,15.7146953125,14.51540625,19.5215546875,18.21578125,16.27298828125,12.68058984375
10.41637109375,3.0646640625,3.49592578125,12.0908046875,13.1528671875,7.32556640625,4.011671875,-0.540257812499999,17.66416015625,19.005765625,5.8028671875,3.34994921875,15.61165234375,23.8479453125,16.00263671875,16.169015625,-7.9312578125,19.41161328125,20.1014921875,12.3886640625,9.28021875,12.16275390625,21.9898515625,18.75719921875,14.6106953125,15.21840625,19.3435546875,18.71578125,15.97098828125,12.99258984375
3.97537109375,-2.6793359375,-1.81807421875,5.4238046875,8.0958671875,2.78456640625,-0.749328125,-4.0302578125,11.22816015625,15.432765625,1.4018671875,0.49994921875,8.13065234375,21.9499453125,12.52963671875,11.795015625,-9.3842578125,15.13461328125,17.6444921875,8.6156640625,6.58021875,9.68375390625,19.3198515625,17.05919921875,11.8846953125,13.62540625,18.3195546875,18.54178125,14.99398828125,12.35558984375
-0.39362890625,-6.3943359375,-5.13407421875,1.0248046875,4.8028671875,-0.267433593749999,-2.950328125,-5.7772578125,6.70516015625,13.437765625,-1.3581328125,-0.63805078125,2.61965234375,21.0239453125,9.86263671875,8.693015625,-10.4632578125,12.06561328125,15.7314921875,5.6766640625,3.82821875,8.26475390625,16.9658515625,14.98719921875,8.3366953125,10.45740625,16.7165546875,18.10178125,13.92598828125,11.60558984375
-2.29262890625,-7.9543359375,-6.32207421875,-0.3031953125,3.2508671875,-1.89443359375,-3.074328125,-5.8002578125,4.85116015625,12.733765625,-2.5251328125,-0.27205078125,0.10365234375,20.7109453125,8.01963671875,7.054015625,-11.5042578125,10.74461328125,14.1904921875,3.9176640625,1.45321875,8.45675390625,15.0008515625,12.66819921875,4.8266953125,6.66840625,14.7685546875,17.64178125,13.19298828125,11.38958984375
-2.08462890625,-7.9073359375,-5.94307421875,1.2198046875,2.7638671875,-2.64743359375,-2.276328125,-4.6482578125,5.46816015625,12.517765625,-2.7241328125,0.79894921875,0.50565234375,20.2279453125,6.73863671875,6.528015625,-12.8392578125,10.87061328125,12.5144921875,3.0986640625,-0.32878125,10.17475390625,13.0298515625,10.02519921875,1.9996953125,3.19840625,12.6225546875,17.15378125,12.93198828125,11.93658984375
-0.64262890625,-7.0973359375,-4.88607421875,4.5258046875,2.4738671875,-3.16643359375,-1.870328125,-3.1092578125,7.56516015625,11.974765625,-2.7631328125,1.55694921875,2.81265234375,18.7369453125,5.72063671875,6.390015625,-14.5902578125,11.54461328125,10.2154921875,2.6016640625,-1.50778125,12.71175390625,10.5268515625,6.95319921875,0.1196953125,0.73140625,10.3535546875,16.46678125,13.02698828125,13.03558984375
0.97737109375,-6.3313359375,-4.01207421875,8.0988046875,1.7598671875,-3.87243359375,-2.762328125,-1.9222578125,9.77816015625,10.683765625,-3.2521328125,1.16194921875,5.60865234375,15.7559453125,4.79263671875,5.849015625,-16.6372578125,11.74261328125,7.1434921875,1.7976640625,-2.24278125,15.00275390625,7.2308515625,3.53819921875,-0.9263046875,-0.46459375,8.0585546875,15.42278125,13.25098828125,14.20058984375
1.90037109375,-6.1483359375,-3.88207421875,10.5178046875,0.4848671875,-4.84543359375,-4.983328125,-1.4942578125,10.91216015625,8.780765625,-4.3661328125,-0.68605078125,7.71965234375,11.5039453125,3.98963671875,4.468015625,-18.6242578125,10.79561328125,3.6474921875,0.4286640625,-2.74678125,16.05875390625,3.4088515625,0.22419921875,-1.4223046875,-0.48459375,5.9795546875,14.07078125,13.45198828125,14.98158984375
1.72937109375,-6.6683359375,-4.56807421875,10.9658046875,-1.0261328125,-5.83243359375,-7.688328125,-1.7472578125,10.43416015625,6.858765625,-5.7661328125,-3.52505078125,8.58365234375,6.9499453125,3.57763671875,2.497015625,-19.9572578125,8.71761328125,0.5444921875,-1.1653359375,-3.06978125,15.40775390625,-0.1121484375,-2.17780078125,-1.5063046875,0.43640625,4.5955546875,12.77878125,13.72598828125,15.28058984375
0.64137109375,-7.5773359375,-5.65007421875,9.4678046875,-2.2161328125,-6.35343359375,-9.667328125,-2.2072578125,8.63616015625,5.663765625,-6.7201328125,-6.20605078125,8.18165234375,3.4459453125,4.00063671875,0.848015625,-19.9262578125,6.19761328125,-1.1375078125,-2.1443359375,-2.96678125,13.27675390625,-2.2201484375,-2.72280078125,-0.9953046875,2.15340625,4.5405546875,12.14978125,14.42698828125,15.45658984375
-0.77762890625,-8.3053359375,-6.42307421875,6.7528046875,-2.6031328125,-5.91343359375,-9.927328125,-2.2452578125,6.40516015625,5.772765625,-6.4101328125,-7.33005078125,6.70465234375,2.1439453125,5.72263671875,0.671015625000001,-17.9922578125,4.23861328125,-0.5735078125,-1.5553359375,-2.01978125,10.42575390625,-2.0131484375,-0.76580078125,0.4846953125,4.62240625,6.3105546875,12.70878125,15.96298828125,16.10358984375
-1.85662890625,-8.3273359375,-6.25807421875,3.8718046875,-1.9751328125,-4.23943359375,-8.004328125,-1.3212578125,4.74116015625,7.406765625,-4.3091328125,-5.91305078125,4.31665234375,3.5509453125,9.00963671875,2.746015625,-14.1022578125,3.62361328125,2.4824921875,1.1496640625,0.0462187499999995,7.72375390625,0.7058515625,3.63119921875,3.1316953125,7.70540625,9.9005546875,14.50978125,18.45198828125,17.62558984375
-2.09962890625,-7.3773359375,-4.88007421875,1.8018046875,-0.3981328125,-1.40843359375,-4.064328125,0.821742187500001,4.34416015625,10.424765625,-0.4471328125,-1.89205078125,1.18565234375,7.3799453125,13.76763671875,7.005015625,-8.8472578125,4.51661328125,7.5454921875,5.7876640625,3.07321875,5.71875390625,5.2508515625,9.57619921875,6.6696953125,10.95740625,14.6185546875,16.95178125,21.48798828125,19.87958984375
-1.30362890625,-5.4973359375,-2.43607421875,1.1968046875,1.9148671875,2.19556640625,1.075671875,4.0157421875,5.44516015625,14.428765625,4.5548671875,3.79494921875,-2.29334765625,12.6739453125,19.47663671875,12.460015625,-3.3702578125,6.40461328125,13.5424921875,11.4416640625,6.43921875,4.43375390625,10.2798515625,15.62119921875,10.3486953125,13.61040625,19.2335546875,18.94678125,24.18998828125,22.12858984375
0.43937109375,-2.9723359375,0.59392578125,2.2758046875,4.7198671875,6.01256640625,6.150671875,7.6207421875,7.84716015625,18.879765625,9.6728671875,9.57994921875,-5.37634765625,18.1099453125,25.24163671875,17.592015625,0.9347421875,8.36761328125,19.1344921875,16.7666640625,9.26821875,3.47775390625,14.2878515625,20.27619921875,13.2106953125,14.78240625,22.4095546875,19.36978125,25.50898828125,23.31558984375
2.76137109375,-0.2753359375,3.54792578125,4.7928046875,7.7308671875,9.38556640625,9.920671875,10.6857421875,11.03616015625,23.130765625,13.7638671875,13.86794921875,-7.13834765625,22.3919453125,29.91763671875,20.994015625,2.8627421875,9.47661328125,23.0624921875,20.4176640625,10.75421875,2.39275390625,16.1048515625,22.48019921875,14.4486953125,13.83940625,23.1775546875,17.55078125,24.63598828125,22.51458984375
5.06837109375,1.9736640625,5.71092578125,8.0668046875,10.5118671875,11.62156640625,11.598671875,12.2337421875,14.26616015625,26.404765625,15.8528671875,15.54894921875,-6.94334765625,24.5489453125,32.32863671875,21.889015625,1.8017421875,9.13961328125,24.4194921875,21.4446640625,10.45821875,0.99675390625,15.2118515625,21.85319921875,13.6886953125,10.73840625,21.2375546875,13.57978125,21.31898828125,19.32758984375
6.62137109375,3.0946640625,6.45492578125,11.0958046875,12.3758671875,12.06456640625,10.875671875,11.5457421875,16.63316015625,27.783765625,15.3288671875,14.23794921875,-4.95634765625,23.9999453125,31.57163671875,20.241015625,-2.0552578125,7.24061328125,22.8014921875,19.5266640625,8.44721875,-0.49324609375,11.8088515625,18.66919921875,11.0656953125,6.17240625,16.9825546875,8.29178125,15.96398828125,14.07458984375
6.63737109375,2.4636640625,5.31892578125,12.7228046875,12.4018671875,10.20656640625,7.711671875,8.3487421875,17.16016015625,26.328765625,12.0408671875,10.19594921875,-2.32234765625,20.4949453125,27.30263671875,16.498015625,-7.8012578125,4.06361328125,18.3274921875,14.9686640625,5.21521875,-1.65024609375,6.6388515625,13.60319921875,7.1066953125,1.39640625,11.2645546875,2.93378125,9.47698828125,7.70358984375
4.42937109375,-0.3773359375,2.05892578125,11.8868046875,9.6578671875,5.78856640625,2.281671875,2.9267421875,14.96016015625,21.390765625,6.2828671875,4.09894921875,-0.75234765625,14.1259453125,19.89263671875,11.255015625,-14.1392578125,0.0706132812500002,11.5524921875,8.5076640625,1.43721875,-2.13524609375,0.6728515625,7.42219921875,2.4826953125,-2.21959375,5.0485546875,-1.31221875,2.94398828125,1.48158984375
-0.34762890625,-5.5403359375,-3.25507421875,7.9628046875,3.6188671875,-1.04343359375,-4.843328125,-3.8522578125,9.54916015625,13.012765625,-1.2401328125,-3.14205078125,-1.67234765625,5.4939453125,10.40763671875,5.105015625,-19.7662578125,-4.25438671875,3.3734921875,1.0746640625,-2.26578125,-1.87024609375,-5.1461484375,0.80319921875,-2.1833046875,-3.65659375,-0.8274453125,-3.69121875,-2.65101171875,-3.35041015625
-7.36862890625,-12.5433359375,-10.07307421875,1.1548046875,-5.3601328125,-9.55543359375,-12.637328125,-10.6812578125,1.25516015625,2.243765625,-9.4561328125,-10.42905078125,-5.39634765625,-4.1410546875,0.44563671875,-1.337984375,-23.6652578125,-8.38738671875,-5.0295078125,-6.3483359375,-5.40578125,-0.96524609375,-10.0011484375,-5.61380078125,-6.3363046875,-2.51559375,-5.6974453125,-3.94621875,-6.53701171875,-5.82641015625
-15.47262890625,-20.1953359375,-17.28207421875,-7.3171953125,-15.8311328125,-18.36443359375,-19.799328125,-16.1362578125,-8.55283984375,-8.933234375,-17.0381328125,-16.52805078125,-10.84534765625,-13.0000546875,-8.20236328125,-7.366984375,-25.2682578125,-11.71938671875,-12.2965078125,-12.8053359375,-7.61178125,0.43175390625,-13.2081484375,-11.10180078125,-9.4453046875,0.96240625,-9.0144453125,-2.20421875,-8.17401171875,-5.40641015625
-22.91462890625,-26.8553359375,-23.41007421875,-15.4761953125,-25.5471328125,-25.71543359375,-25.038328125,-19.0832578125,-17.71683984375,-18.106234375,-22.7071328125,-20.30105078125,-16.01434765625,-19.2210546875,-14.03836328125,-12.230984375,-24.4772578125,-13.66038671875,-17.1825078125,-17.4923359375,-8.65078125,2.16275390625,-14.3201484375,-14.89480078125,-11.0503046875,6.02740625,-10.3804453125,1.10678125,-7.31501171875,-2.08341015625
-27.96262890625,-30.9903359375,-27.08807421875,-21.2291953125,-32.1861328125,-30.04543359375,-27.312328125,-18.9682578125,-23.96283984375,-23.232234375,-25.6121328125,-21.06805078125,-18.93534765625,-21.4150546875,-16.31936328125,-15.274984375,-21.6002578125,-13.88438671875,-18.9335078125,-19.9153359375,-8.49178125,3.96975390625,-13.3191484375,-16.41880078125,-10.9173046875,11.61140625,-9.6794453125,5.27578125,-4.15001171875,3.55558984375
-29.49462890625,-31.7013359375,-27.49107421875,-23.0751953125,-34.1301328125,-30.50043359375,-26.129328125,-15.9592578125,-25.66783984375,-23.309234375,-25.5671328125,-18.85605078125,-18.55234765625,-19.0960546875,-15.19836328125,-16.112984375,-17.2192578125,-12.48838671875,-17.5115078125,-19.9583359375,-7.30078125,5.46375390625,-10.6731484375,-15.50680078125,-9.1393046875,16.60240625,-7.1534453125,9.39978125,0.673988281249999,10.43358984375
-27.28762890625,-28.9273359375,-24.55207421875,-20.5391953125,-30.9601328125,-27.15143359375,-21.847328125,-10.8892578125,-22.35183984375,-18.645234375,-22.9901328125,-14.36505078125,-15.04934765625,-12.8250546875,-11.48936328125,-14.693984375,-12.0772578125,-9.89538671875,-13.5175078125,-17.8003359375,-5.32678125,6.28375390625,-7.1351484375,-12.42080078125,-6.0743046875,20.12940625,-3.3124453125,12.63078125,6.20898828125,17.25058984375
-22.00262890625,-23.3893359375,-18.95207421875,-14.2711953125,-23.5501328125,-20.91443359375,-15.657328125,-5.0442578125,-14.81483984375,-10.668234375,-18.6521328125,-8.71405078125,-9.58134765625,-4.0180546875,-6.25636328125,-11.286984375,-7.0042578125,-6.62238671875,-7.9245078125,-13.7993359375,-2.81578125,6.30275390625,-3.4561484375,-7.74980078125,-2.2293046875,21.74240625,1.2035546875,14.41478125,11.44198828125,22.77858984375
-15.00062890625,-16.4323359375,-11.99707421875,-5.8851953125,-13.8541328125,-13.32743359375,-9.176328125,0.173742187500001,-4.97383984375,-1.483234375,-13.4531328125,-3.16605078125,-3.73034765625,5.4309453125,-0.53936328125,-6.455984375,-2.8662578125,-3.18138671875,-1.8655078125,-8.5243359375,-0.0827812500000005,5.65675390625,-0.2291484375,-2.34680078125,1.7406953125,21.35140625,5.6605546875,14.52378125,15.43398828125,26.03158984375
-8.06662890625,-9.7593359375,-5.37607421875,2.4048046875,-4.4301328125,-6.23943359375,-3.940328125,3.5517421875,4.57116015625,6.635765625,-8.3191328125,1.09394921875,0.95165234375,13.5159453125,4.67863671875,-1.099984375,-0.499257812500001,-0.15438671875,3.4584921875,-2.8833359375,2.32121875,4.52475390625,2.0488515625,2.67219921875,4.9726953125,19.01340625,9.1925546875,12.88378125,17.35298828125,26.29558984375
-2.97562890625,-5.0003359375,-0.73007421875,8.3788046875,2.2208671875,-1.36743359375,-1.072328125,4.3077421875,11.23216015625,11.727765625,-4.1271328125,3.17894921875,3.26165234375,18.4379453125,8.45663671875,3.580015625,-0.557257812500001,1.73861328125,6.8684921875,1.8926640625,3.59921875,2.85775390625,2.8978515625,6.05519921875,6.4676953125,14.81740625,10.8745546875,9.43978125,16.57698828125,23.21158984375
-0.95862890625,-3.1873359375,0.88292578125,10.5148046875,4.3978671875,0.19956640625,-1.029328125,2.3087421875,13.22716015625,12.614765625,-1.5611328125,2.76294921875,2.60665234375,18.9639453125,10.01963671875,6.356015625,-3.2602578125,1.77361328125,7.4544921875,4.5456640625,2.99921875,0.32075390625,1.9298515625,6.76219921875,5.4286953125,9.00540625,10.0125546875,4.23378125,12.93498828125,16.97858984375
-2.24262890625,-4.3723359375,-0.61107421875,8.5508046875,1.7618671875,-1.65243359375,-3.379328125,-1.7432578125,10.20016015625,9.253765625,-0.9381328125,0.26394921875,-0.72934765625,14.8719453125,9.01463671875,6.468015625,-8.1062578125,-0.42938671875,4.9274921875,4.3116640625,0.27221875,-3.44024609375,-0.9261484375,4.42319921875,1.7106953125,2.21940625,6.5255546875,-2.36121875,6.95698828125,8.57058984375
-5.89962890625,-7.5803359375,-4.23907421875,3.6398046875,-4.5111328125,-6.01043359375,-6.867328125,-6.3672578125,3.38916015625,2.800765625,-2.1091328125,-3.19805078125,-5.50034765625,7.2229453125,5.75263671875,4.025015625,-13.7892578125,-4.57838671875,-0.1065078125,1.3276640625,-4.00178125,-8.38424609375,-5.2031484375,-0.354800781250001,-3.8853046875,-4.36959375,1.1645546875,-9.46621875,-0.0930117187500006,-0.284410156250001
-10.13962890625,-11.1483359375,-8.32207421875,-2.0221953125,-12.0831328125,-11.21643359375,-9.967328125,-9.7662578125,-4.74583984375,-4.725234375,-4.4891328125,-6.16905078125,-9.78934765625,-1.8500546875,1.21363671875,-0.000984374999999815,-18.5002578125,-9.62238671875,-6.2105078125,-3.3183359375,-8.48578125,-13.81524609375,-9.8841484375,-6.06980078125,-9.7333046875,-9.27459375,-4.6114453125,-15.78521875,-6.50201171875,-7.52841015625
-12.97762890625,-13.3483359375,-11.11007421875,-5.9831953125,-18.2491328125,-15.42143359375,-11.609328125,-10.5582578125,-11.37483984375,-11.107234375,-7.2521328125,-7.41605078125,-11.68434765625,-9.8550546875,-3.24136328125,-4.188984375,-20.5812578125,-14.06438671875,-11.5905078125,-7.9863359375,-11.59378125,-18.51024609375,-13.6941484375,-10.84780078125,-13.9443046875,-11.22959375,-9.1214453125,-20.02221875,-10.70001171875,-11.47641015625
-13.02462890625,-13.0783359375,-11.47107421875,-6.4701953125,-20.9061328125,-17.24143359375,-11.530328125,-8.3792578125,-14.32683984375,-14.698234375,-9.6141328125,-6.45205078125,-10.09534765625,-14.8090546875,-6.39736328125,-7.242984375,-19.2172578125,-16.57638671875,-14.8005078125,-11.1693359375,-12.21178125,-21.22024609375,-15.6221484375,-13.21080078125,-15.1683046875,-9.80259375,-11.1334453125,-21.43921875,-11.88701171875,-11.50241015625
-10.02662890625,-10.3093359375,-9.32307421875,-3.0511953125,-19.3231328125,-16.27543359375,-10.146328125,-4.0032578125,-12.86883984375,-14.969234375,-11.0771328125,-3.72005078125,-5.29734765625,-15.8830546875,-7.66336328125,-8.429984375,-14.8212578125,-16.60038671875,-15.3325078125,-12.1043359375,-10.23578125,-21.29024609375,-15.3881484375,-12.70380078125,-13.2083046875,-5.71459375,-10.3984453125,-20.24921875,-10.40201171875,-8.33441015625
-4.90062890625,-6.0193359375,-5.56907421875,3.2468046875,-14.3311328125,-13.16443359375,-8.235328125,1.0157421875,-7.86583984375,-12.591234375,-11.5011328125,-0.33105078125,1.07365234375,-13.5680546875,-7.22236328125,-7.724984375,-8.8992578125,-14.58138671875,-13.7235078125,-10.9853359375,-6.60078125,-19.05024609375,-13.5491484375,-10.00980078125,-9.0943046875,-0.63759375,-7.7144453125,-17.54621875,-7.56101171875,-3.76541015625
0.75737109375,-1.6363359375,-1.56307421875,10.4618046875,-7.8491328125,-9.17043359375,-6.611328125,5.0237421875,-1.23783984375,-8.995234375,-10.9761328125,2.51994921875,6.65765234375,-9.3020546875,-5.76836328125,-5.637984375,-3.4702578125,-11.67338671875,-11.1215078125,-8.6693359375,-2.77578125,-15.71224609375,-11.1451484375,-6.48680078125,-4.5303046875,3.50640625,-4.4844453125,-14.77921875,-5.00901171875,0.11358984375
5.41537109375,1.6696640625,1.56592578125,16.5628046875,-1.9531328125,-5.51743359375,-5.719328125,6.9867421875,4.96216015625,-5.603234375,-9.6101328125,4.12894921875,9.41265234375,-4.6780546875,-4.00236328125,-2.818984375,-0.2452578125,-9.09438671875,-8.5665078125,-6.0863359375,-0.0157812500000003,-12.81424609375,-9.0971484375,-3.39080078125,-1.0343046875,5.38340625,-1.9744453125,-13.04921875,-3.92601171875,1.81558984375
8.20437109375,3.4606640625,3.37992578125,20.2398046875,2.0038671875,-2.87343359375,-5.313328125,6.9377421875,9.38116015625,-3.146234375,-7.4251328125,4.56694921875,8.57065234375,-0.6360546875,-2.24636328125,0.316015625,0.0867421874999996,-7.49938671875,-6.4405078125,-3.7193359375,1.21921875,-11.45124609375,-7.7101484375,-1.24980078125,0.7706953125,4.83040625,-0.6954453125,-12.62021875,-4.50301171875,1.06358984375
9.10137109375,4.0416640625,4.16192578125,21.2188046875,3.7938671875,-1.21443359375,-4.603328125,5.8547421875,11.71016015625,-1.462234375,-4.4281328125,4.52694921875,4.98565234375,2.8179453125,-0.37836328125,3.674015625,-1.8962578125,-6.71638671875,-4.4045078125,-1.4583359375,1.39321875,-11.76824609375,-6.5921484375,0.257199218749999,1.3146953125,2.85140625,-0.254445312500001,-12.90421875,-5.95201171875,-1.19941015625
8.62537109375,4.0316640625,4.50492578125,20.0118046875,4.0398671875,-0.12543359375,-2.931328125,4.9877421875,12.41016015625,0.0987656250000002,-0.8351328125,4.81694921875,0.60065234375,6.1549453125,1.85563671875,7.232015625,-4.7442578125,-5.99838671875,-1.8725078125,1.0756640625,1.48121875,-12.99424609375,-5.0341484375,1.85919921875,1.6286953125,1.01240625,0.245554687499999,-12.90321875,-7.05501171875,-3.41441015625
7.30437109375,3.7786640625,4.73992578125,17.3478046875,3.5278671875,0.67156640625,-0.415328125,5.0307421875,12.07416015625,1.976765625,2.7318671875,5.76194921875,-2.66934765625,9.5389453125,4.38163671875,10.691015625,-6.9722578125,-4.64338671875,1.3294921875,3.9956640625,2.26521875,-13.99024609375,-2.6381484375,3.98819921875,2.5446953125,0.53840625,1.5005546875,-11.86921875,-6.91001171875,-4.27141015625
5.34937109375,3.0616640625,4.61192578125,13.7298046875,2.6348671875,0.97256640625,2.020671875,5.7257421875,10.90616015625,3.914765625,5.2888671875,6.92694921875,-3.92034765625,12.4019453125,6.56863671875,13.391015625,-7.7892578125,-2.55138671875,4.5994921875,6.7966640625,3.78321875,-13.92424609375,0.2638515625,6.31519921875,4.0926953125,1.67240625,3.4635546875,-9.74721875,-5.45901171875,-3.36741015625
2.77137109375,1.3586640625,3.52092578125,9.4568046875,1.2928671875,0.24556640625,3.220671875,6.1417421875,8.72416015625,5.074765625,5.9128671875,7.39894921875,-3.50034765625,13.6989453125,7.47763671875,14.595015625,-7.2602578125,-0.33638671875,6.8004921875,8.5376640625,5.33821875,-12.65124609375,2.7058515625,7.87919921875,5.5056953125,3.68540625,5.3355546875,-7.15821875,-3.44801171875,-1.26741015625
-0.19562890625,-1.4953359375,1.14992578125,4.9708046875,-0.5621328125,-1.79243359375,2.491671875,5.3827421875,5.43216015625,4.620765625,4.3248671875,6.49094921875,-2.46234765625,12.5849453125,6.44763671875,13.936015625,-5.9272578125,1.07361328125,6.9354921875,8.4266640625,6.05421875,-10.62824609375,3.6558515625,7.71019921875,5.8076953125,5.50440625,6.0615546875,-4.94321875,-1.91601171875,0.96658984375
-2.83562890625,-4.8653359375,-2.03707421875,1.1218046875,-2.5381328125,-4.70143359375,0.052671875,3.2437421875,1.48616015625,2.349765625,1.2038671875,4.32594921875,-1.70834765625,9.0189453125,3.59663671875,11.711015625,-4.2952578125,1.02961328125,4.7704921875,6.3616640625,5.51221875,-8.53324609375,2.6268515625,5.47219921875,4.5066953125,6.43540625,4.9615546875,-3.65721875,-1.57401171875,2.41458984375
-4.13362890625,-7.4773359375,-4.88607421875,-0.9801953125,-3.7491328125,-7.36743359375,-2.961328125,0.431742187500001,-2.06283984375,-1.087234375,-2.0521328125,1.85494921875,-1.41834765625,3.9449453125,-0.17136328125,8.791015625,-2.6012578125,-0.46538671875,0.9784921875,3.0296640625,3.98421875,-6.89124609375,-0.0801484375000001,1.68319921875,1.8836953125,6.48040625,2.0705546875,-3.34321875,-2.51001171875,2.69358984375
-3.30462890625,-8.0883359375,-6.15307421875,-0.4641953125,-3.2361328125,-8.56243359375,-4.982328125,-1.7752578125,-3.99483984375,-4.462234375,-4.0061328125,0.29594921875,-1.09734765625,-1.0450546875,-3.61736328125,6.203015625,-0.9602578125,-2.78038671875,-3.2125078125,-0.4913359375,2.14921875,-5.86924609375,-3.5541484375,-2.57080078125,-1.2263046875,6.12340625,-1.9224453125,-3.66421875,-4.28601171875,1.98058984375
-0.27862890625,-6.1783359375,-5.18207421875,2.7838046875,-0.5321328125,-7.57543359375,-4.848328125,-2.2292578125,-3.49883984375,-6.540234375,-3.8531328125,0.42194921875,-0.13034765625,-4.3900546875,-5.74036328125,4.624015625,0.3577421875,-4.95838671875,-6.5655078125,-3.2673359375,0.62021875,-5.29124609375,-6.6831484375,-6.15780078125,-3.9133046875,5.87140625,-6.0034453125,-4.16921875,-6.25401171875,0.779589843749999
4.14237109375,-2.2373359375,-2.23307421875,7.9258046875,4.0278671875,-4.52443359375,-2.410328125,-0.560257812499999,-0.55283984375,-6.568234375,-1.7041328125,2.16894921875,1.61665234375,-5.1890546875,-6.11136328125,4.116015625,0.863742187499999,-6.08738671875,-8.2435078125,-4.8323359375,-0.36178125,-4.74424609375,-8.5101484375,-8.31580078125,-5.5773046875,5.93640625,-9.2024453125,-4.47121875,-7.81901171875,-0.33541015625
8.58737109375,2.4546640625,1.68092578125,13.4368046875,9.4188671875,-0.218433593749999,1.558671875,2.6597421875,4.07016015625,-4.452234375,1.6288671875,4.75994921875,3.63265234375,-3.4000546875,-4.84436328125,4.305015625,0.1457421875,-5.56138671875,-7.9325078125,-5.1493359375,-0.876781250000001,-3.68524609375,-8.4341484375,-8.77880078125,-6.0183046875,6.22940625,-10.8274453125,-4.25021875,-8.54501171875,-0.867410156250001
11.70237109375,6.4186640625,5.30492578125,17.6958046875,14.3658671875,4.25056640625,5.974671875,6.2857421875,9.12816015625,-0.659234375,5.1098671875,7.18394921875,5.12265234375,0.3779453125,-2.36836328125,4.780015625,-1.7102578125,-3.19938671875,-5.7635078125,-4.3843359375,-1.07778125,-1.55924609375,-6.2791484375,-7.67580078125,-5.3313046875,6.57140625,-10.5594453125,-3.18921875,-8.13801171875,-0.457410156250001
12.71337109375,8.5846640625,7.66292578125,19.5748046875,17.8028671875,7.91956640625,9.901671875,9.1387421875,13.33416015625,3.933765625,7.8678671875,8.65794921875,5.52665234375,5.1909453125,0.736636718750001,5.344015625,-4.0092578125,0.71261328125,-2.2405078125,-2.7563359375,-0.988781250000001,1.97875390625,-2.3591484375,-5.38980078125,-3.7603046875,6.87740625,-8.4824453125,-1.02721875,-6.46101171875,1.02758984375
11.62137109375,8.5966640625,8.30992578125,18.7178046875,19.1138671875,10.14856640625,12.602671875,10.3747421875,15.66416015625,8.134765625,9.3298671875,8.83294921875,4.73165234375,9.8389453125,3.72063671875,5.918015625,-5.7992578125,5.38261328125,1.7474921875,-0.5973359375,-0.528781250000001,6.73975390625,2.4558515625,-2.52680078125,-1.6653046875,7.16240625,-5.1294453125,2.20978125,-3.67001171875,3.36658984375
8.99937109375,6.7176640625,7.27492578125,15.4888046875,18.1438671875,10.59956640625,13.506671875,9.6427421875,15.51416015625,10.616765625,9.1538671875,7.73694921875,2.92865234375,12.9769453125,5.64763671875,6.330015625,-6.4192578125,9.57261328125,4.9714921875,1.5126640625,0.29021875,11.81775390625,6.7968515625,0.0831992187499999,0.4456953125,7.43340625,-1.4704453125,5.96778125,-0.360011718750002,5.93058984375
5.65137109375,3.5866640625,4.91592578125,10.7708046875,15.1688671875,9.20356640625,12.388671875,7.1767421875,12.83016015625,10.336765625,7.2438671875,5.66994921875,0.42465234375,13.4829453125,5.60763671875,6.308015625,-5.7722578125,11.94861328125,6.1834921875,2.8246640625,1.27821875,15.82675390625,9.1868515625,1.55119921875,2.0156953125,7.63640625,1.3435546875,9.22178125,2.52198828125,7.89558984375
2.42237109375,0.0596640624999996,1.86792578125,5.7868046875,10.9128671875,6.27156640625,9.579671875,3.8197421875,8.25216015625,7.091765625,3.9228671875,3.18894921875,-2.36534765625,10.9919453125,3.18963671875,5.701015625,-4.1742578125,11.69761328125,4.6994921875,2.7816640625,2.20921875,17.57075390625,8.7198515625,1.33119921875,2.7236953125,7.77640625,2.4755546875,10.96078125,4.10198828125,8.68858984375
0.10037109375,-2.8783359375,-0.98407421875,1.8858046875,6.4698671875,2.58756640625,5.896671875,0.8207421875,3.08716015625,1.782765625,0.0408671875,1.09694921875,-4.83834765625,6.1769453125,-1.14036328125,4.696015625,-2.0152578125,9.05761328125,0.8654921875,1.4126640625,3.06521875,16.73675390625,5.6278515625,-0.412800781250001,2.7336953125,8.06240625,1.8665546875,10.78478125,4.07998828125,8.35758984375
-0.77762890625,-4.3703359375,-2.74507421875,0.1258046875,2.9668671875,-0.79043359375,2.355671875,-0.636257812499999,-1.12183984375,-3.917234375,-3.2441328125,0.21994921875,-6.29834765625,0.4979453125,-6.14336328125,3.769015625,0.4307421875,5.29861328125,-4.0125078125,-0.6433359375,4.06721875,14.09675390625,1.2608515625,-2.82180078125,2.6176953125,8.84440625,0.245554687499999,9.13478125,2.88598828125,7.53058984375
-0.23462890625,-4.1003359375,-2.92007421875,0.778804687500001,1.0518671875,-3.02843359375,-0.118328125,0.0557421875000008,-3.30783984375,-8.351234375,-5.0081328125,1.01294921875,-6.25234765625,-4.4500546875,-10.39236328125,3.378015625,2.9467421875,2.06261328125,-8.3165078125,-2.5433359375,5.40121875,11.06575390625,-2.6031484375,-4.84280078125,2.9056953125,10.31840625,-1.3734453125,6.95078125,1.33498828125,6.93758984375
1.03037109375,-2.5153359375,-1.70507421875,3.1258046875,0.5738671875,-3.92143359375,-0.928328125,2.6497421875,-3.37983984375,-10.635234375,-5.0361328125,3.25994921875,-4.69334765625,-7.6060546875,-12.95236328125,3.628015625,5.2407421875,0.49761328125,-10.9075078125,-3.7613359375,6.90321875,8.91575390625,-4.6601484375,-5.84780078125,3.6196953125,12.24940625,-2.3374453125,5.05878125,0.0699882812499979,6.89058984375
1.97237109375,-0.5773359375,0.14992578125,5.7978046875,0.7608671875,-3.87643359375,-0.015328125,6.1927421875,-2.12783984375,-10.904234375,-3.8671328125,6.13694921875,-2.15834765625,-8.7740546875,-13.69036328125,4.156015625,6.9227421875,0.75261328125,-11.5625078125,-4.3293359375,8.00021875,8.15275390625,-4.6251484375,-5.93580078125,4.1896953125,13.96040625,-2.6734453125,3.74478125,-0.768011718750001,7.08858984375
1.81337109375,0.7956640625,1.80392578125,7.5188046875,0.7608671875,-3.51143359375,2.146671875,9.5057421875,-0.62883984375,-9.997234375,-2.4101328125,8.60294921875,0.48965234375,-8.4870546875,-13.13936328125,4.312015625,7.6027421875,2.06961328125,-10.8945078125,-4.6973359375,7.98321875,8.38875390625,-3.2051484375,-5.77780078125,3.7876953125,14.61240625,-2.9264453125,2.74778125,-1.47301171875,6.86258984375
0.48137109375,1.1816640625,2.73692578125,7.7358046875,0.1488671875,-3.26043359375,4.836671875,11.7227421875,0.36016015625,-8.888234375,-1.4641328125,9.84794921875,2.37265234375,-7.5800546875,-12.13936328125,3.496015625,7.0197421875,3.26861328125,-9.9285078125,-5.4103359375,6.37321875,8.66475390625,-1.6461484375,-6.20480078125,1.8056953125,13.56440625,-3.7634453125,1.53178125,-2.49001171875,5.59158984375
-1.41762890625,0.7226640625,2.88392578125,6.7648046875,-0.9251328125,-3.23143359375,7.416671875,12.5777421875,0.65016015625,-8.234234375,-1.4301328125,9.57394921875,2.88565234375,-6.7740546875,-11.49536328125,1.450015625,5.1577421875,3.33261328125,-9.6245078125,-6.8283359375,3.19321875,8.00875390625,-1.1531484375,-7.79580078125,-1.8143046875,10.64340625,-5.5964453125,-0.35321875,-4.13601171875,3.03758984375
-3.00362890625,-0.0873359375000002,2.52292578125,5.4598046875,-1.9461328125,-3.27443359375,9.415671875,12.3277421875,0.49616015625,-8.209234375,-2.2501328125,8.05894921875,1.86265234375,-6.5040546875,-11.71536328125,-1.634984375,2.3177421875,1.83861328125,-10.4905078125,-8.9523359375,-0.95178125,5.94275390625,-2.3701484375,-10.60780078125,-6.4753046875,6.26340625,-8.3864453125,-2.98521875,-6.42201171875,-0.536410156250001
-3.59762890625,-0.6983359375,2.08292578125,4.6688046875,-2.3821328125,-3.14543359375,10.469671875,11.4827421875,0.31016015625,-8.582234375,-3.5251328125,6.02994921875,-0.38334765625,-6.9370546875,-12.85236328125,-5.163984375,-0.853257812500001,-0.89338671875,-12.4205078125,-11.3883359375,-5.00478125,2.73075390625,-5.1251484375,-14.12580078125,-11.0923046875,1.34740625,-11.6474453125,-5.97621875,-9.03001171875,-4.45141015625
-3.01962890625,-0.7563359375,1.91792578125,4.8028046875,-1.9821328125,-2.67443359375,10.425671875,10.5697421875,0.38516015625,-8.921234375,-4.7181328125,4.38194921875,-3.15834765625,-8.0040546875,-14.52936328125,-8.312984375,-3.4902578125,-3.98838671875,-14.7925078125,-13.4913359375,-7.82278125,-0.76324609375,-8.5411484375,-17.46480078125,-14.4743046875,-2.97459375,-14.6494453125,-8.65421875,-11.47501171875,-7.89441015625
-1.60062890625,-0.2233359375,2.17592578125,5.7008046875,-0.8691328125,-1.88143359375,9.576671875,10.0297421875,0.76216015625,-8.841234375,-5.3651328125,3.84494921875,-5.58234765625,-9.3750546875,-16.11236328125,-10.254984375,-4.7912578125,-6.43138671875,-16.7695078125,-14.6243359375,-8.64078125,-3.50124609375,-11.4521484375,-19.72080078125,-15.7973046875,-5.79459375,-16.7244453125,-10.41021875,-13.34001171875,-10.25641015625
0.0603710937500002,0.6976640625,2.79992578125,6.8338046875,0.5918671875,-0.91043359375,8.645671875,10.1647421875,1.29516015625,-8.169234375,-5.1781328125,4.76694921875,-6.84134765625,-10.4960546875,-16.95136328125,-10.427984375,-4.3492578125,-7.46238671875,-17.6145078125,-14.3993359375,-7.36978125,-4.71324609375,-12.8661484375,-20.26880078125,-14.8943046875,-6.74559375,-17.4764453125,-10.97121875,-14.43701171875,-11.34341015625
1.41637109375,1.7436640625,3.64992578125,7.6648046875,2.0298671875,0.11856640625,8.417671875,11.0707421875,1.80616015625,-6.985234375,-4.0541328125,7.05994921875,-6.41134765625,-10.8050546875,-16.57536328125,-8.712984375,-2.3352578125,-6.79838671875,-16.8965078125,-12.7743359375,-4.55978125,-4.14524609375,-12.2651484375,-18.88780078125,-12.2403046875,-6.04059375,-16.8234453125,-10.42621875,-14.77601171875,-11.36141015625
2.12337109375,2.6566640625,4.53192578125,7.8638046875,3.1978671875,1.15656640625,9.309671875,12.5517421875,2.14416015625,-5.609234375,-2.0861328125,10.21694921875,-4.24834765625,-10.0660546875,-14.87236328125,-5.520984375,0.529742187499999,-4.72038671875,-14.6105078125,-10.0633359375,-1.15678125,-2.09424609375,-9.7551484375,-15.80180078125,-8.7353046875,-4.30659375,-14.9604453125,-9.08721875,-14.46001171875,-10.73241015625
1.97237109375,3.0876640625,5.11892578125,7.2768046875,3.9138671875,2.06556640625,11.133671875,14.0897421875,2.10016015625,-4.551234375,0.3178671875,13.32094921875,-0.90634765625,-8.6030546875,-12.24436328125,-1.734984375,3.1957421875,-2.05738671875,-11.2655078125,-6.9193359375,1.76021875,0.69075390625,-6.0921484375,-11.69980078125,-5.4453046875,-2.36959375,-12.3464453125,-7.36921875,-13.63201171875,-9.91441015625
0.80437109375,2.5816640625,4.92492578125,5.8138046875,3.9888671875,2.50456640625,13.093671875,14.9277421875,1.36716015625,-4.387234375,2.4158671875,15.17494921875,2.49365234375,-7.2670546875,-9.56736328125,1.484015625,4.6277421875,0.0346132812500002,-7.8145078125,-4.2123359375,3.23121875,3.23575390625,-2.5071484375,-7.63580078125,-3.3343046875,-1.03159375,-9.6424453125,-5.70721875,-12.47601171875,-9.27241015625
-1.38962890625,0.8456640625,3.54992578125,3.4918046875,3.3348671875,2.07256640625,14.008671875,14.3067421875,-0.27883984375,-5.488234375,3.3738671875,14.70994921875,4.58865234375,-7.0490546875,-7.82836328125,3.081015625,4.1927421875,0.54261328125,-5.3155078125,-2.7063359375,2.71521875,4.69375390625,-0.2251484375,-4.67380078125,-2.9493046875,-0.82459375,-7.4914453125,-4.44521875,-11.16801171875,-8.98341015625
-4.25762890625,-1.9203359375,1.01992578125,0.6078046875,2.1668671875,0.64756640625,12.848671875,11.8297421875,-2.68883984375,-7.717234375,2.7108671875,11.54994921875,4.35165234375,-8.4800546875,-7.59336328125,2.569015625,1.9677421875,-0.85138671875,-4.4215078125,-2.6653359375,0.358218749999999,4.72175390625,0.1268515625,-3.41080078125,-4.1683046875,-1.80059375,-6.2134453125,-3.70821875,-9.80001171875,-8.98241015625
-7.03862890625,-4.9563359375,-2.07507421875,-2.1981953125,1.0568671875,-1.42843359375,9.411671875,7.7617421875,-5.23183984375,-10.346234375,0.6378671875,6.35394921875,1.67465234375,-11.1490546875,-8.65636328125,0.319015625,-1.2412578125,-3.52238671875,-5.0235078125,-3.6643359375,-2.99378125,3.62575390625,-1.1321484375,-3.67680078125,-6.2263046875,-3.50759375,-5.6424453125,-3.36421875,-8.36701171875,-9.01241015625
-8.80062890625,-7.2483359375,-4.79907421875,-4.1251953125,0.7288671875,-3.44343359375,4.625671875,3.0207421875,-7.01783984375,-12.305234375,-1.9531328125,0.65594921875,-2.44134765625,-13.7380546875,-10.10736328125,-2.569984375,-4.2342578125,-6.13338671875,-6.2835078125,-4.7773359375,-6.10578125,2.18475390625,-2.8801484375,-4.64580078125,-8.0433046875,-5.21059375,-5.2404453125,-3.14521875,-6.86301171875,-8.78541015625
-8.82162890625,-7.9493359375,-6.25007421875,-4.5351953125,1.7268671875,-4.58443359375,0.160671875,-1.1612578125,-7.29183984375,-12.651234375,-3.8331328125,-3.72505078125,-6.25934765625,-14.6480546875,-10.75136328125,-4.761984375,-5.9552578125,-7.23638671875,-7.0325078125,-5.0153359375,-7.82878125,1.23275390625,-3.7331484375,-5.25380078125,-8.6663046875,-6.18759375,-4.4214453125,-2.80521875,-5.36701171875,-8.12241015625
-6.89362890625,-6.6903359375,-5.89907421875,-3.2061953125,4.1708671875,-4.22743359375,-2.361328125,-3.7232578125,-5.77283984375,-10.969234375,-3.9211328125,-5.36805078125,-8.10934765625,-12.8340546875,-9.63136328125,-5.258984375,-5.9182578125,-5.92038671875,-6.3225078125,-3.7483359375,-7.49578125,1.27675390625,-2.7071484375,-4.69580078125,-7.5963046875,-5.95259375,-2.8564453125,-2.22121875,-4.03501171875,-7.01841015625
-3.42262890625,-3.7063359375,-3.77307421875,-0.4171953125,7.6918671875,-2.18243359375,-2.000328125,-4.1142578125,-2.77083984375,-7.512234375,-1.7371328125,-3.75105078125,-7.15934765625,-8.3410546875,-6.44536328125,-3.746984375,-4.3062578125,-2.23638671875,-3.8495078125,-0.9443359375,-5.11778125,2.33175390625,0.3318515625,-2.74580078125,-4.9063046875,-4.36459375,-0.633445312500001,-1.40121875,-3.01101171875,-5.58441015625
0.71237109375,0.2446640625,-0.44307421875,3.1608046875,11.5498671875,1.18856640625,1.237671875,-2.4002578125,0.93116015625,-3.084234375,2.3698671875,0.60994921875,-3.74734765625,-2.2600546875,-1.69936328125,-0.633984375000001,-1.7782578125,2.81361328125,-0.0705078124999998,2.8636640625,-1.33278125,4.02775390625,4.6228515625,0.22419921875,-1.1593046875,-1.63059375,1.8265546875,-0.422218749999999,-2.32501171875,-3.94641015625
4.48437109375,4.1556640625,3.18892578125,6.7038046875,14.8698671875,5.06056640625,6.392671875,0.798742187500001,4.40116015625,1.258765625,7.3068671875,6.35894921875,0.86665234375,3.7529453125,3.46863671875,3.141015625,0.830742187499999,7.70561328125,4.0234921875,6.8096640625,2.83321875,5.84175390625,8.8888515625,3.48419921875,2.8076953125,1.73840625,3.9765546875,0.643781250000001,-1.87401171875,-2.20841015625
7.07137109375,7.1216640625,6.20892578125,9.4998046875,16.9178671875,8.42656640625,11.793671875,4.4667421875,6.90116015625,4.553765625,11.6328671875,11.74794921875,5.11865234375,8.1159453125,7.69763671875,6.419015625,2.7457421875,11.02761328125,7.3304921875,10.0056640625,6.30421875,7.31275390625,11.9018515625,6.25819921875,6.1286953125,5.01740625,5.3525546875,1.73578125,-1.52601171875,-0.50841015625
8.04637109375,8.5736640625,7.95392578125,11.0858046875,17.3138671875,10.42156640625,15.658671875,7.4787421875,8.07416015625,6.225765625,14.0778671875,15.17194921875,7.79265234375,9.8909453125,9.89463671875,8.204015625,3.3927421875,11.98761328125,9.0464921875,11.7976640625,8.26121875,8.12875390625,12.9308515625,7.94819921875,8.0966953125,7.40540625,5.6535546875,2.72678125,-1.29401171875,0.856589843749999
7.36837109375,8.3136640625,8.11592578125,11.2558046875,16.1408671875,10.58756640625,16.850671875,8.9687421875,7.93416015625,6.258765625,13.9988671875,15.64994921875,8.38765234375,9.1129453125,9.63363671875,8.011015625,2.5297421875,10.59361328125,8.9014921875,11.9216640625,8.34421875,8.12575390625,11.9118515625,8.23419921875,8.3066953125,8.24740625,4.7685546875,3.38278125,-1.38401171875,1.44458984375
5.27637109375,6.4736640625,6.76392578125,10.0238046875,13.9338671875,9.04356640625,15.280671875,8.6077421875,6.75716015625,5.179765625,11.6328671875,13.12794921875,7.10065234375,6.6879453125,7.33563671875,6.034015625,0.3577421875,7.51361328125,7.2074921875,10.5646640625,6.73121875,7.26675390625,9.3718515625,7.13419921875,6.7906953125,7.31940625,2.8315546875,3.45478125,-2.03401171875,0.89558984375
2.23837109375,3.5106640625,4.32792578125,7.6198046875,11.5488671875,6.49256640625,11.763671875,6.6517421875,4.96316015625,3.840765625,8.0098671875,8.50394921875,4.51065234375,3.8909453125,4.12263671875,3.033015625,-2.4902578125,3.76461328125,4.7164921875,8.3136640625,4.09621875,5.63875390625,6.1908515625,5.03419921875,4.0896953125,5.00840625,0.2875546875,2.86778125,-3.24101171875,-0.761410156250001
-1.10062890625,0.1666640625,1.49592578125,4.4668046875,9.8668671875,3.96556640625,7.616671875,3.7827421875,2.99116015625,3.040765625,4.5158671875,3.29994921875,1.22765234375,1.7489453125,1.32463671875,-0.0149843749999992,-5.1582578125,0.34161328125,2.3074921875,5.9516640625,1.36921875,3.44375390625,3.2798515625,2.59619921875,1.1296953125,2.20740625,-2.1744453125,1.80778125,-4.64701171875,-2.98641015625
-4.05062890625,-2.7253359375,-1.00107421875,1.1008046875,9.4398671875,2.36156640625,4.259671875,0.867742187500001,1.17816015625,3.160765625,2.2878671875,-0.89905078125,-2.34234765625,0.6599453125,-0.12936328125,-2.311984375,-6.9022578125,-2.09138671875,0.6264921875,4.1406640625,-0.61578125,0.95575390625,1.2618515625,0.52119921875,-1.1023046875,-0.07859375,-3.8394453125,0.62878125,-5.69601171875,-4.93241015625
-6.07162890625,-4.5103359375,-2.62207421875,-1.9601953125,10.2348671875,2.08156640625,2.805671875,-1.2912578125,-0.30783984375,4.013765625,1.7518671875,-2.98705078125,-6.01434765625,0.4179453125,-0.114363281249999,-3.505984375,-7.3802578125,-3.31638671875,-0.1265078125,3.1846640625,-1.41578125,-1.50324609375,0.3398515625,-0.68880078125,-1.9293046875,-1.18259375,-4.2224453125,-0.31821875,-5.92201171875,-5.83441015625
-6.91062890625,-4.8923359375,-3.13007421875,-4.3021953125,11.6878671875,2.97156640625,3.637671875,-2.1592578125,-1.40283984375,5.013765625,2.6008671875,-2.63005078125,-9.67234765625,0.5109453125,0.78563671875,-3.708984375,-6.7262578125,-3.43438671875,-0.1325078125,3.0316640625,-1.02178125,-3.54524609375,0.4218515625,-0.814800781250001,-1.1543046875,-0.98159375,-3.1874453125,-0.74721875,-5.13101171875,-5.30741015625
-6.58762890625,-3.9503359375,-2.55307421875,-5.6131953125,13.0368671875,4.58156640625,6.270671875,-1.5642578125,-2.02183984375,5.596765625,4.1368671875,-0.23205078125,-13.00734765625,0.5469453125,1.76563671875,-3.264984375,-5.3952578125,-2.62238671875,0.3144921875,3.4796640625,0.30221875,-4.68424609375,1.3658515625,0.13619921875,0.9906953125,0.21140625,-0.9074453125,-0.419218749999999,-3.39401171875,-3.43841015625
-5.29762890625,-2.0443359375,-1.09907421875,-5.6851953125,13.7378671875,6.45956640625,9.681671875,0.332742187500001,-2.00683984375,5.615765625,5.7108671875,3.30094921875,-15.34634765625,0.5619453125,2.32663671875,-2.466984375,-3.8582578125,-0.97738671875,1.0634921875,4.3766640625,2.21721875,-4.40724609375,3.1198515625,1.99519921875,3.9966953125,1.92340625,2.2025546875,0.853781250000001,-0.976011718750001,-0.68041015625
-3.32762890625,0.3096640625,0.89892578125,-4.4771953125,13.7138671875,8.29156640625,12.804671875,3.0857421875,-1.20583984375,5.422765625,6.9638671875,6.84694921875,-15.78534765625,0.9949453125,2.48663671875,-1.439984375,-2.3902578125,1.43561328125,2.1284921875,5.6476640625,4.37221875,-2.39024609375,5.6278515625,4.40619921875,7.1706953125,3.72240625,5.5155546875,3.09478125,1.69798828125,2.27458984375
-1.06562890625,2.5476640625,2.99792578125,-2.2401953125,13.2838671875,9.85356640625,14.736671875,5.9537421875,0.35716015625,5.564765625,7.7648671875,9.29994921875,-13.69434765625,2.2759453125,2.57963671875,-0.313984375,-1.0982578125,4.36961328125,3.4844921875,7.1136640625,6.34521875,1.17875390625,8.5768515625,6.74419921875,9.6786953125,5.22840625,8.1935546875,5.95878125,4.00598828125,4.58058984375
0.93137109375,4.1056640625,4.65592578125,0.4098046875,12.8538671875,10.87056640625,14.738671875,7.9267421875,2.34416015625,6.299765625,7.9828671875,9.75494921875,-9.27634765625,4.3319453125,2.80463671875,0.544015625,-0.1152578125,7.21861328125,4.7854921875,8.2796640625,7.56021875,5.39375390625,11.1898515625,8.10219921875,10.5986953125,5.98240625,9.2435546875,8.59378125,5.12198828125,5.32058984375
1.92637109375,4.4426640625,5.27892578125,2.5868046875,12.5788671875,10.92356640625,12.394671875,7.9987421875,4.11216015625,7.303765625,7.3278671875,7.69794921875,-3.74734765625,6.4449453125,2.87663671875,0.503015625,0.2807421875,9.04361328125,5.2754921875,8.3246640625,7.33721875,8.75975390625,12.2918515625,7.47319921875,9.0986953125,5.39940625,7.7285546875,9.73278125,4.14298828125,3.67058984375
1.21437109375,3.1626640625,4.41792578125,3.4488046875,12.2708671875,9.58556640625,7.922671875,5.6807421875,4.93716015625,7.800765625,5.4458671875,3.24694921875,1.07165234375,7.6109453125,2.08063671875,-1.039984375,-0.1792578125,8.90761328125,4.0524921875,6.4106640625,5.16921875,9.74675390625,10.7408515625,4.15119921875,4.8026953125,2.98940625,3.1615546875,8.13678125,0.451988281249999,-0.749410156250001
-1.44662890625,0.3176640625,2.09592578125,2.6208046875,11.6378671875,6.80756640625,2.307671875,1.4507421875,4.40716015625,7.065765625,2.2758671875,-2.62205078125,3.54265234375,7.1319453125,-0.22236328125,-4.232984375,-1.3982578125,6.41061328125,0.6274921875,2.2446640625,1.15621875,7.53675390625,6.1088515625,-1.76580078125,-1.8083046875,-1.17959375,-4.0434453125,3.27478125,-5.79501171875,-7.48441015625
-5.46962890625,-3.3323359375,-0.95507421875,0.4708046875,10.6468671875,3.28156640625,-2.933328125,-3.2102578125,2.72416015625,4.982765625,-1.6071328125,-8.12005078125,2.94365234375,5.0489453125,-3.97836328125,-8.485984375,-2.6732578125,2.09261328125,-4.5675078125,-3.4823359375,-3.70278125,2.54475390625,-0.8131484375,-9.08980078125,-9.2153046875,-6.13159375,-12.3644453125,-4.13421875,-13.37901171875,-15.08341015625
-9.49762890625,-6.4433359375,-3.45107421875,-2.0271953125,9.6728671875,0.37556640625,-6.190328125,-6.3372578125,0.66316015625,2.257765625,-5.0081328125,-11.18305078125,-0.27134765625,2.1649453125,-8.18336328125,-12.542984375,-2.8592578125,-2.63838671875,-10.1265078125,-9.1573359375,-7.70578125,-3.64224609375,-8.0851484375,-15.79480078125,-15.2343046875,-10.12559375,-19.5214453125,-12.17621875,-20.27801171875,-21.46041015625
-11.99662890625,-7.6843359375,-4.15507421875,-3.8271953125,9.2588671875,-0.46743359375,-6.267328125,-6.3672578125,-0.87883984375,0.0967656250000002,-6.5971328125,-10.39205078125,-4.78434765625,-0.3100546875,-11.26736328125,-14.941984375,-0.967257812500001,-6.10838671875,-14.2085078125,-12.8813359375,-9.17978125,-8.94924609375,-13.3691484375,-19.79080078125,-17.8803046875,-11.39259375,-23.3514453125,-18.48421875,-24.47201171875,-24.72341015625
-12.02262890625,-6.4573359375,-2.57907421875,-4.3891953125,9.6808671875,1.45656640625,-2.912328125,-2.9792578125,-1.40483984375,-0.459234375,-5.5981328125,-5.77205078125,-9.09434765625,-1.3450546875,-11.87836328125,-14.688984375,3.1407421875,-7.15238671875,-15.3775078125,-13.3453359375,-7.35178125,-11.73024609375,-14.9531484375,-19.83280078125,-16.2823046875,-9.08159375,-22.7654453125,-21.29521875,-24.87301171875,-24.05041015625
-9.70362890625,-3.2423359375,0.71092578125,-3.9131953125,10.6958671875,5.65156640625,2.847671875,2.6177421875,-1.04483984375,0.883765625,-2.2361328125,1.06394921875,-12.17134765625,-0.5680546875,-9.57836328125,-11.750984375,8.4337421875,-5.61238671875,-13.2475078125,-10.4193359375,-2.80178125,-11.42724609375,-12.4731484375,-16.02780078125,-11.0963046875,-3.78759375,-18.2424453125,-20.20821875,-21.82401171875,-20.06941015625
-6.13462890625,0.6416640625,4.36192578125,-3.0751953125,11.6748671875,10.58756640625,8.993671875,8.1967421875,-0.34183984375,3.560765625,2.3288671875,7.60494921875,-13.71834765625,1.6579453125,-5.02336328125,-7.063984375,13.0727421875,-2.28238671875,-8.5815078125,-5.1303359375,2.80421875,-8.66124609375,-6.9791484375,-9.70180078125,-4.1683046875,2.65840625,-11.5504453125,-16.25421875,-16.87301171875,-14.52541015625
-2.81662890625,3.6636640625,6.90392578125,-2.4991953125,12.0188671875,14.37856640625,13.419671875,11.5877421875,0.19616015625,6.517765625,6.5258671875,11.57694921875,-13.96734765625,4.5919453125,0.385636718750001,-2.051984375,15.2927421875,1.55261328125,-2.8625078125,0.8576640625,7.52321875,-4.79224609375,-0.4051484375,-2.76780078125,2.3166953125,8.03240625,-4.9254453125,-11.30721875,-12.00901171875,-9.43641015625
-0.95162890625,4.7536640625,7.41692578125,-2.3611953125,11.5118671875,15.59156640625,14.846671875,11.6497421875,0.44616015625,8.755765625,9.0438671875,11.88994921875,-13.29534765625,7.5359453125,5.12663671875,1.987015625,14.2567421875,4.69361328125,2.3484921875,5.9336640625,9.97921875,-1.26524609375,5.2318515625,3.01019921875,6.6956953125,10.66040625,-0.1644453125,-7.21221875,-8.78401171875,-6.24941015625
-0.99562890625,3.6856640625,5.85792578125,-2.3751953125,10.3908671875,13.81156640625,13.151671875,8.5997421875,0.65916015625,9.704765625,9.3098671875,8.93994921875,-12.00534765625,9.9889453125,8.08563671875,4.275015625,10.3747421875,6.38461328125,5.9204921875,9.0336640625,9.80521875,0.90275390625,8.4958515625,6.52019921875,8.3066953125,10.00440625,1.9135546875,-5.06321875,-7.76701171875,-5.40041015625
-2.63062890625,1.0176640625,2.92092578125,-2.1421953125,9.1018671875,9.70756640625,9.172671875,3.6617421875,1.14416015625,9.287765625,7.5958671875,4.20394921875,-10.40434765625,11.5479453125,8.81763671875,4.646015625,4.9737421875,6.38061328125,7.3554921875,9.8156640625,7.56321875,1.33275390625,8.8538515625,7.45119921875,7.4556953125,6.67140625,1.5035546875,-4.93221875,-8.51101171875,-6.38041015625
-5.09262890625,-2.3233359375,-0.40907421875,-1.5731953125,7.9728671875,4.65356640625,4.351671875,-1.5712578125,1.88616015625,7.796765625,4.7898671875,-0.53605078125,-8.95334765625,11.8459453125,7.53163671875,3.470015625,-0.347257812500001,4.81661328125,6.7484921875,8.5916640625,4.31721875,0.23675390625,6.6518515625,6.18819921875,5.0566953125,2.01340625,-0.482445312500001,-6.04521875,-9.92601171875,-8.13941015625
-7.59662890625,-5.4823359375,-3.29807421875,-1.0741953125,7.0368671875,0.176566406250001,0.320671875,-5.7332578125,2.41716015625,5.723765625,2.0058671875,-3.90705078125,-8.24134765625,10.6559453125,4.93463671875,1.476015625,-4.3072578125,2.07661328125,4.6424921875,6.1426640625,1.18121875,-1.76824609375,2.8818515625,3.60919921875,2.2286953125,-2.40859375,-2.8234453125,-7.23221875,-10.79201171875,-9.53241015625
-9.58762890625,-7.8903359375,-5.26307421875,-1.3291953125,6.0918671875,-2.51443359375,-1.643328125,-8.0682578125,2.06216015625,3.609765625,0.1948671875,-5.30505078125,-8.74234765625,8.0549453125,2.01263671875,-0.505984375000001,-6.2652578125,-1.25038671875,1.8564921875,3.4806640625,-1.00078125,-3.90124609375,-1.1331484375,0.83819921875,-0.0253046874999998,-5.28759375,-4.3524453125,-7.40621875,-10.19001171875,-9.67041015625
-10.79862890625,-9.2603359375,-6.15507421875,-2.8381953125,4.9008671875,-2.83643359375,-1.130328125,-8.5642578125,0.39116015625,1.910765625,-0.1651328125,-4.89305078125,-10.54634765625,4.4809453125,-0.24936328125,-1.873984375,-6.2962578125,-4.42338671875,-0.7205078125,1.5396640625,-1.84578125,-5.48424609375,-4.1181484375,-1.07780078125,-1.0783046875,-5.92559375,-4.2954453125,-5.96121875,-7.79801171875,-8.16141015625
-11.23762890625,-9.5553359375,-6.10707421875,-5.5521953125,3.3508671875,-1.01643359375,1.265671875,-7.8062578125,-2.47183984375,0.856765625,0.7138671875,-3.40705078125,-13.28834765625,0.6619453125,-1.22036328125,-2.505984375,-5.0722578125,-6.71538671875,-2.4055078125,0.8136640625,-1.57378125,-6.17124609375,-5.2521484375,-1.54580078125,-0.9213046875,-4.47059375,-2.5614453125,-3.05621875,-4.04601171875,-5.30241015625
-11.12862890625,-9.0143359375,-5.49607421875,-8.8481953125,1.4818671875,1.91256640625,4.243671875,-6.6332578125,-5.86583984375,0.337765625,1.9468671875,-1.87205078125,-16.29634765625,-2.5720546875,-0.899363281249999,-2.796984375,-3.5792578125,-7.67838671875,-2.9385078125,1.1256640625,-0.98778125,-6.05924609375,-4.4611484375,-0.68380078125,-0.2473046875,-1.94259375,0.152554687499999,0.363781250000001,-0.0610117187500006,-2.09241015625
-10.80162890625,-8.0763359375,-4.81607421875,-11.7871953125,-0.5071328125,4.48456640625,6.292671875,-5.7722578125,-8.84083984375,-0.0292343749999997,2.3668671875,-1.22505078125,-18.85434765625,-4.5210546875,0.124636718750001,-3.408984375,-2.7162578125,-7.29038671875,-2.4875078125,1.7626640625,-1.12578125,-5.55624609375,-2.3581484375,0.79819921875,-0.1593046875,0.12740625,2.6495546875,2.94778125,2.73698828125,0.0775898437499993
-10.47962890625,-7.1573359375,-4.42107421875,-13.4741953125,-2.2521328125,5.46156640625,6.265671875,-5.5702578125,-10.45883984375,-0.626234375,1.2038671875,-1.87805078125,-20.41034765625,-4.7920546875,1.07563671875,-4.807984375,-2.8702578125,-5.84438671875,-1.3855078125,1.9946640625,-2.62678125,-5.02724609375,0.1708515625,2.09819921875,-1.4973046875,0.43340625,3.8865546875,3.64178125,3.31998828125,0.0685898437499999
-10.15362890625,-6.4453359375,-4.32207421875,-13.3591953125,-3.2461328125,4.43756640625,3.940671875,-5.9022578125,-10.05383984375,-1.509234375,-1.3641328125,-3.43905078125,-20.67234765625,-3.3140546875,1.50863671875,-6.850984375,-3.6822578125,-3.72238671875,0.1744921875,1.6126640625,-5.19578125,-4.46124609375,2.4678515625,2.86219921875,-4.2073046875,-1.36959375,3.5935546875,2.34178125,1.63198828125,-2.35441015625
-9.65962890625,-5.9213359375,-4.23707421875,-11.4461953125,-3.0371328125,1.95856640625,0.274671875,-6.2652578125,-7.50183984375,-2.296234375,-4.2021328125,-4.84605078125,-19.63434765625,-0.2890546875,1.54363671875,-8.712984375,-4.1842578125,-1.23938671875,2.2144921875,1.0966640625,-7.62178125,-3.43824609375,4.3228515625,3.36219921875,-7.2123046875,-4.40959375,2.4295546875,-0.00621874999999861,-1.33201171875,-6.30941015625
-8.89662890625,-5.5123359375,-3.85307421875,-8.3141953125,-1.5131328125,-0.82243359375,-3.019328125,-6.0312578125,-3.37083984375,-2.393234375,-5.8141328125,-4.90905078125,-17.53234765625,3.7909453125,1.69663671875,-9.313984375,-3.3192578125,1.34461328125,4.7804921875,1.2686640625,-8.40378125,-1.43524609375,5.8418515625,4.18219921875,-8.9403046875,-7.02759375,1.5445546875,-1.92221875,-4.02201171875,-10.17941015625
-7.95862890625,-5.1853359375,-3.05007421875,-4.9191953125,0.9148671875,-2.69743359375,-4.432328125,-4.7752578125,1.17016015625,-1.381234375,-5.1371328125,-2.97405078125,-14.74334765625,8.0769453125,2.48563671875,-7.975984375,-0.587257812500001,3.78261328125,7.6814921875,2.7176640625,-6.61578125,1.74675390625,7.1408515625,5.70419921875,-8.1833046875,-7.65959375,1.8635546875,-2.21021875,-5.10301171875,-12.36041015625
-7.09162890625,-4.9193359375,-1.97107421875,-2.2361953125,3.4118671875,-2.89543359375,-3.455328125,-2.5172578125,4.72216015625,0.680765625,-2.0941328125,0.63894921875,-11.64334765625,11.4349453125,4.06363671875,-4.902984375,3.5487421875,5.81161328125,10.3654921875,5.3496640625,-2.49478125,5.73675390625,8.1088515625,7.72619921875,-4.7813046875,-5.67959375,3.5275546875,-0.58721875,-4.07401171875,-11.95941015625
-6.56962890625,-4.6953359375,-0.96307421875,-0.9581953125,5.0208671875,-1.36043359375,-0.713328125,0.199742187500001,6.12816015625,3.208765625,2.3128671875,4.63294921875,-8.56934765625,12.7669453125,6.06963671875,-1.205984375,7.7397421875,7.12561328125,12.0074921875,8.3266640625,2.54721875,9.60575390625,8.3418515625,9.45319921875,0.2146953125,-1.76159375,5.7805546875,2.16878125,-1.46401171875,-9.13441015625
-6.59562890625,-4.5243359375,-0.45507421875,-1.3361953125,5.0388671875,1.24756640625,2.454671875,2.4157421875,4.87016015625,5.275765625,6.4008671875,7.21994921875,-5.89734765625,11.4219453125,7.72663671875,1.526015625,10.2817421875,7.35861328125,11.7924921875,10.4206640625,6.52521875,12.12975390625,7.2968515625,9.85719921875,5.0186953125,2.42740625,7.3645546875,4.58778125,1.45398828125,-4.96041015625
-7.21562890625,-4.4463359375,-0.75307421875,-3.1241953125,3.3408671875,3.88456640625,4.549671875,3.0647421875,1.30116015625,5.990765625,8.5068671875,6.93294921875,-4.13534765625,7.4729453125,8.19563671875,1.911015625,9.8627421875,6.18261328125,9.3094921875,10.6306640625,7.81421875,12.21575390625,4.6218515625,8.26319921875,7.9776953125,5.05340625,7.2155546875,5.20678125,3.29198828125,-0.91341015625
-8.21962890625,-4.4383359375,-1.81807421875,-5.5791953125,0.5198671875,5.63056640625,4.512671875,1.4477421875,-3.37983984375,4.941765625,7.7438671875,3.40694921875,-3.78634765625,1.8049453125,7.04663671875,-0.551984375,6.2167421875,3.55261328125,4.9164921875,8.7666640625,5.96321875,9.40175390625,0.5568515625,4.85819921875,8.3976953125,5.04740625,5.0935546875,3.28778125,3.23398828125,1.79058984375
-9.11162890625,-4.3293359375,-3.17907421875,-7.6071953125,-2.2561328125,6.07856640625,2.273671875,-2.2782578125,-7.44883984375,2.504765625,4.4148671875,-2.30905078125,-4.99234765625,-3.9960546875,4.58063671875,-5.113984375,0.385742187499999,-0.0513867187499999,-0.1555078125,5.6616640625,1.93221875,4.23075390625,-3.8841484375,0.799199218749999,6.8336953125,2.60740625,1.8025546875,-0.79621875,1.42398828125,2.68858984375
-9.24162890625,-3.8203359375,-4.08407421875,-8.1381953125,-3.7061328125,5.40756640625,-1.110328125,-6.9752578125,-9.26683984375,-0.241234375,-0.1151328125,-8.15705078125,-7.26334765625,-8.0330546875,1.79863671875,-10.010984375,-5.6052578125,-3.60438671875,-4.1325078125,2.8336640625,-2.38878125,-1.76924609375,-7.1411484375,-2.21880078125,4.6846953125,-1.00559375,-1.1864453125,-5.68121875,-1.13001171875,2.13658984375
-8.11562890625,-2.6433359375,-3.86107421875,-6.6281953125,-3.0491328125,4.15356640625,-4.035328125,-10.9592578125,-7.95783984375,-2.024234375,-4.0481328125,-12.00205078125,-9.60634765625,-8.7720546875,-0.0303632812499997,-13.280984375,-9.5752578125,-5.87138671875,-5.3815078125,1.7346640625,-5.13778125,-6.59124609375,-7.7361484375,-2.74180078125,3.3466953125,-4.23759375,-2.4754453125,-9.57421875,-3.07801171875,0.963589843749999
-5.74062890625,-0.7793359375,-2.31707421875,-3.4601953125,-0.4641328125,2.85856640625,-5.332328125,-12.8172578125,-3.86083984375,-2.062234375,-5.9501328125,-12.62105078125,-11.06034765625,-5.7830546875,0.0236367187500006,-13.748984375,-10.1812578125,-5.97138671875,-3.1465078125,3.0006640625,-5.41178125,-8.57524609375,-5.0081484375,-0.27580078125,3.4136953125,-6.10459375,-1.4564453125,-10.98421875,-3.38701171875,-0.06141015625
-2.82362890625,1.3296640625,0.0209257812500003,0.0178046875000004,2.8398671875,1.77256640625,-4.865328125,-12.1192578125,1.44216015625,-0.504234375,-5.3581328125,-10.24805078125,-11.26934765625,-0.0640546875000001,2.07063671875,-11.605984375,-7.5372578125,-3.89538671875,2.0214921875,6.0726640625,-3.70778125,-7.12524609375,0.4078515625,4.41419921875,4.3616953125,-6.65959375,1.3715546875,-9.30721875,-1.82301171875,-0.659410156250001
-0.64262890625,2.7856640625,1.99392578125,1.9038046875,5.0288671875,0.75356640625,-3.399328125,-9.6062578125,5.61416015625,1.611765625,-2.9181328125,-6.42005078125,-10.68834765625,6.2549453125,5.28563671875,-8.230984375,-3.1572578125,-0.64638671875,8.3934921875,9.4256640625,-1.63478125,-2.95024609375,6.6888515625,9.60719921875,4.8566953125,-6.81859375,4.6505546875,-5.01421875,0.964988281249999,-1.10941015625
-0.54962890625,2.5626640625,2.29292578125,0.5368046875,4.4028671875,-0.55043359375,-2.044328125,-6.8082578125,6.43916015625,2.878765625,0.00286718750000015,-3.18905078125,-10.30234765625,10.7079453125,8.26163671875,-5.407984375,0.7657421875,2.17861328125,13.7374921875,11.3086640625,-1.01978125,2.31075390625,11.5188515625,13.37419921875,3.5796953125,-7.64059375,6.8505546875,0.630781250000001,3.82098828125,-1.92541015625
-3.29062890625,0.0746640624999997,0.13992578125,-4.6791953125,0.1778671875,-2.36343359375,-1.706328125,-5.3132578125,2.76716015625,2.231765625,2.0188671875,-2.13005078125,-11.03934765625,11.4319453125,9.65163671875,-4.403984375,2.3557421875,3.16261328125,16.2184921875,10.6126640625,-2.86478125,6.86875390625,13.0888515625,14.43819921875,0.1026953125,-9.51759375,7.0515546875,6.16178125,5.72398828125,-3.33241015625
-8.53862890625,-4.4133359375,-4.26507421875,-12.8341953125,-7.0831328125,-4.57443359375,-2.733328125,-6.0552578125,-4.92683984375,-0.550234375,2.3208671875,-3.68405078125,-13.22734765625,7.8499453125,8.72563671875,-5.424984375,0.8877421875,1.75561328125,15.0844921875,7.3876640625,-6.76778125,9.49975390625,10.8288515625,12.65919921875,-4.7243046875,-11.78859375,5.3715546875,10.45378125,6.28698828125,-4.91741015625
-14.92962890625,-9.8193359375,-9.79907421875,-21.7751953125,-15.6551328125,-6.82143359375,-4.848328125,-8.9492578125,-14.67883984375,-4.815234375,0.8568671875,-7.16005078125,-16.38634765625,0.8559453125,5.54463671875,-7.715984375,-2.9362578125,-1.54738671875,10.7924921875,2.6996640625,-11.15278125,9.86775390625,5.5128515625,8.91819921875,-9.1273046875,-13.04959375,2.8015546875,12.97878125,5.85498828125,-5.71641015625
-20.58362890625,-14.6573359375,-14.88707421875,-28.9311953125,-23.3101328125,-8.72643359375,-7.418328125,-13.0302578125,-23.77183984375,-9.443234375,-1.8861328125,-11.25705078125,-19.42334765625,-7.5860546875,0.77463671875,-10.167984375,-7.3252578125,-5.55138671875,4.6204921875,-1.9883359375,-14.10978125,8.36775390625,-1.2191484375,4.55219921875,-11.2873046875,-11.94259375,0.5995546875,13.73678125,5.19698828125,-4.70141015625
-23.79562890625,-17.5503359375,-18.09407421875,-32.2911953125,-28.1141328125,-10.06043359375,-9.894328125,-16.9802578125,-29.72383984375,-13.392234375,-5.2351328125,-14.71305078125,-21.15834765625,-15.2690546875,-4.65736328125,-12.004984375,-10.2132578125,-8.98138671875,-1.9335078125,-5.5263359375,-14.33378125,5.69375390625,-7.5981484375,0.71119921875,-10.2353046875,-7.92959375,-0.3814453125,13.02278125,5.03098828125,-1.37741015625
-23.60662890625,-17.6573359375,-18.58107421875,-31.1021953125,-29.0211328125,-10.76143359375,-12.032328125,-19.6992578125,-31.11183984375,-16.045234375,-8.6141328125,-16.73705078125,-20.90834765625,-20.5360546875,-9.85936328125,-13.110984375,-10.1492578125,-11.05638671875,-7.6825078125,-7.5083359375,-11.69078125,2.41775390625,-12.3551484375,-2.05580078125,-6.3153046875,-1.66559375,-0.1184453125,11.13778125,5.60598828125,3.83658984375
-20.07662890625,-14.9403359375,-16.33507421875,-26.0401953125,-26.0931328125,-10.90243359375,-13.717328125,-20.6232578125,-27.97883984375,-17.276234375,-11.6451328125,-17.13305078125,-18.81734765625,-22.7170546875,-14.14436328125,-13.853984375,-6.8752578125,-11.77338671875,-11.9945078125,-8.2593359375,-7.22178125,-1.21324609375,-15.0371484375,-3.85780078125,-1.0543046875,5.18440625,0.5955546875,8.17078125,6.51698828125,9.62558984375
-14.18762890625,-10.1843359375,-12.11707421875,-18.8291953125,-20.3671328125,-10.64943359375,-14.712328125,-19.7192578125,-21.66783984375,-17.295234375,-14.0751328125,-16.14905078125,-15.74534765625,-22.0970546875,-17.07836328125,-14.593984375,-1.3292578125,-11.76838671875,-14.7465078125,-8.4703359375,-2.62678125,-5.18424609375,-15.9221484375,-5.19680078125,3.4856953125,10.57140625,0.5855546875,3.97778125,6.83098828125,14.21158984375
-7.45062890625,-4.6893359375,-7.12007421875,-11.5121953125,-13.4411328125,-10.18543359375,-14.702328125,-17.2882578125,-14.18783984375,-16.427234375,-15.6321328125,-14.19705078125,-12.76934765625,-19.5980546875,-18.43936328125,-15.278984375,4.8507421875,-11.82138671875,-16.0675078125,-8.7003359375,0.51221875,-9.40324609375,-15.6101484375,-6.54880078125,5.5926953125,12.88240625,-1.0704453125,-1.55521875,5.55398828125,16.03158984375
-1.37562890625,0.2066640625,-2.51707421875,-5.6951953125,-6.9811328125,-9.64843359375,-13.542328125,-13.7552578125,-7.42583984375,-14.961234375,-15.9801328125,-11.62605078125,-10.58734765625,-16.3500546875,-18.18436328125,-15.392984375,10.0197421875,-12.29538671875,-16.0795078125,-9.0693359375,1.37821875,-13.39624609375,-14.5761484375,-8.03980078125,4.5706953125,11.58740625,-4.5204453125,-8.13421875,2.18898828125,14.36258984375
2.94237109375,3.5376640625,0.85892578125,-2.1261953125,-2.3051328125,-9.16443359375,-11.418328125,-9.5502578125,-2.61883984375,-13.095234375,-14.8971328125,-8.70505078125,-9.15534765625,-13.2570546875,-16.48536328125,-14.326984375,13.0737421875,-12.86838671875,-14.8235078125,-9.3223359375,0.0982187499999996,-16.24724609375,-12.9531484375,-9.41880078125,0.8736953125,7.39840625,-9.0514453125,-14.82421875,-2.90901171875,9.58058984375
4.98337109375,4.8546640625,2.57992578125,-0.7271953125,-0.1871328125,-8.91643359375,-8.865328125,-5.1412578125,-0.22583984375,-10.996234375,-12.5901328125,-5.78505078125,-7.78234765625,-10.7390546875,-13.82436328125,-11.949984375,13.6507421875,-12.72238671875,-12.4005078125,-9.2043359375,-2.56978125,-16.84224609375,-10.6521484375,-10.32080078125,-4.3083046875,1.89040625,-13.4764453125,-20.18421875,-8.59501171875,2.95858984375
4.74637109375,4.1776640625,2.53092578125,-0.9541953125,-0.8281328125,-9.15643359375,-6.766328125,-1.1752578125,-0.13183984375,-8.915234375,-9.8661328125,-3.46605078125,-5.65134765625,-8.7900546875,-11.00436328125,-9.016984375,11.9907421875,-11.06438671875,-9.1825078125,-8.8193359375,-5.76278125,-14.36424609375,-7.6821484375,-10.61480078125,-9.6853046875,-3.22159375,-16.7284453125,-22.74521875,-13.39101171875,-3.88041015625
2.58937109375,1.8686640625,0.82192578125,-2.2211953125,-3.9351328125,-10.08243359375,-6.227328125,1.4667421875,-1.93083984375,-7.249234375,-7.9441328125,-2.57905078125,-2.48334765625,-7.2990546875,-9.00036328125,-7.062984375,8.6537421875,-7.69638671875,-5.9185078125,-8.7283359375,-8.93578125,-8.83024609375,-4.4391484375,-10.58380078125,-14.3693046875,-6.79259375,-18.3504453125,-21.66821875,-16.10601171875,-9.58941015625
-0.89262890625,-1.4823359375,-2.22707421875,-4.1341953125,-8.8091328125,-11.65943359375,-8.063328125,1.9307421875,-5.11283984375,-6.441234375,-7.9291328125,-3.88805078125,1.08465234375,-6.3230546875,-8.64036328125,-7.697984375,4.3347421875,-3.32538671875,-3.6145078125,-9.6983359375,-11.94878125,-1.38524609375,-1.7711484375,-10.83780078125,-18.0273046875,-8.60159375,-18.6144453125,-17.23121875,-16.31601171875,-13.50841015625
-4.89162890625,-5.0973359375,-5.98807421875,-6.4351953125,-14.3941328125,-13.46943359375,-12.087328125,-0.0932578124999992,-9.06783984375,-6.730234375,-10.1641328125,-7.59205078125,3.74565234375,-6.0700546875,-10.22136328125,-11.601984375,-0.116257812500001,0.60861328125,-3.1655078125,-12.2173359375,-14.82178125,5.89675390625,-0.7021484375,-11.97280078125,-20.6973046875,-9.19659375,-18.2214453125,-10.83321875,-14.43301171875,-15.66241015625
-8.33962890625,-7.9813359375,-9.43707421875,-8.7321953125,-19.3221328125,-14.65643359375,-16.834328125,-3.9322578125,-12.94883984375,-7.868234375,-13.7901328125,-12.87905078125,4.28265234375,-6.6310546875,-13.22436328125,-17.854984375,-3.5912578125,2.61161328125,-4.8715078125,-16.0383359375,-17.34978125,10.75975390625,-1.8781484375,-14.11580078125,-22.3853046875,-9.35359375,-17.7514453125,-4.38721875,-11.30901171875,-16.39441015625
-9.95162890625,-8.9573359375,-11.22607421875,-10.2941953125,-22.0721328125,-14.05943359375,-20.050328125,-7.9592578125,-15.59283984375,-9.037234375,-16.8421328125,-17.88405078125,2.39265234375,-7.7140546875,-16.32136328125,-24.066984375,-4.8202578125,1.98361328125,-8.1075078125,-20.0263359375,-18.87078125,11.75475390625,-5.0111484375,-16.65180078125,-22.7653046875,-9.49859375,-17.2094453125,0.58678125,-7.64601171875,-15.91741015625
-8.54462890625,-6.9863359375,-10.09407421875,-10.1771953125,-21.3531328125,-10.66043359375,-19.659328125,-10.1532578125,-15.76483984375,-9.092234375,-17.0051328125,-20.26705078125,-1.00934765625,-8.5870546875,-17.82936328125,-27.342984375,-2.7622578125,-0.72138671875,-11.4335078125,-22.5253359375,-18.44878125,8.92775390625,-8.7751484375,-18.37080078125,-21.2463046875,-9.48159375,-15.9864453125,3.62878125,-3.64801171875,-14.13941015625
-3.60662890625,-1.7223359375,-5.51507421875,-7.6901953125,-16.6451328125,-4.21843359375,-14.669328125,-8.9522578125,-12.71183984375,-7.108234375,-12.7671328125,-18.26505078125,-4.20234765625,-8.3190546875,-16.46436328125,-25.626984375,2.8417421875,-3.95438671875,-13.1875078125,-22.1303359375,-15.43078125,3.79275390625,-11.3051484375,-18.05180078125,-17.4103046875,-8.83159375,-13.3024453125,5.35178125,0.851988281249998,-10.86041015625
4.21137109375,6.0216640625,1.79292578125,-2.8921953125,-8.5781328125,4.30056640625,-5.742328125,-4.0142578125,-6.68283984375,-2.926234375,-4.3601328125,-11.67005078125,-5.53734765625,-6.2550546875,-12.02236328125,-18.779984375,11.0797421875,-5.99738671875,-12.2745078125,-18.4483359375,-10.01478125,-1.40424609375,-11.0761484375,-15.13180078125,-11.5123046875,-7.23959375,-8.8104453125,6.88778125,5.97498828125,-6.14841015625
13.05837109375,14.3236640625,9.91692578125,3.2578046875,1.1118671875,12.86656640625,4.767671875,3.4647421875,0.99216015625,2.620765625,6.0848671875,-2.14205078125,-4.25734765625,-2.4820546875,-5.57636328125,-8.834984375,19.9677421875,-5.82038671875,-8.7275078125,-12.4133359375,-3.43378125,-4.70124609375,-7.6471484375,-10.07780078125,-4.6773046875,-4.90959375,-2.9674453125,9.14378125,11.41698828125,-0.59141015625
20.45337109375,20.7806640625,16.41392578125,9.2278046875,10.0858671875,19.07656640625,13.525671875,11.1207421875,8.35716015625,7.963765625,15.2818671875,7.35894921875,-0.82934765625,2.0349453125,0.90563671875,0.729015625000001,27.0707421875,-3.53638671875,-3.7245078125,-5.9713359375,2.39221875,-5.21124609375,-1.9181484375,-4.26380078125,1.3766953125,-2.56059375,3.0005546875,12.27578125,16.34298828125,4.73658984375
24.21737109375,23.4156640625,19.25192578125,13.4948046875,16.1518671875,21.04956640625,17.566671875,16.3787421875,13.55816015625,11.414765625,20.0818671875,13.73294921875,3.33465234375,5.8249453125,5.32463671875,6.413015625,30.4107421875,-0.27038671875,0.8834921875,-1.3163359375,5.57521875,-3.36224609375,4.1818515625,0.525199218749999,4.8976953125,-1.12859375,7.4785546875,15.54678125,19.55498828125,8.54158984375
23.31337109375,21.4436640625,17.59092578125,15.0988046875,17.9308671875,18.12856640625,15.565671875,17.5377421875,15.46516015625,11.835765625,18.7218671875,14.92994921875,6.58665234375,7.5459453125,6.23663671875,6.137015625,29.1847421875,2.40961328125,3.3134921875,-0.0503359374999999,4.98521875,-0.54724609375,8.4128515625,2.72219921875,4.7256953125,-1.35459375,8.9855546875,17.59178125,19.85898828125,9.69258984375
18.20737109375,15.5686640625,12.08192578125,13.9268046875,15.2518671875,11.14456640625,8.282671875,14.4157421875,13.96316015625,9.060765625,11.5078671875,10.67494921875,7.77265234375,6.5259453125,3.37563671875,0.0390156249999993,23.9577421875,3.20461328125,2.5364921875,-2.5823359375,0.69021875,1.56475390625,9.0558515625,1.50719921875,0.733695312500001,-3.46059375,6.6835546875,16.98378125,16.51598828125,7.58258984375
10.62137109375,7.7046640625,4.56292578125,10.6358046875,9.1388671875,2.13556640625,-1.898328125,8.2817421875,9.83816015625,3.926765625,0.6978671875,2.48394921875,6.65565234375,2.9479453125,-2.27436328125,-9.673984375,16.3297421875,1.61761328125,-1.3595078125,-8.0043359375,-6.05678125,1.72675390625,5.5458515625,-2.90980078125,-6.0533046875,-7.04159375,0.712554687499999,12.86978125,9.61998828125,2.38658984375
2.81337109375,0.2146640625,-2.67807421875,6.2998046875,1.3898671875,-6.38743359375,-11.865328125,1.2307421875,4.37316015625,-2.070234375,-10.3451328125,-6.95405078125,3.89165234375,-2.2410546875,-8.85036328125,-19.629984375,8.3427421875,-1.91338671875,-7.2115078125,-14.4383359375,-13.24878125,-0.46624609375,-1.3361484375,-9.34980078125,-13.7413046875,-11.21059375,-7.7634453125,5.39978125,0.214988281249999,-4.90841015625
-3.27162890625,-4.9613359375,-7.74407421875,1.9588046875,-6.0901328125,-12.32043359375,-18.753328125,-4.6442578125,-1.14483984375,-7.348234375,-18.3531328125,-14.76205078125,0.68765234375,-7.6190546875,-14.24236328125,-26.559984375,1.8947421875,-6.25938671875,-13.1775078125,-19.7133359375,-18.80678125,-4.51624609375,-9.7461484375,-16.00680078125,-20.1583046875,-14.90859375,-16.8254453125,-4.20821875,-9.90801171875,-12.72241015625
-6.58762890625,-6.9223359375,-9.71707421875,-1.6941953125,-11.9201328125,-14.62443359375,-20.882328125,-7.9742578125,-5.78483984375,-10.813234375,-21.2471328125,-18.83105078125,-1.66834765625,-11.7520546875,-16.76236328125,-28.446984375,-1.7182578125,-10.03338671875,-17.3325078125,-22.0973359375,-21.24778125,-9.26324609375,-17.3601484375,-20.97080078125,-23.5613046875,-17.26259375,-24.3164453125,-13.98821875,-18.68701171875,-19.33441015625
-7.14462890625,-5.9293359375,-8.78607421875,-4.3841953125,-15.5501328125,-13.49543359375,-18.337328125,-8.4712578125,-9.07683984375,-12.156234375,-18.7051328125,-18.45805078125,-2.18734765625,-13.6750546875,-15.60136328125,-25.163984375,-2.0952578125,-12.03038671875,-18.2595078125,-20.8243359375,-20.11878125,-13.29824609375,-22.0551484375,-22.76480078125,-23.1923046875,-17.85859375,-28.4504453125,-21.78821875,-24.36001171875,-23.38241015625
-5.72362890625,-3.1023359375,-5.97707421875,-6.0761953125,-17.1211328125,-10.06243359375,-12.790328125,-6.8322578125,-10.89383984375,-11.757234375,-12.0941328125,-14.46405078125,-0.37234765625,-13.1570546875,-11.01936328125,-18.340984375,0.2247421875,-11.54538671875,-15.4815078125,-16.2763359375,-16.08178125,-15.40824609375,-22.4921484375,-20.76680078125,-19.4853046875,-16.84259375,-28.3144453125,-25.91121875,-25.94201171875,-24.24341015625
-3.35362890625,0.1546640625,-2.61607421875,-6.7351953125,-17.0401328125,-5.82343359375,-6.595328125,-4.2652578125,-11.24583984375,-10.288234375,-3.8421328125,-8.76805078125,3.78865234375,-10.6200546875,-4.21636328125,-10.581984375,4.0117421875,-8.54938671875,-9.5885078125,-9.7853359375,-10.62578125,-14.93924609375,-18.4731484375,-15.39880078125,-13.8563046875,-14.81059375,-24.1364453125,-25.63221875,-23.48001171875,-22.13941015625
-0.81662890625,2.7556640625,0.21792578125,-6.1701953125,-15.5741328125,-2.03843359375,-1.811328125,-1.9542578125,-10.11583984375,-8.303234375,3.4598671875,-3.58705078125,9.88865234375,-6.8600546875,3.03663671875,-4.419984375,7.7817421875,-3.67038671875,-2.0275078125,-3.1393359375,-5.50278125,-12.00124609375,-10.9881484375,-8.00080078125,-8.1343046875,-12.53259375,-17.1924453125,-21.41821875,-17.99101171875,-17.96841015625
1.59437109375,4.3116640625,2.05492578125,-4.1231953125,-12.7191328125,0.65556640625,0.355671875,-0.699257812499999,-7.44783984375,-6.050234375,7.8948671875,-0.60805078125,17.13765234375,-2.7750546875,8.93063671875,-1.470984375,10.2697421875,1.98961328125,5.3694921875,2.0136640625,-2.11278125,-7.47024609375,-1.9331484375,-0.42580078125,-3.8963046875,-10.65059375,-9.4074453125,-14.77721875,-11.13301171875,-12.95541015625
3.95537109375,5.0966640625,3.03592578125,-0.5431953125,-8.4031328125,2.26256640625,-0.304328125,-0.784257812499999,-3.31883984375,-3.532234375,8.7178671875,-0.48005078125,24.35965234375,0.8609453125,12.13963671875,-2.037984375,10.7757421875,7.12161328125,10.9304921875,4.6506640625,-1.08878125,-2.78424609375,6.3878515625,5.48819921875,-1.9763046875,-9.50059375,-2.7984453125,-7.81421875,-4.74701171875,-8.31341015625
6.37137109375,5.6706640625,3.60692578125,4.1348046875,-2.8241328125,3.16456640625,-3.067328125,-1.9762578125,1.84916015625,-0.697234375,6.4078671875,-2.77705078125,30.10865234375,3.5869453125,12.19863671875,-5.183984375,9.3337421875,10.48761328125,13.5894921875,4.6056640625,-2.21378125,0.44975390625,11.8408515625,8.42419921875,-2.3253046875,-9.10959375,1.0795546875,-2.62521875,-0.391011718750001,-4.97741015625
8.71837109375,6.4696640625,4.18492578125,8.9588046875,3.3718671875,3.80556640625,-6.564328125,-3.6262578125,7.23116015625,2.404765625,2.3708671875,-6.30105078125,32.99965234375,5.3479453125,9.65763671875,-9.165984375,6.7187421875,11.23261328125,13.1534921875,2.5676640625,-4.59178125,0.98575390625,13.0378515625,7.96719921875,-4.1473046875,-9.24659375,1.5525546875,-0.659218749999999,1.05298828125,-3.40941015625
10.64637109375,7.6456640625,4.99492578125,12.7668046875,9.1798671875,4.52656640625,-9.341328125,-4.8972578125,11.79416015625,5.538765625,-1.5521328125,-9.51205078125,32.20165234375,6.3699453125,5.90663671875,-12.083984375,4.2167421875,9.16661328125,10.3214921875,-0.1583359375,-6.94678125,-1.57424609375,9.7488515625,4.76019921875,-6.1873046875,-9.45859375,-0.9654453125,-2.22621875,-0.361011718750001,-3.47341015625
11.77237109375,9.0706640625,6.03192578125,14.6008046875,13.4908671875,5.47456640625,-10.433328125,-5.0912578125,14.57116015625,8.251765625,-3.7241328125,-11.02705078125,27.80065234375,6.8549453125,2.64263671875,-12.586984375,3.1477421875,4.84861328125,6.3604921875,-2.1303359375,-8.03278125,-6.59324609375,2.9528515625,0.26119921875,-7.1833046875,-9.18059375,-5.1634453125,-6.42521875,-3.70201171875,-4.50241015625
11.81437109375,10.3786640625,7.02992578125,13.9828046875,15.3198671875,6.47656640625,-9.625328125,-3.9362578125,14.84916015625,9.839765625,-3.3471328125,-10.11505078125,20.74765234375,6.6789453125,1.08263671875,-10.412984375,4.2537421875,-0.67038671875,2.5124921875,-2.4233359375,-7.15978125,-12.65624609375,-5.5751484375,-3.89080078125,-6.4073046875,-8.01059375,-9.4244453125,-11.60621875,-7.61301171875,-5.65741015625
10.65037109375,11.0336640625,7.47592578125,10.9528046875,14.0138671875,6.98956640625,-7.413328125,-1.7282578125,12.25816015625,9.450765625,-0.8321328125,-7.03105078125,12.43665234375,5.3249453125,1.36863671875,-6.536984375,7.2497421875,-6.28238671875,-0.5455078125,-1.1033359375,-4.57878125,-18.14124609375,-13.9021484375,-6.59380078125,-4.0613046875,-6.03159375,-12.5184453125,-16.10821875,-10.93201171875,-6.41141015625
8.38737109375,10.5826640625,6.83492578125,6.0408046875,9.4898671875,6.32356640625,-4.813328125,0.758742187500001,6.92216015625,6.411765625,2.4118671875,-2.93105078125,4.23265234375,2.1569453125,2.57863671875,-2.763984375,10.8567421875,-11.10338671875,-2.8125078125,0.8496640625,-1.42778125,-21.73524609375,-20.4211484375,-7.59480078125,-1.1953046875,-3.89259375,-13.9764453125,-18.83121875,-13.07701171875,-6.79841015625
5.49637109375,9.0236640625,4.94092578125,0.2508046875,2.5128671875,4.13456640625,-2.977328125,2.6137421875,-0.32083984375,0.764765625,4.7298671875,0.66794921875,-2.72634765625,-3.0260546875,3.42363671875,-0.867984375000001,13.4157421875,-14.44338671875,-4.5405078125,2.2276640625,0.881218749999999,-22.66124609375,-23.9771484375,-7.21580078125,0.9196953125,-2.47959375,-13.9184453125,-19.34321875,-13.96201171875,-7.22241015625
2.84637109375,7.0036640625,2.28392578125,-5.0451953125,-5.2611328125,0.827566406250001,-2.587328125,3.2717421875,-7.87083984375,-6.331234375,5.1248671875,2.63094921875,-7.46134765625,-9.4340546875,3.18863671875,-1.630984375,13.8257421875,-15.65038671875,-5.6445078125,2.4826640625,1.48721875,-20.64124609375,-23.8001484375,-5.75080078125,1.6146953125,-2.32159375,-12.5394453125,-17.63721875,-13.62301171875,-7.93941015625
1.46137109375,5.5896640625,-0.0860742187499999,-8.4341953125,-11.6761328125,-2.43943359375,-3.391328125,2.8437421875,-13.74483984375,-12.713234375,3.7688671875,2.71594921875,-9.12834765625,-15.2050546875,2.28063671875,-4.362984375,12.2227421875,-14.14138671875,-5.4265078125,2.1956640625,0.63721875,-15.83324609375,-19.5161484375,-3.04280078125,1.3046953125,-3.16159375,-9.7144453125,-13.85821875,-11.89801171875,-8.65241015625
2.02437109375,5.7036640625,-1.05207421875,-9.0191953125,-14.8681328125,-4.24443359375,-4.390328125,2.0117421875,-16.30583984375,-15.998234375,1.8468671875,1.56594921875,-7.30234765625,-18.0730546875,1.99863671875,-7.252984375,9.9177421875,-9.72538671875,-2.9025078125,2.7986640625,-0.43578125,-8.89524609375,-11.3591484375,1.42919921875,1.3056953125,-4.01359375,-5.0364453125,-8.29521875,-8.48601171875,-8.54041015625
4.42737109375,7.5596640625,-0.04507421875,-6.9141953125,-14.0611328125,-3.60543359375,-4.584328125,1.5187421875,-15.00083984375,-14.692234375,0.8488671875,0.20794921875,-2.44534765625,-16.5470546875,3.65763671875,-8.381984375,8.5567421875,-3.00638671875,2.4514921875,5.6416640625,-0.26078125,-1.11224609375,-0.4511484375,7.98819921875,3.0326953125,-3.75859375,1.6895546875,-1.59721875,-3.34401171875,-6.77141015625
7.68137109375,10.4596640625,2.60492578125,-3.3241953125,-9.9231328125,-0.50243359375,-3.602328125,1.6477421875,-10.66583984375,-8.987234375,1.7268671875,-0.61205078125,3.90465234375,-10.8020546875,7.61063671875,-6.763984375,9.0477421875,4.48261328125,10.0314921875,11.0036640625,1.92321875,5.66475390625,11.1448515625,16.11019921875,7.0426953125,-1.88659375,9.8695546875,4.99378125,2.86198828125,-3.15641015625
10.35737109375,13.1026640625,5.79392578125,-0.0481953124999996,-4.2351328125,4.06856640625,-1.765328125,2.0727421875,-5.16183984375,-0.762234375,4.3978671875,-0.83505078125,9.56265234375,-2.7030546875,12.80863671875,-2.826984375,11.0037421875,10.65461328125,17.9924921875,17.6496640625,5.61821875,9.47075390625,20.7988515625,24.17719921875,12.5306953125,1.09640625,17.8835546875,9.74678125,8.65198828125,1.51358984375
11.31737109375,14.2686640625,8.21392578125,1.3818046875,0.9378671875,8.57356640625,0.226671875,2.1207421875,-0.52283984375,7.219765625,7.8408671875,-1.00205078125,12.65165234375,5.0169453125,17.20063671875,1.879015625,13.0227421875,13.67561328125,23.8534921875,23.2656640625,9.28221875,8.97675390625,26.0928515625,29.87819921875,17.6046953125,3.89540625,23.4855546875,10.97178125,12.17198828125,5.70558984375
10.32637109375,13.4936640625,9.01592578125,0.4368046875,4.1008671875,11.64256640625,1.625671875,1.2137421875,1.91816015625,12.456765625,10.6608671875,-1.78305078125,12.47265234375,9.8749453125,18.73363671875,5.469015625,13.5577421875,12.77761328125,25.5144921875,25.5296640625,11.16521875,4.15875390625,25.6628515625,31.12019921875,20.2106953125,5.11840625,24.6655546875,7.78478125,11.99298828125,7.82958984375
8.14937109375,11.2976640625,8.16892578125,-2.2531953125,4.7748671875,12.58256640625,1.912671875,-0.773257812499999,1.95416015625,13.614765625,11.7598671875,-3.46605078125,9.75665234375,10.5179453125,16.36163671875,6.577015625,11.7897421875,8.60161328125,22.1504921875,23.2036640625,10.21721875,-3.52024609375,19.6688515625,26.94819921875,19.1106953125,3.96440625,20.5205546875,0.63978125,7.77698828125,6.93658984375
6.05137109375,8.8166640625,6.31092578125,-5.3801953125,3.3758671875,11.43556640625,1.037671875,-3.3972578125,0.30316015625,10.807765625,10.7308671875,-5.76505078125,6.15965234375,7.0739453125,10.49463671875,4.874015625,8.0217421875,2.84561328125,14.5274921875,16.6486640625,6.54121875,-11.61524609375,9.6488515625,17.98119921875,14.3776953125,0.52640625,11.6535546875,-8.73221875,0.426988281249999,3.04258984375
5.05037109375,7.1156640625,4.28892578125,-7.7271953125,0.7498671875,8.72756640625,-0.556328125,-5.8412578125,-1.95783984375,5.265765625,7.8928671875,-8.00005078125,3.34465234375,0.9229453125,2.73863671875,1.081015625,3.4737421875,-2.52938671875,4.6664921875,7.6136640625,1.22921875,-17.64524609375,-2.0591484375,6.21519921875,7.2296953125,-4.36959375,-0.0264453124999999,-17.92421875,-8.30801171875,-2.99141015625
5.43337109375,6.6936640625,2.76492578125,-8.6881953125,-2.2561328125,5.22156640625,-2.185328125,-7.2812578125,-3.88483984375,-1.292234375,4.0938671875,-9.44205078125,2.24765234375,-5.9320546875,-4.79436328125,-3.423984375,-0.2962578125,-6.00338671875,-4.8725078125,-1.4783359375,-4.15278125,-19.95324609375,-12.9321484375,-5.59880078125,-0.4963046875,-9.53659375,-11.8754453125,-24.64921875,-16.43601171875,-9.81341015625
6.82637109375,7.4726640625,2.12692578125,-8.2821953125,-4.9161328125,1.81956640625,-3.207328125,-7.1792578125,-4.85083984375,-7.196234375,0.4728671875,-9.55205078125,2.90365234375,-11.5110546875,-10.21836328125,-7.097984375,-2.0072578125,-6.78238671875,-11.7165078125,-8.3123359375,-8.09978125,-18.06724609375,-20.6641484375,-14.68480078125,-6.9003046875,-13.75359375,-21.1724453125,-27.33721875,-22.19701171875,-15.88341015625
8.65537109375,9.1106640625,2.58492578125,-6.8151953125,-6.5721328125,-0.521433593749999,-3.087328125,-5.3582578125,-4.51183984375,-11.122234375,-1.8241328125,-8.06705078125,4.79565234375,-14.2890546875,-12.39136328125,-8.634984375,-1.0422578125,-4.70138671875,-14.2365078125,-11.3003359375,-9.53878125,-12.51524609375,-23.4301484375,-18.89480078125,-10.4213046875,-15.98359375,-25.7034453125,-25.38321875,-24.33501171875,-19.68941015625
10.55937109375,11.2836640625,4.20792578125,-4.5951953125,-6.6641328125,-1.01443359375,-1.445328125,-1.9842578125,-2.79483984375,-12.294234375,-1.9961328125,-5.04205078125,7.29165234375,-13.4590546875,-11.17636328125,-7.277984375,2.4147421875,-0.0603867187499998,-11.9125078125,-9.9583359375,-8.05078125,-4.42824609375,-20.2201484375,-17.23080078125,-10.1603046875,-15.57559375,-24.2764453125,-19.17121875,-22.27301171875,-20.02641015625
12.43037109375,13.6996640625,6.79392578125,-1.9561953125,-4.9951328125,0.590566406250001,1.640671875,2.3657421875,-0.0388398437500002,-10.681234375,0.0558671875000001,-0.93505078125,9.75765234375,-9.1910546875,-7.43536328125,-3.118984375,7.4527421875,6.39961328125,-5.5045078125,-5.0213359375,-3.97278125,4.74475390625,-11.2851484375,-10.17880078125,-6.1223046875,-12.50259375,-17.1074453125,-9.94221875,-16.27601171875,-16.39541015625
14.10937109375,15.9056640625,9.67792578125,0.4898046875,-2.0571328125,3.73556640625,5.329671875,6.6337421875,2.83416015625,-7.118234375,3.5518671875,3.34694921875,11.41865234375,-2.7990546875,-2.76736328125,2.784015625,12.6577421875,13.39161328125,3.0714921875,1.7576640625,1.62621875,13.35775390625,1.5808515625,0.307199218749999,0.6836953125,-7.51959375,-5.9054453125,0.420781250000001,-7.53301171875,-9.38941015625
15.06237109375,17.1356640625,11.74192578125,1.7368046875,0.9178671875,7.10856640625,8.200671875,9.4677421875,4.39716015625,-3.111234375,7.0428671875,6.59494921875,11.34565234375,3.4969453125,1.01663671875,8.679015625,16.5037421875,19.12861328125,11.2374921875,8.1576640625,7.19621875,19.73375390625,15.2438515625,11.29019921875,8.4416953125,-2.07959375,6.5185546875,9.76878125,2.01598828125,-0.72141015625
14.45037109375,16.5076640625,11.79092578125,0.6728046875,2.4168671875,9.17356640625,8.988671875,9.7517421875,3.22816015625,-0.243234375,9.0428671875,7.72494921875,8.84365234375,7.3659453125,2.57663671875,12.818015625,17.8497421875,21.73961328125,16.5954921875,12.2806640625,11.18521875,22.54275390625,26.1088515625,19.77919921875,15.1046953125,2.11940625,17.1055546875,16.21978125,10.18698828125,7.27358984375
11.66437109375,13.5766640625,9.23292578125,-3.2511953125,1.4538671875,8.98956640625,7.294671875,7.2127421875,-1.28083984375,0.607765625,8.8058671875,6.34994921875,4.02465234375,7.3909453125,1.63863671875,14.233015625,16.3647421875,20.02761328125,17.8304921875,13.2756640625,12.64921875,21.29675390625,31.3638515625,23.77919921875,19.1556953125,3.82840625,23.5585546875,18.72678125,15.28798828125,12.53558984375
6.94537109375,8.8696640625,4.60792578125,-9.4421953125,-1.7591328125,6.80756640625,3.781671875,2.6657421875,-8.31183984375,-0.254234375,6.7748671875,3.11194921875,-1.91734765625,3.7309453125,-0.88436328125,13.117015625,12.6487421875,14.12361328125,15.1914921875,11.5986640625,11.63221875,16.62175390625,29.9998515625,22.93519921875,20.1486953125,2.80840625,25.0045546875,17.39578125,16.69098828125,14.07358984375
1.53037109375,3.8606640625,-0.50207421875,-16.1741953125,-5.7981328125,3.95056640625,-0.156328125,-2.3232578125,-15.72683984375,-1.550234375,4.2998671875,-0.56105078125,-7.04334765625,-1.9440546875,-3.42736328125,10.555015625,7.9327421875,5.57161328125,10.2234921875,8.5646640625,9.02721875,10.04975390625,23.0198515625,18.38119921875,18.6466953125,-0.14259375,21.9945546875,13.30878125,14.88898828125,12.20358984375
-2.84862890625,0.2816640625,-4.23007421875,-21.2771953125,-8.7621328125,1.98056640625,-3.011328125,-6.1432578125,-20.96283984375,-1.846234375,2.7808671875,-3.21005078125,-9.45134765625,-7.2480546875,-4.73336328125,7.817015625,3.5447421875,-3.30338671875,4.8654921875,5.4636640625,5.98221875,3.39975390625,12.7738515625,11.91119921875,15.6206953125,-3.71859375,15.9135546875,7.95178125,11.03298828125,8.13558984375
-4.78362890625,-0.7553359375,-5.35007421875,-23.0681953125,-9.2821328125,1.73556640625,-3.854328125,-7.8472578125,-22.17383984375,-0.471234375,2.7968671875,-4.10105078125,-8.05034765625,-10.1930546875,-4.61836328125,5.662015625,0.4277421875,-10.31738671875,0.4784921875,2.8176640625,3.27421875,-1.86824609375,1.9078515625,5.06419921875,11.7956953125,-6.80959375,8.2995546875,2.62678125,6.32998828125,3.27558984375
-3.75162890625,0.8006640625,-3.76207421875,-20.9871953125,-7.1881328125,2.92056640625,-2.801328125,-7.4422578125,-18.96183984375,2.055765625,3.8198671875,-3.46805078125,-2.92834765625,-10.0560546875,-4.02636328125,4.101015625,-1.0642578125,-14.12238671875,-2.6155078125,0.2886640625,1.10221875,-4.98424609375,-7.4491484375,-1.33180078125,7.4466953125,-8.89659375,0.482554687499999,-1.78321875,1.71298828125,-1.26941015625
-0.16462890625,4.1096640625,-0.32707421875,-15.6351953125,-3.4761328125,4.42856640625,-0.878328125,-5.6512578125,-12.37283984375,4.338765625,4.6548671875,-2.13405078125,4.82365234375,-7.5190546875,-4.34436328125,2.723015625,-1.0642578125,-14.38138671875,-4.8665078125,-2.7653359375,-0.66478125,-5.78924609375,-13.9741484375,-6.97080078125,2.6906953125,-9.97959375,-6.4044453125,-4.71521875,-2.12101171875,-4.79541015625
4.95737109375,7.9936640625,3.69592578125,-8.3741953125,0.2918671875,5.06956640625,0.752671875,-3.3182578125,-4.30083984375,4.893765625,4.2408671875,-0.85605078125,13.67165234375,-4.0630546875,-6.45436328125,1.255015625,0.0797421875,-11.51538671875,-6.8125078125,-6.5373359375,-2.08978125,-4.47224609375,-17.0321484375,-11.59180078125,-2.0523046875,-10.26559375,-11.3124453125,-5.76221875,-4.57801171875,-6.87041015625
10.39337109375,11.4496640625,7.22892578125,-0.7871953125,2.7218671875,4.22356640625,1.554671875,-0.928257812499999,3.26816015625,2.894765625,2.2828671875,0.10794921875,22.16965234375,-1.1010546875,-10.15136328125,-0.106984375,2.0207421875,-6.33938671875,-8.5015078125,-10.3983359375,-2.96778125,-1.38424609375,-16.4741484375,-14.65580078125,-5.9043046875,-9.91959375,-13.3724453125,-4.72321875,-5.19401171875,-7.25841015625
15.02237109375,13.9036640625,9.68092578125,5.7328046875,3.0698671875,2.07856640625,1.748671875,1.4437421875,8.85016015625,-1.542234375,-0.6361328125,0.98094921875,29.18065234375,0.5339453125,-14.25536328125,-0.868984375,4.4487421875,0.17761328125,-9.4485078125,-13.1573359375,-2.94778125,2.90075390625,-12.6001484375,-15.49680078125,-7.8263046875,-9.06959375,-12.2404453125,-1.87321875,-3.89301171875,-6.03241015625
17.99737109375,15.1836640625,10.94092578125,10.2028046875,1.3438671875,-0.578433593749999,1.872671875,3.8517421875,11.70416015625,-7.525234375,-3.4441328125,2.12694921875,33.80965234375,0.6099453125,-17.29536328125,-0.690984374999999,7.0097421875,6.96961328125,-9.0905078125,-13.7843359375,-1.85478125,7.44275390625,-6.2871484375,-13.81280078125,-7.2203046875,-7.94259375,-8.4804453125,1.79478125,-1.28201171875,-3.77841015625
18.81737109375,15.3116640625,11.16392578125,12.1118046875,-1.8691328125,-2.82743359375,2.317671875,6.2097421875,11.79016015625,-13.743234375,-5.1661328125,3.67294921875,35.33065234375,-0.7200546875,-18.28936328125,0.289015624999999,9.2747421875,12.84761328125,-7.3685078125,-12.0973359375,0.0592187499999994,10.95675390625,0.9478515625,-10.14480078125,-4.4243046875,-6.96959375,-3.6374453125,4.64878125,1.30998828125,-1.61141015625
17.37037109375,14.3526640625,10.57192578125,11.4418046875,-5.6281328125,-4.00143359375,3.144671875,8.2227421875,9.60316015625,-18.770234375,-5.3311328125,5.37894921875,33.35565234375,-3.0530546875,-17.14236328125,1.487015625,10.8317421875,16.63861328125,-4.9525078125,-8.9453359375,2.11221875,12.18375390625,7.1788515625,-5.90380078125,-0.731304687499999,-6.69759375,0.2075546875,4.96878125,2.26198828125,-0.860410156250001
13.98137109375,12.4516640625,9.41292578125,8.6928046875,-8.8261328125,-3.78843359375,4.108671875,9.5177421875,6.03716015625,-21.284234375,-3.9881328125,6.80994921875,28.20265234375,-5.7620546875,-14.45236328125,2.205015625,11.4557421875,17.52761328125,-2.8905078125,-5.7283359375,3.50421875,10.46575390625,10.6728515625,-2.81280078125,2.1886953125,-7.52159375,1.2995546875,1.79478125,0.446988281249999,-2.44341015625
9.42337109375,9.9966640625,8.04192578125,4.8278046875,-10.3671328125,-2.11643359375,4.851671875,9.8297421875,2.23816015625,-20.292234375,-1.4441328125,7.66994921875,21.09965234375,-8.0250546875,-10.96636328125,2.050015625,11.2237421875,15.44961328125,-1.9375078125,-3.5783359375,3.78921875,6.17675390625,10.5708515625,-2.04280078125,3.1676953125,-9.35859375,-0.931445312500001,-4.39121875,-4.02801171875,-6.25141015625
4.79337109375,7.6486640625,6.94092578125,1.0258046875,-9.4711328125,0.922566406250001,5.279671875,9.2157421875,-0.66583984375,-15.429234375,2.0128671875,8.01994921875,13.93765234375,-8.9700546875,-7.12536328125,1.241015625,10.5497421875,11.17761328125,-2.0745078125,-2.7313359375,3.18821875,0.65075390625,7.2028515625,-3.57980078125,2.1806953125,-11.49059375,-5.5384453125,-11.65721875,-9.64401171875,-10.96141015625
1.21237109375,6.1426640625,6.58792578125,-1.6991953125,-6.0161328125,5.01956640625,5.883671875,8.1757421875,-1.92483984375,-7.244234375,6.1928671875,8.26094921875,8.58065234375,-7.9510546875,-3.01136328125,0.638015625,10.0907421875,5.97961328125,-2.5715078125,-2.4833359375,2.55121875,-4.39024609375,1.8518515625,-6.23580078125,0.3476953125,-12.72059375,-10.4594453125,-17.36821875,-14.04201171875,-14.48241015625
-0.49662890625,5.9786640625,7.27692578125,-2.8021953125,-0.6941328125,9.60156640625,7.622671875,7.5587421875,-1.42783984375,2.750765625,10.9018671875,8.94094921875,6.13665234375,-4.8750546875,1.37663671875,1.402015625,10.5817421875,1.08561328125,-2.5025078125,-1.6873359375,2.97421875,-7.56124609375,-3.8461484375,-8.25580078125,-0.6663046875,-11.80959375,-13.4194453125,-19.28621875,-15.04101171875,-14.85541015625
-0.0536289062499998,7.2246640625,8.99492578125,-2.2951953125,5.1708671875,13.91856640625,11.272671875,8.1817421875,0.33216015625,12.401765625,15.7938671875,10.50194921875,6.60865234375,-0.4090546875,5.77663671875,4.374015625,12.5557421875,-2.71638671875,-1.3395078125,0.5246640625,5.26321875,-8.28424609375,-8.4841484375,-8.17480078125,0.4896953125,-8.03759375,-12.8654453125,-16.45221875,-11.57301171875,-11.13841015625
2.15337109375,9.4446640625,11.35892578125,-0.6801953125,10.0318671875,17.18956640625,16.683671875,10.3107421875,2.48216015625,19.472765625,20.2358671875,12.99194921875,8.99765234375,4.1169453125,9.49963671875,9.433015625,16.0287421875,-5.21038671875,0.7054921875,4.1806640625,9.45321875,-6.85824609375,-11.2281484375,-5.51680078125,4.1636953125,-1.66859375,-8.5724453125,-9.50121875,-4.15601171875,-3.88841015625
5.10237109375,11.7676640625,13.60292578125,1.1618046875,12.5028671875,18.68556640625,22.370671875,13.2797421875,4.01316015625,22.208765625,23.2628671875,15.85094921875,11.69665234375,7.0709453125,11.51663671875,15.193015625,20.2787421875,-6.69538671875,2.7294921875,8.2966640625,14.59321875,-4.24624609375,-11.9141484375,-1.05580078125,9.4706953125,5.88740625,-1.7364453125,-0.429218749999999,5.22398828125,4.96358984375
7.39637109375,13.1466640625,14.73392578125,2.1458046875,11.6288671875,17.82956640625,25.612671875,15.5187421875,3.98916015625,19.667765625,23.7428671875,17.97294921875,12.97265234375,6.9549453125,10.78663671875,19.256015625,23.9217421875,-7.80738671875,3.5104921875,11.2106640625,18.99121875,-1.74424609375,-10.9321484375,3.49419921875,14.6506953125,12.42840625,5.4765546875,8.09578125,13.78998828125,12.78158984375
7.76537109375,12.7876640625,13.89092578125,1.3078046875,7.0658671875,14.36756640625,23.136671875,15.0907421875,1.77516015625,11.799765625,20.7678671875,18.14794921875,11.48265234375,2.7539453125,6.68063671875,19.060015625,25.3957421875,-9.22938671875,2.0364921875,11.2976640625,20.90521875,-0.56124609375,-8.9271484375,6.25319921875,17.8686953125,15.79040625,10.8155546875,13.68978125,19.01998828125,17.21258984375
5.59337109375,10.4936640625,10.74292578125,-1.8011953125,-0.8501328125,8.53156640625,12.453671875,10.5797421875,-2.73883984375,-0.652234375,14.0948671875,15.66894921875,6.69365234375,-5.7940546875,-0.726363281249999,13.001015625,23.6637421875,-11.37438671875,-2.0635078125,7.7086640625,19.34321875,-1.38624609375,-6.4621484375,6.03719921875,18.0536953125,14.76840625,12.8805546875,15.12178125,19.61298828125,17.07458984375
1.14837109375,6.6806640625,5.64692578125,-6.9101953125,-11.2141328125,0.98256640625,-6.566328125,1.9117421875,-9.08283984375,-16.377234375,4.3478671875,10.70894921875,-0.92934765625,-18.0190546875,-10.67736328125,1.302015625,18.7667421875,-14.24138671875,-8.3935078125,0.7636640625,14.51921875,-4.12924609375,-3.8451484375,2.86019921875,15.3176953125,9.65040625,11.6665546875,12.71478125,15.93998828125,12.76758984375
-4.56862890625,2.1036640625,-0.51707421875,-13.1261953125,-22.7901328125,-7.41643359375,-30.909328125,-9.3882578125,-16.37083984375,-33.740234375,-7.1251328125,4.27094921875,-10.09434765625,-32.3230546875,-21.99036328125,-13.846984375,11.9217421875,-17.51938671875,-15.9815078125,-8.1703359375,7.75421875,-7.97724609375,-1.2011484375,-2.13580078125,10.8186953125,2.11540625,8.4695546875,8.11678125,9.81298828125,6.05658984375
-4.56862890625,2.1036640625,-0.51707421875,-13.1261953125,-22.7901328125,-7.41643359375,-30.909328125,-9.3882578125,-16.37083984375,-33.740234375,-7.1251328125,4.27094921875,-10.09434765625,-32.3230546875,-21.99036328125,-13.846984375,11.9217421875,-17.51938671875,-15.9815078125,-8.1703359375,7.75421875,-7.97724609375,-1.2011484375,-2.13580078125,10.8186953125,2.11540625,8.4695546875,8.11678125,9.81298828125,6.05658984375
