"Fp1","Fpz","Fp2","F7","F3","Fz","F4","F8","FC5","FC1","FC2","FC6","T7","C3","Cz","C4","T8","CP5","CP1","CP2","CP6","P7","P3","Pz","P4","P8","POz","O1","Oz","O2"
-16.0694140625,-23.33702734375,-20.12475,-34.37630078125,-16.54215234375,-19.28685546875,-24.07140625,-30.1919140625,-23.335921875,-15.8215234375,-22.92889453125,-33.587765625,-27.9844609375,-25.16356640625,-21.1872109375,-32.48689453125,-35.23126171875,-25.7448828125,-25.59498046875,-29.94673046875,-38.0432421875,-35.6250078125,-26.85983984375,-27.02896875,-34.03958203125,-37.82541015625,-31.5770625,-37.13804296875,-40.236140625,-39.794453125
7.9325859375,2.73597265625,4.79025,-8.03930078125,6.85384765625,5.47714453125,-0.98940625,-5.8019140625,1.738078125,7.7794765625,1.92510546875,-5.655765625,-3.0374609375,0.787433593749999,3.8507890625,-6.59589453125,-13.47626171875,0.9781171875,1.00801953125,-3.84573046875,-12.0242421875,-11.4800078125,-0.14883984375,-0.42196875,-7.65358203125,-14.37441015625,-4.1300625,-12.28104296875,-14.642140625,-13.493453125
21.3835859375,17.35997265625,18.89225,6.97269921875,20.00284765625,19.05414453125,11.77959375,8.2880859375,16.260078125,20.8604765625,15.99310546875,9.210234375,11.5175390625,15.61943359375,17.8457890625,8.29410546875,-2.00026171875,16.2031171875,16.03201953125,10.89526953125,2.8697578125,1.9649921875,14.89616015625,14.37103125,7.46941796875,-1.38741015625,11.0239375,1.07795703125,-0.594140625000001,1.426546875
25.0615859375,21.38097265625,23.01125,11.29069921875,23.73284765625,22.43314453125,15.19159375,12.7190859375,20.957078125,24.3494765625,20.23410546875,12.296234375,16.2645390625,20.00343359375,21.7477890625,13.08110546875,-0.0532617187499991,20.5231171875,20.20401953125,15.13826953125,7.4167578125,5.4769921875,19.00316015625,18.07803125,12.11041796875,1.93058984375,14.5849375,3.89495703125,2.883859375,5.776546875
22.8105859375,18.98997265625,21.14425,8.88169921875,21.85784765625,19.93714453125,13.30859375,11.2060859375,19.576078125,22.2764765625,18.79610546875,8.950234375,14.7615390625,17.83543359375,19.7777890625,11.93410546875,-3.82626171875,17.8921171875,17.64101953125,13.11926953125,5.6787578125,2.9869921875,16.32816015625,14.90803125,10.34641796875,-0.587410156250001,10.8929375,0.555957031249999,0.182859375,3.665546875
18.9055859375,14.87397265625,17.74625,4.36669921875,18.57484765625,16.34314453125,10.63959375,8.1230859375,16.273078125,19.0714765625,16.27610546875,5.160234375,11.1145390625,13.60743359375,16.6287890625,9.54210546875,-8.89726171875,13.0051171875,13.13401953125,9.66926953125,2.3377578125,-0.9990078125,11.70516015625,9.79303125,6.84041796875,-4.62041015625,5.0969375,-3.98904296875,-3.800140625,-0.265453125
16.0765859375,12.06197265625,15.66125,0.860699218750002,16.52184765625,14.68014453125,10.04559375,6.5120859375,13.675078125,17.5184765625,15.60810546875,4.710234375,8.1535390625,10.40043359375,15.3197890625,8.96910546875,-12.13226171875,9.2341171875,10.03201953125,8.02926953125,0.6027578125,-3.4090078125,8.48816015625,6.20703125,4.75341796875,-7.26141015625,0.8919375,-6.45904296875,-5.888140625,-2.937453125
15.1315859375,11.48997265625,15.69125,-0.58230078125,16.40384765625,15.71614453125,12.16859375,7.4040859375,12.563078125,18.3004765625,17.55810546875,8.280234375,7.0555390625,9.39043359375,16.6937890625,11.09310546875,-12.21526171875,8.0491171875,9.65501953125,9.24526953125,1.6197578125,-3.1290078125,7.96116015625,5.54703125,5.20341796875,-7.43341015625,-0.1740625,-5.80304296875,-5.150140625,-3.308453125
15.5475859375,12.60597265625,17.19125,-0.398300781249999,17.56784765625,18.53614453125,15.90959375,10.0900859375,12.525078125,20.5534765625,21.20910546875,14.075234375,7.7365390625,10.27243359375,19.9227890625,15.04410546875,-9.40126171875,9.3331171875,11.64601953125,12.57226953125,4.8257578125,-0.5920078125,9.72216015625,7.47003125,7.67341796875,-5.50141015625,1.6119375,-2.68804296875,-2.347140625,-1.869453125
16.1445859375,14.07197265625,18.75925,0.306699218750001,18.64684765625,21.29414453125,19.19859375,12.7670859375,12.608078125,22.5754765625,24.63210546875,19.088234375,9.2785390625,11.77243359375,23.1797890625,18.88610546875,-5.14226171875,11.8411171875,14.47201953125,16.12326953125,8.5087578125,2.8029921875,12.27016015625,10.40903125,10.57341796875,-2.82141015625,4.6769375,1.20495703125,0.813859375,-0.0144531250000002
15.6835859375,14.42597265625,18.90325,0.508699218750001,18.19284765625,22.02114453125,19.94259375,13.4410859375,11.830078125,22.6024765625,25.73110546875,20.633234375,10.3905390625,12.27843359375,24.4447890625,20.49810546875,-1.49726171875,13.8151171875,16.13601953125,17.73726953125,10.6007578125,5.4099921875,13.75716015625,12.30503125,11.97841796875,-1.12441015625,6.9359375,3.98995703125,2.522859375,0.686546875
13.4855859375,12.80197265625,16.76225,-0.184300781249998,15.39884765625,19.55814453125,17.06759375,10.9630859375,9.690078125,19.6854765625,23.29910546875,17.777234375,10.0825390625,10.69243359375,22.4967890625,18.66310546875,-0.14126171875,13.8971171875,15.20001953125,16.08726953125,9.7557578125,6.2019921875,12.97016015625,11.65103125,10.64941796875,-1.58141015625,6.8559375,4.51595703125,1.823859375,-0.628453125
9.6985859375,9.29697265625,12.49125,-1.52930078125,10.48484765625,14.08814453125,11.04359375,5.6270859375,6.388078125,14.1664765625,17.65210546875,11.776234375,8.1315390625,6.99243359375,17.5357890625,13.69610546875,-1.57526171875,11.7801171875,11.52501953125,11.37126953125,6.0657578125,5.2549921875,9.94916015625,8.25003125,6.69941796875,-4.15041015625,4.2019375,2.88095703125,-0.892140625000001,-3.618453125
4.9335859375,4.59597265625,6.92125,-3.22530078125,4.37584765625,6.78014453125,3.42959375,-1.1069140625,2.504078125,7.3114765625,10.25710546875,5.058234375,4.9135390625,2.00243359375,10.8687890625,7.05610546875,-5.13626171875,8.0751171875,6.10601953125,4.98726953125,0.8167578125,3.4009921875,5.71416015625,3.04303125,1.33441796875,-7.78641015625,-0.1420625,0.0719570312499993,-4.341140625,-7.135453125
-0.2354140625,-0.61302734375,0.97725,-5.37730078125,-1.91615234375,-0.947855468749999,-4.04840625,-7.4239140625,-1.459921875,0.5414765625,2.82410546875,-0.339765624999999,0.9945390625,-3.24456640625,4.1137890625,0.413105468750001,-9.53126171875,3.7401171875,0.34901953125,-1.36873046875,-4.3332421875,1.5199921875,1.50416015625,-2.59396875,-3.94358203125,-11.17941015625,-4.8950625,-2.80104296875,-7.245140625,-10.019453125
-5.3044140625,-5.73702734375,-4.49175,-8.24330078125,-7.54415234375,-7.83385546875,-10.08540625,-11.8259140625,-5.091921875,-4.9785234375,-3.26689453125,-3.586765625,-2.9434609375,-7.83056640625,-1.3212109375,-4.92189453125,-13.30426171875,-0.2418828125,-4.43998046875,-6.30373046875,-7.9632421875,0.2399921875,-1.67983984375,-7.34296875,-7.86458203125,-13.23141015625,-8.8540625,-4.91404296875,-8.808140625,-11.510453125
-9.6224140625,-10.07602734375,-8.61875,-11.65330078125,-11.79215234375,-12.84185546875,-13.93840625,-13.5419140625,-7.871921875,-8.4155234375,-7.11889453125,-4.912765625,-6.0404609375,-10.99256640625,-4.4102109375,-8.13289453125,-15.18326171875,-2.9578828125,-7.26898046875,-8.93473046875,-9.1612421875,-0.0120078125000003,-3.17383984375,-10.13296875,-9.56058203125,-13.21341015625,-11.0680625,-5.75504296875,-8.721140625,-11.229453125
-12.5274140625,-12.96102734375,-10.72775,-14.92530078125,-14.25215234375,-15.42785546875,-15.53540625,-12.8179140625,-9.310921875,-9.4655234375,-8.49189453125,-5.168765625,-7.5784609375,-12.33056640625,-4.7972109375,-9.05489453125,-14.59526171875,-3.8688828125,-7.75298046875,-9.08873046875,-7.8142421875,0.8789921875,-2.82983984375,-10.44996875,-8.80658203125,-11.01141015625,-11.1030625,-5.25904296875,-7.201140625,-9.251453125
-13.7674140625,-14.17302734375,-10.74975,-17.31130078125,-15.10715234375,-15.84885546875,-15.50940625,-10.8959140625,-9.325921875,-8.5765234375,-7.96689453125,-5.400765625,-7.4954609375,-12.07156640625,-3.0492109375,-8.29089453125,-12.04126171875,-3.1768828125,-6.35398046875,-7.43673046875,-4.7612421875,2.5019921875,-1.17583984375,-8.63196875,-6.21258203125,-7.31841015625,-9.2990625,-3.96304296875,-5.027140625,-6.217453125
-13.5764140625,-13.98302734375,-9.23375,-18.35230078125,-14.97615234375,-14.95385546875,-14.81540625,-9.3449140625,-8.251921875,-6.6965234375,-6.60089453125,-6.279765625,-6.3774609375,-10.86956640625,-0.350210937499999,-6.82989453125,-8.74926171875,-1.6588828125,-4.06798046875,-5.08673046875,-1.3382421875,4.1089921875,0.90416015625,-5.61396875,-2.88558203125,-3.29441015625,-6.4940625,-2.67204296875,-3.141140625,-3.023453125
-12.3714140625,-12.77702734375,-6.90975,-17.93730078125,-14.39815234375,-13.54985546875,-14.12040625,-9.1409140625,-6.502921875,-4.6565234375,-5.22989453125,-7.656765625,-4.9214609375,-9.25056640625,2.2317890625,-5.37089453125,-5.85226171875,-0.0738828125000004,-1.71898046875,-2.86773046875,1.4367578125,5.1409921875,2.78616015625,-2.26596875,0.27241796875,0.134589843749999,-3.3980625,-1.82604296875,-1.993140625,-0.248453125
-10.6244140625,-10.89902734375,-4.41775,-16.40530078125,-13.65015234375,-12.10185546875,-13.62740625,-10.2979140625,-4.476921875,-2.8985234375,-4.18889453125,-8.818765625,-3.5794609375,-7.43756640625,4.1377890625,-4.10489453125,-3.93326171875,1.1411171875,0.33001953125,-1.06273046875,3.1997578125,5.4399921875,4.29116015625,0.90403125,2.83341796875,2.57458984375,-0.3550625,-1.31604296875,-1.385140625,2.004546875
-9.0134140625,-8.88002734375,-2.39975,-14.65930078125,-13.01915234375,-10.96385546875,-13.39940625,-12.2419140625,-2.777921875,-1.7075234375,-3.61189453125,-9.277765625,-2.6754609375,-5.65956640625,5.1237890625,-3.08989453125,-3.22326171875,1.6891171875,1.89001953125,0.23626953125,3.9207578125,5.0149921875,5.32016015625,3.50103125,4.55841796875,3.86358984375,2.3419375,-0.89204296875,-0.944140625,3.730546875
-8.2874140625,-7.41502734375,-1.41275,-13.79730078125,-12.88215234375,-10.48685546875,-13.54540625,-14.2899140625,-2.132921875,-1.3175234375,-3.63089453125,-9.143765625,-2.4834609375,-4.31656640625,5.1087890625,-2.49789453125,-3.80026171875,1.3321171875,2.74001953125,0.88226953125,3.6107578125,3.9379921875,5.64316015625,5.11203125,5.21041796875,3.87858984375,4.2799375,-0.46704296875,-0.490140625,4.801546875
-8.7084140625,-6.86102734375,-1.48875,-14.30530078125,-13.34415234375,-10.68985546875,-13.96440625,-15.8169140625,-2.828921875,-1.6225234375,-4.13689453125,-8.711765625,-2.9854609375,-3.64656640625,4.3627890625,-2.35789453125,-5.43526171875,0.1851171875,2.86301953125,0.89426953125,2.4727578125,2.5669921875,5.18316015625,5.59403125,4.81841796875,2.76358984375,5.2309375,0.0599570312499997,0.0818593749999996,5.203546875
-9.7554140625,-6.91902734375,-1.98675,-15.65330078125,-14.00715234375,-11.10485546875,-14.20540625,-16.3669140625,-4.361921875,-2.0515234375,-4.65489453125,-8.007765625,-3.7704609375,-3.49256640625,3.5397890625,-2.35589453125,-7.51826171875,-1.1898828125,2.57701953125,0.61926953125,1.0017578125,1.5429921875,4.22016015625,5.26003125,3.83041796875,1.09358984375,5.3749375,0.940957031249999,0.940859375,5.195546875
-10.5684140625,-6.99902734375,-2.09575,-16.74230078125,-14.31615234375,-11.18185546875,-13.80340625,-15.9019140625,-5.826921875,-1.9855234375,-4.70989453125,-6.929765625,-4.4024609375,-3.57056640625,3.2247890625,-2.13889453125,-9.39026171875,-2.2398828125,2.20101953125,0.42526953125,-0.3362421875,1.2549921875,3.09016015625,4.52803125,2.76441796875,-0.44841015625,5.0069375,2.25895703125,2.085859375,5.029546875
-10.5794140625,-6.75102734375,-1.43575,-16.68230078125,-14.02015234375,-10.74885546875,-12.65040625,-14.8359140625,-6.562921875,-1.2175234375,-4.21789453125,-5.563765625,-4.7974609375,-3.81356640625,3.5287890625,-1.65289453125,-10.64226171875,-2.8878828125,1.72601953125,0.38826953125,-1.3872421875,1.3929921875,1.83316015625,3.54403125,1.83941796875,-1.41241015625,4.2029375,3.62895703125,3.159859375,4.688546875
-9.6814140625,-6.11902734375,-0.10175,-15.14230078125,-13.15815234375,-9.93285546875,-10.91140625,-13.6869140625,-6.367921875,0.0864765624999997,-3.33989453125,-4.096765625,-5.1094609375,-4.27056640625,4.2457890625,-1.00489453125,-10.97926171875,-3.4328828125,0.99501953125,0.46026953125,-2.1232421875,1.1849921875,0.31616015625,2.31003125,1.11341796875,-1.50241015625,2.9529375,4.40095703125,3.735859375,4.125546875
-8.0574140625,-5.14102734375,1.62225,-12.35430078125,-11.81415234375,-8.84885546875,-8.77440625,-12.7599140625,-5.379921875,1.6804765625,-2.16289453125,-2.579765625,-5.4584609375,-4.85556640625,5.2207890625,-0.179894531249999,-10.05326171875,-4.1598828125,0.06401953125,0.74726953125,-2.3592421875,0.00299218749999985,-1.45383984375,0.97403125,0.77841796875,-0.429410156250001,1.4259375,4.08695703125,3.688859375,3.584546875
-6.1204140625,-3.97402734375,3.34125,-9.07430078125,-10.12815234375,-7.62385546875,-6.51440625,-12.2849140625,-4.028921875,3.2544765625,-0.76189453125,-1.079765625,-5.9604609375,-5.43856640625,6.3347890625,0.838105468750001,-7.77226171875,-5.2438828125,-0.86398046875,1.37326953125,-1.9472421875,-2.3120078125,-3.37983984375,-0.27096875,1.01441796875,1.78658984375,-0.1450625,2.45995703125,3.100859375,3.434546875
-4.4234140625,-2.98702734375,4.54625,-6.36830078125,-8.40415234375,-6.57185546875,-4.66340625,-12.6379140625,-2.945921875,4.3654765625,0.55810546875,0.00923437500000124,-6.8364609375,-6.05256640625,7.2967890625,1.77410546875,-4.71926171875,-6.8098828125,-1.70098046875,2.14626953125,-1.1552421875,-5.4370078125,-5.46283984375,-1.44896875,1.64641796875,4.43958984375,-1.7410625,-0.518042968750001,1.980859375,3.751546875
-3.2764140625,-2.47402734375,4.92325,-5.00330078125,-6.90715234375,-6.00885546875,-3.80940625,-14.1269140625,-2.547921875,4.6844765625,1.38410546875,0.0762343750000012,-8.1704609375,-6.74656640625,7.7807890625,2.17710546875,-1.97526171875,-8.7478828125,-2.43198046875,2.63726953125,-0.5882421875,-8.5430078125,-7.67283984375,-2.69996875,2.21941796875,6.36658984375,-3.4510625,-4.52504296875,0.344859375,4.309546875
-2.4064140625,-2.28902734375,4.69925,-4.93030078125,-5.56915234375,-5.91385546875,-4.18840625,-16.6009140625,-2.659921875,4.3194765625,1.55510546875,-1.257765625,-9.5984609375,-7.30056640625,7.7317890625,1.80110546875,-0.51326171875,-10.5008828125,-2.87598046875,2.54526953125,-0.7572421875,-10.4360078125,-9.68683984375,-3.95696875,2.36841796875,6.63858984375,-5.1540625,-8.70804296875,-1.521140625,4.860546875
-1.2414140625,-2.02102734375,4.43525,-5.45930078125,-4.13815234375,-6.03285546875,-5.61440625,-19.4619140625,-2.746921875,3.6484765625,1.14610546875,-3.945765625,-10.5124609375,-7.37956640625,7.2877890625,0.657105468750001,-0.844261718749999,-11.3508828125,-2.82098046875,1.76626953125,-1.9252421875,-10.1850078125,-11.04383984375,-5.00296875,1.89641796875,4.90458984375,-6.5910625,-12.02204296875,-3.200140625,5.147546875
0.4675859375,-1.50602734375,4.47025,-5.89030078125,-2.60615234375,-6.30085546875,-7.74340625,-22.0989140625,-2.504921875,2.8364765625,0.15910546875,-7.663765625,-10.6024609375,-6.95156640625,6.4097890625,-1.22789453125,-3.09426171875,-10.9938828125,-2.37898046875,0.18726953125,-4.2402421875,-7.8070078125,-11.56883984375,-5.81096875,0.59341796875,1.23658984375,-7.6990625,-13.83204296875,-4.530140625,4.705546875
2.4865859375,-0.91202734375,4.76325,-5.80430078125,-1.24515234375,-6.88385546875,-10.15240625,-24.1529140625,-2.034921875,1.7464765625,-1.47089453125,-11.829765625,-9.9804609375,-6.31156640625,4.8877890625,-3.79489453125,-6.99726171875,-9.6228828125,-1.93598046875,-2.22473046875,-7.6462421875,-4.2010078125,-11.38683984375,-6.50196875,-1.65258203125,-3.95041015625,-8.5660625,-14.02804296875,-5.565140625,3.069546875
4.5045859375,-0.31902734375,5.25125,-4.90930078125,-0.22615234375,-7.78285546875,-12.19440625,-25.4279140625,-1.482921875,0.3234765625,-3.52689453125,-15.504765625,-8.8074609375,-5.65156640625,2.7547890625,-6.63689453125,-11.75226171875,-7.5018828125,-1.68698046875,-5.07073046875,-11.5602421875,-0.3650078125,-10.52883984375,-6.94196875,-4.45758203125,-9.76341015625,-9.0010625,-12.62604296875,-6.116140625,0.334546875
6.3525859375,0.43797265625,6.01625,-3.03030078125,0.51484765625,-8.69985546875,-13.15940625,-25.8599140625,-0.851921875,-1.2285234375,-5.46089453125,-17.663765625,-7.1264609375,-4.91956640625,0.425789062500001,-9.02589453125,-16.22526171875,-4.7378828125,-1.47698046875,-7.55373046875,-14.9672421875,3.1289921875,-8.83683984375,-6.68896875,-6.97058203125,-14.98741015625,-8.4960625,-9.63104296875,-5.676140625,-2.706453125
7.7605859375,1.37297265625,6.98125,-0.442300781249999,0.93484765625,-9.42985546875,-12.78140625,-25.6599140625,-0.268921875,-2.7325234375,-6.85989453125,-17.818765625,-5.1934609375,-4.17456640625,-1.7032109375,-10.45189453125,-19.56626171875,-1.6008828125,-1.18898046875,-9.06973046875,-17.0552421875,5.9369921875,-6.41383984375,-5.50196875,-8.48658203125,-18.69141015625,-6.7720625,-5.45304296875,-4.014140625,-5.153453125
8.2055859375,2.08497265625,7.71625,2.05869921875,0.69084765625,-10.13385546875,-11.48440625,-25.2799140625,-0.133921875,-4.2505234375,-7.77389453125,-16.310765625,-3.6614609375,-3.82256640625,-3.5562109375,-10.97589453125,-21.56926171875,1.2641171875,-1.01798046875,-9.62373046875,-17.6792421875,7.6379921875,-3.89083984375,-3.69596875,-8.91658203125,-20.63341015625,-4.1850625,-1.17704296875,-1.631140625,-6.556453125
7.2755859375,2.10097265625,7.77725,3.64869921875,-0.51515234375,-11.05885546875,-10.00840625,-25.0569140625,-0.781921875,-5.8375234375,-8.45689453125,-13.943765625,-3.2054609375,-4.28456640625,-5.1732109375,-10.96689453125,-22.42926171875,3.1691171875,-1.21098046875,-9.58473046875,-17.1842421875,7.8659921875,-2.04883984375,-1.85896875,-8.58558203125,-21.03641015625,-1.4470625,1.87395703125,0.533859375,-6.872453125
5.0945859375,1.32897265625,7.10625,4.01369921875,-2.54915234375,-12.19685546875,-8.93640625,-24.9959140625,-2.125921875,-7.3135234375,-9.04689453125,-11.550765625,-4.0614609375,-5.62356640625,-6.4652109375,-10.74989453125,-22.39826171875,3.8081171875,-1.76998046875,-9.29973046875,-16.0392421875,6.5999921875,-1.31983984375,-0.41796875,-7.85158203125,-20.23041015625,0.8569375,2.83195703125,1.750859375,-6.169453125
2.2395859375,0.0309726562499998,5.96125,3.38169921875,-4.93215234375,-13.39085546875,-8.62040625,-24.9779140625,-3.782921875,-8.4685234375,-9.64889453125,-9.976765625,-6.0284609375,-7.62656640625,-7.3952109375,-10.65989453125,-21.82726171875,3.2321171875,-2.59798046875,-9.10173046875,-14.8132421875,4.1039921875,-1.74983984375,0.36603125,-7.08658203125,-18.66741015625,2.3539375,1.54395703125,1.768859375,-4.634453125
-0.5814140625,-1.44802734375,4.63925,2.27769921875,-7.15015234375,-14.56785546875,-9.26240625,-24.9939140625,-5.380921875,-9.3295234375,-10.51189453125,-10.081765625,-8.6804609375,-10.05856640625,-8.2172109375,-11.15889453125,-21.25726171875,1.6401171875,-3.75998046875,-9.41373046875,-14.2002421875,0.7449921875,-3.20683984375,0.24003125,-6.75758203125,-17.01441015625,2.7659375,-1.53804296875,0.755859374999999,-2.691453125
-2.6734140625,-2.70502734375,3.44725,1.41269921875,-8.70115234375,-15.60585546875,-10.73140625,-25.0189140625,-6.584921875,-9.9975234375,-11.78989453125,-12.239765625,-11.3874609375,-12.59556640625,-9.2432109375,-12.54089453125,-21.09726171875,-0.5778828125,-5.32298046875,-10.49073046875,-14.6512421875,-2.9240078125,-5.34983984375,-0.87296875,-7.16458203125,-15.82741015625,2.0509375,-5.47804296875,-0.746140625000001,-0.797453125
-3.4504140625,-3.26402734375,2.72625,1.51669921875,-9.08815234375,-16.12485546875,-12.40740625,-24.7849140625,-7.047921875,-10.3485234375,-13.22189453125,-15.795765625,-13.3824609375,-14.69056640625,-10.4762109375,-14.55689453125,-21.26126171875,-2.7538828125,-7.06598046875,-12.09673046875,-15.9822421875,-6.0930078125,-7.56183984375,-2.65796875,-8.13158203125,-15.15941015625,0.5609375,-9.07904296875,-1.973140625,0.816546875
-2.8104140625,-2.93802734375,2.56725,2.86569921875,-8.14215234375,-15.74085546875,-13.49740625,-23.9399140625,-6.675921875,-10.1695234375,-14.29989453125,-19.276765625,-14.1924609375,-15.85156640625,-11.6862109375,-16.56189453125,-21.31926171875,-4.2788828125,-8.61198046875,-13.69673046875,-17.5462421875,-8.0380078125,-9.27783984375,-4.62296875,-9.21458203125,-14.71141015625,-1.2290625,-11.42904296875,-2.439140625,2.004546875
-1.4214140625,-2.17502734375,2.53325,4.92669921875,-6.35215234375,-14.49385546875,-13.55940625,-22.4289140625,-5.904921875,-9.4995234375,-14.71189453125,-21.232765625,-14.0624609375,-16.04656640625,-12.7452109375,-18.02989453125,-20.98626171875,-5.0348828125,-9.79798046875,-14.93773046875,-18.7732421875,-8.5610078125,-10.38683984375,-6.51696875,-10.18558203125,-14.31441015625,-3.1470625,-12.38204296875,-2.370140625,2.411546875
-0.3524140625,-1.78202734375,1.95325,6.67569921875,-4.61415234375,-12.79585546875,-12.61840625,-20.5549140625,-5.417921875,-8.5855234375,-14.40789453125,-20.894765625,-13.7314609375,-15.63656640625,-13.6242109375,-18.70789453125,-20.27626171875,-5.3038828125,-10.66198046875,-15.75073046875,-19.3712421875,-7.9350078125,-11.13883984375,-8.32296875,-11.08458203125,-14.04541015625,-5.2650625,-12.38404296875,-2.476140625,1.622546875
-0.3344140625,-2.23802734375,0.56125,7.33269921875,-3.58015234375,-10.97685546875,-10.88340625,-18.7069140625,-5.538921875,-7.5195234375,-13.31889453125,-18.297765625,-13.7864609375,-14.91056640625,-14.0922109375,-18.42889453125,-19.28826171875,-5.2878828125,-11.11798046875,-16.08273046875,-19.1612421875,-6.4580078125,-11.67483984375,-9.89996875,-11.89358203125,-13.95741015625,-7.4900625,-11.87604296875,-3.266140625,-0.373453125
-1.4714140625,-3.45802734375,-1.34075,6.66869921875,-3.38115234375,-9.14985546875,-8.63840625,-17.1699140625,-6.071921875,-6.1965234375,-11.35689453125,-14.255765625,-14.3564609375,-13.94356640625,-13.7682109375,-17.12789453125,-18.15326171875,-4.9438828125,-10.94998046875,-15.84273046875,-18.0632421875,-4.2970078125,-11.90283984375,-10.94596875,-12.43658203125,-13.97741015625,-9.4650625,-11.03804296875,-4.748140625,-3.072453125
-3.5284140625,-5.14302734375,-3.27975,4.78569921875,-3.87515234375,-7.49085546875,-6.38240625,-16.1359140625,-6.685921875,-4.6485234375,-8.73589453125,-10.245765625,-15.3134609375,-12.85056640625,-12.5442109375,-15.12689453125,-17.16726171875,-4.2688828125,-10.14498046875,-15.15173046875,-16.3152421875,-1.7210078125,-11.79283984375,-11.33696875,-12.63858203125,-14.07441015625,-10.9060625,-9.98404296875,-6.654140625,-5.795453125
-6.1504140625,-7.01702734375,-4.90475,1.96969921875,-4.84015234375,-6.30985546875,-4.73240625,-15.6429140625,-7.196921875,-3.1655234375,-6.00889453125,-7.827765625,-16.3854609375,-11.86456640625,-10.7222109375,-13.08189453125,-16.66926171875,-3.4128828125,-8.96798046875,-14.31773046875,-14.3772421875,0.8549921875,-11.48183984375,-11.21596875,-12.55158203125,-14.20641015625,-11.7220625,-8.83504296875,-8.614140625,-7.901453125
-8.7444140625,-8.65202734375,-5.86675,-1.13930078125,-5.86415234375,-5.71385546875,-3.99740625,-15.4379140625,-7.462921875,-1.9895234375,-3.63989453125,-7.728765625,-17.0124609375,-11.04256640625,-8.6612109375,-11.47189453125,-16.61026171875,-2.4278828125,-7.59498046875,-13.42973046875,-12.4772421875,3.1889921875,-10.97983984375,-10.65296875,-12.04358203125,-13.98941015625,-11.7430625,-7.47604296875,-10.033140625,-8.671453125
-10.5054140625,-9.43802734375,-5.76775,-3.56530078125,-6.38615234375,-5.44885546875,-3.98740625,-15.1209140625,-7.330921875,-1.1245234375,-1.73589453125,-9.453765625,-16.4514609375,-10.15956640625,-6.5242109375,-10.29889453125,-16.47426171875,-1.1638828125,-5.93998046875,-12.21973046875,-10.4472421875,5.3459921875,-10.05483984375,-9.47896875,-10.73658203125,-12.71341015625,-10.6480625,-5.55904296875,-10.178140625,-7.409453125
-10.8524140625,-8.97602734375,-4.47675,-4.43130078125,-6.10515234375,-5.23885546875,-4.32340625,-14.5389140625,-6.855921875,-0.555523437500001,-0.27289453125,-11.796765625,-14.3174609375,-9.05456640625,-4.4762109375,-9.34889453125,-15.76226171875,0.4061171875,-3.97098046875,-10.45173046875,-8.1082421875,7.4019921875,-8.57383984375,-7.61696875,-8.43658203125,-9.91441015625,-8.3410625,-2.96304296875,-8.676140625,-3.949453125
-9.7384140625,-7.38302734375,-2.30775,-3.35330078125,-5.21315234375,-5.07085546875,-4.75740625,-13.9239140625,-6.335921875,-0.406523437500001,0.67110546875,-13.596765625,-10.9404609375,-7.87756640625,-2.8382109375,-8.50889453125,-14.41526171875,1.9691171875,-1.96998046875,-8.27273046875,-5.6172421875,9.2349921875,-6.77583984375,-5.34296875,-5.45658203125,-5.82241015625,-5.2260625,-0.115042968750001,-5.845140625,1.056546875
-7.4894140625,-5.06302734375,0.25725,-0.45130078125,-4.11215234375,-5.01685546875,-5.11040625,-13.5539140625,-5.943921875,-0.7265234375,1.09010546875,-14.056765625,-7.0954609375,-6.86956640625,-1.8322109375,-7.66689453125,-12.67326171875,3.1611171875,-0.30998046875,-6.01973046875,-3.2902421875,10.7449921875,-5.04583984375,-3.06496875,-2.35858203125,-1.15741015625,-1.9160625,2.30295703125,-2.411140625,6.474546875
-4.5504140625,-2.42902734375,2.84025,3.74669921875,-3.07815234375,-5.02185546875,-5.17940625,-13.4469140625,-5.492921875,-1.3115234375,1.20610546875,-12.861765625,-3.5864609375,-6.09456640625,-1.3382109375,-6.58989453125,-10.75626171875,3.8741171875,0.84801953125,-3.92673046875,-1.3112421875,12.0769921875,-3.61683984375,-1.02396875,0.43641796875,3.28158984375,1.1479375,3.80695703125,0.908859375,11.211546875
-1.5384140625,0.0169726562499998,5.03625,8.24369921875,-2.34015234375,-5.08985546875,-4.93840625,-13.4949140625,-4.772921875,-1.9625234375,1.20610546875,-10.390765625,-1.1504609375,-5.60056640625,-1.1272109375,-5.16589453125,-8.88526171875,4.1381171875,1.44801953125,-2.19273046875,0.1967578125,13.3849921875,-2.63983984375,0.60203125,2.62641796875,6.71158984375,3.6759375,4.17095703125,3.491859375,14.368546875
0.7685859375,1.60697265625,6.26625,11.75669921875,-2.21215234375,-5.47185546875,-4.70540625,-13.7149140625,-3.928921875,-2.7545234375,0.98510546875,-7.701765625,-0.4284609375,-5.59656640625,-1.1602109375,-3.64489453125,-7.38326171875,3.9061171875,1.36201953125,-1.12173046875,1.0317578125,14.5439921875,-2.30883984375,1.54703125,3.90041796875,8.39358984375,5.3769375,3.33995703125,4.791859375,15.308546875
1.8755859375,1.91997265625,6.12325,13.42169921875,-2.83615234375,-6.36185546875,-4.83040625,-14.1789140625,-3.304921875,-3.8045234375,0.38610546875,-5.897765625,-1.5984609375,-6.20756640625,-1.4392109375,-2.36789453125,-6.45026171875,3.2061171875,0.59501953125,-0.85373046875,1.1317578125,15.2819921875,-2.61783984375,1.69603125,4.16041796875,8.01358984375,6.1499375,1.56895703125,4.661859375,14.002546875
2.0045859375,1.22397265625,4.82325,13.38669921875,-3.87415234375,-7.49585546875,-5.30140625,-14.8179140625,-3.035921875,-4.9025234375,-0.41189453125,-5.391765625,-4.0774609375,-7.13356640625,-1.7162109375,-1.37689453125,-5.88426171875,2.3751171875,-0.44798046875,-1.07073046875,0.8357578125,15.4609921875,-3.12783984375,1.37403125,3.78341796875,6.04258984375,6.3069375,-0.495042968750001,3.601859375,11.261546875
1.8535859375,0.25797265625,3.06825,12.57069921875,-4.73715234375,-8.33685546875,-5.83140625,-15.5369140625,-3.076921875,-5.6565234375,-1.04389453125,-5.846765625,-6.8504609375,-7.86756640625,-1.6822109375,-0.534894531249999,-5.31126171875,1.7821171875,-1.24598046875,-1.25673046875,0.6047578125,14.9839921875,-3.31783984375,1.07103125,3.32741796875,3.42558984375,6.2749375,-2.24004296875,2.386859375,8.276546875
1.9385859375,-0.43802734375,1.50125,11.84969921875,-5.13315234375,-8.64185546875,-6.27340625,-16.4219140625,-3.484921875,-5.9485234375,-1.42589453125,-6.699765625,-9.1484609375,-8.21756640625,-1.4012109375,0.0431054687500007,-4.67526171875,1.3701171875,-1.69598046875,-1.26173046875,0.4947578125,13.5359921875,-3.16183984375,0.89103125,2.97441796875,0.888589843749999,6.0739375,-3.63104296875,1.410859375,5.850546875
2.3485859375,-0.74802734375,0.49425,11.60969921875,-5.15015234375,-8.58385546875,-6.67640625,-17.5659140625,-4.324921875,-5.9825234375,-1.79689453125,-7.505765625,-10.6464609375,-8.36456640625,-1.2662109375,-0.0138945312499993,-4.24826171875,0.7361171875,-2.13398046875,-1.36373046875,0.1477578125,10.8009921875,-3.13483984375,0.52303125,2.48941796875,-1.32141015625,5.3589375,-5.07204296875,0.588859374999999,4.191546875
3.0555859375,-0.66402734375,0.34725,11.91169921875,-4.86715234375,-8.35785546875,-6.97740625,-18.6729140625,-5.244921875,-5.8885234375,-2.28489453125,-7.912765625,-11.1584609375,-8.42356640625,-1.4862109375,-0.864894531249999,-4.17126171875,-0.2978828125,-2.80898046875,-1.78373046875,-0.6872421875,7.0189921875,-3.62083984375,-0.24196875,1.69641796875,-3.12241015625,3.9759375,-6.74604296875,-0.197140625,3.296546875
4.1035859375,-0.10302734375,1.30025,12.71469921875,-4.16815234375,-7.95685546875,-6.92040625,-19.0859140625,-5.441921875,-5.5515234375,-2.73189453125,-7.686765625,-10.5204609375,-8.23956640625,-1.8782109375,-2.24789453125,-4.24026171875,-1.4288828125,-3.59298046875,-2.41373046875,-1.8762421875,3.0789921875,-4.55983984375,-1.24196875,0.73041796875,-4.41441015625,2.2299375,-8.34404296875,-0.884140625000001,3.176546875
5.4435859375,0.86797265625,3.22125,13.85069921875,-3.00215234375,-7.39185546875,-6.36840625,-18.3109140625,-4.234921875,-4.8825234375,-2.98289453125,-6.928765625,-8.8544609375,-7.65056640625,-2.1812109375,-3.76889453125,-4.18126171875,-2.2138828125,-4.22198046875,-3.05073046875,-3.1312421875,-0.0300078125000001,-5.65383984375,-2.19896875,-0.22258203125,-5.26641015625,0.5549375,-9.45604296875,-1.488140625,3.627546875
6.8615859375,1.95797265625,5.54625,15.08169921875,-1.53215234375,-6.78485546875,-5.45040625,-16.3909140625,-1.526921875,-3.9745234375,-3.06889453125,-6.003765625,-6.6634609375,-6.67556640625,-2.2982109375,-5.10989453125,-3.88226171875,-2.3948828125,-4.51298046875,-3.57073046875,-4.2042421875,-1.7130078125,-6.59783984375,-2.93496875,-1.09958203125,-5.95741015625,-0.7690625,-9.96304296875,-2.236140625,4.175546875
8.2235859375,2.96497265625,7.70625,16.36469921875,0.0848476562499999,-6.10885546875,-4.32840625,-13.7669140625,2.242078125,-2.8725234375,-2.97989453125,-5.144765625,-4.4944609375,-5.32756640625,-2.1442109375,-5.89789453125,-3.29026171875,-1.8348828125,-4.25898046875,-3.78273046875,-4.7752421875,-1.7790078125,-7.02883984375,-3.23896875,-1.76858203125,-6.64441015625,-1.5270625,-9.92804296875,-3.252140625,4.449546875
9.5695859375,3.93297265625,9.45425,17.89469921875,1.82284765625,-5.10685546875,-3.03440625,-11.0059140625,6.304078125,-1.4625234375,-2.54189453125,-4.289765625,-2.6704609375,-3.53056640625,-1.5612109375,-5.72289453125,-2.37026171875,-0.4748828125,-3.24498046875,-3.40273046875,-4.4802421875,-0.3610078125,-6.58483984375,-2.85196875,-1.96458203125,-7.19741015625,-1.5160625,-9.42004296875,-4.356140625,4.443546875
10.8235859375,4.85697265625,10.68325,19.74569921875,3.52984765625,-3.66985546875,-1.68240625,-8.7069140625,9.636078125,0.226476562499999,-1.71889453125,-3.370765625,-1.4474609375,-1.41456640625,-0.613210937499999,-4.54989453125,-1.36126171875,1.4091171875,-1.60398046875,-2.43273046875,-3.3232421875,1.9469921875,-5.31983984375,-1.84096875,-1.64858203125,-7.51541015625,-0.8480625,-8.64304296875,-5.331140625,4.261546875
11.6295859375,5.47097265625,11.22625,21.62569921875,4.79484765625,-2.11385546875,-0.59340625,-7.3789140625,11.237078125,1.8234765625,-0.80489453125,-2.482765625,-1.1394609375,0.52243359375,0.253789062500001,-2.93389453125,-0.855261718749999,3.1161171875,0.0190195312499997,-1.35673046875,-1.8882421875,4.1499921875,-3.87183984375,-0.78596875,-1.22858203125,-7.77541015625,-0.0800624999999999,-8.00404296875,-6.188140625,3.850546875
11.7135859375,5.57897265625,11.07925,23.12269921875,5.31484765625,-0.850855468749999,0.000593750000000615,-7.0859140625,10.767078125,2.9344765625,-0.10589453125,-1.544765625,-1.8324609375,1.80143359375,0.603789062500001,-1.58089453125,-1.32626171875,3.9951171875,0.93801953125,-0.73473046875,-0.9032421875,5.4279921875,-2.98583984375,-0.32996875,-1.20058203125,-8.16741015625,0.2189375,-7.74604296875,-6.935140625,3.194546875
11.2575859375,5.41797265625,10.62825,24.06469921875,5.28384765625,0.0731445312500005,0.270593750000001,-7.3079140625,8.891078125,3.5554765625,0.44510546875,-0.0337656249999989,-3.1444609375,2.39143359375,0.4667890625,-0.777894531249999,-2.66426171875,3.9451171875,0.98901953125,-0.68773046875,-0.6662421875,5.6739921875,-2.90883984375,-0.61696875,-1.65758203125,-8.54241015625,-0.0370624999999998,-7.62104296875,-7.275140625,2.618546875
10.7505859375,5.47097265625,10.40225,24.49669921875,5.23484765625,0.925144531250001,0.59559375,-7.3139140625,6.806078125,3.9884765625,1.12310546875,2.565234375,-4.4994609375,2.61543359375,0.2357890625,-0.386894531249999,-4.29226171875,3.3291171875,0.51101953125,-0.93873046875,-1.0142421875,5.3749921875,-3.36683984375,-1.28796875,-2.31758203125,-8.54941015625,-0.5050625,-7.12704296875,-6.793140625,2.622546875
10.5795859375,6.02497265625,10.67425,24.49769921875,5.61584765625,1.95214453125,1.16559375,-6.6729140625,5.458078125,4.5194765625,2.03010546875,6.036234375,-5.5734609375,2.79343359375,0.287789062500001,-0.189894531249999,-5.60126171875,2.5571171875,-0.0189804687500001,-1.13973046875,-1.6402421875,5.0949921875,-3.91983984375,-1.83396875,-2.85558203125,-8.01041015625,-0.7860625,-5.98604296875,-5.340140625,3.522546875
11.0095859375,7.18297265625,11.51325,24.27469921875,6.72684765625,3.37914453125,1.99059375,-5.3119140625,5.310078125,5.4224765625,3.14910546875,9.337234375,-6.2424609375,3.24143359375,0.955789062500001,0.0661054687500007,-6.10626171875,1.9951171875,-0.0759804687500001,-0.91573046875,-2.1702421875,5.2439921875,-4.07383984375,-1.68896875,-2.92658203125,-6.94641015625,-0.4810625,-4.21804296875,-3.029140625,5.396546875
12.3845859375,9.15697265625,13.10225,24.31669921875,8.89884765625,5.60814453125,3.18059375,-3.2909140625,6.572078125,7.1454765625,4.68110546875,11.227234375,-6.2474609375,4.45143359375,2.7117890625,0.846105468750001,-5.39326171875,2.0971171875,0.98301953125,0.28526953125,-2.0672421875,6.1319921875,-3.23883984375,-0.16296875,-2.02758203125,-5.34741015625,0.9269375,-1.87704296875,0.0318593749999998,8.258546875
14.9865859375,12.17297265625,15.66025,25.10269921875,12.35184765625,9.01214453125,4.93759375,-0.781914062499999,9.228078125,10.1044765625,7.00310546875,10.954234375,-5.2714609375,6.85143359375,5.9647890625,2.67410546875,-3.31426171875,3.2201171875,3.65201953125,2.97326953125,-0.8472421875,7.8339921875,-1.00383984375,3.24403125,0.29241796875,-3.22541015625,3.8279375,0.96095703125,3.717859375,11.966546875
18.6155859375,16.03697265625,19.01825,26.57369921875,16.80584765625,13.45314453125,7.27259375,1.7750859375,12.780078125,14.1994765625,10.24610546875,8.622234375,-3.3794609375,10.30843359375,10.5947890625,5.72510546875,-0.287261718749999,5.2161171875,7.78501953125,7.13826953125,1.5357578125,9.9619921875,2.43116015625,8.33503125,3.99341796875,-0.842410156250001,8.0299375,3.99495703125,7.610859375,15.991546875
22.5515859375,20.06197265625,22.53725,28.06869921875,21.46684765625,18.21314453125,9.93659375,3.7840859375,16.303078125,18.7274765625,14.12610546875,5.278234375,-1.1464609375,14.05543359375,15.8767890625,9.73510546875,2.87673828125,7.4441171875,12.57501953125,12.19026953125,4.6837578125,11.8019921875,6.28916015625,14.20003125,8.52341796875,1.41458984375,12.7619375,6.76695703125,11.082859375,19.601546875
25.9985859375,23.49397265625,25.49625,28.85569921875,25.48484765625,22.43914453125,12.63659375,4.8700859375,18.914078125,22.7954765625,18.16810546875,2.584234375,0.7225390625,17.17243359375,20.9027890625,14.27410546875,5.53373828125,9.2291171875,17.06001953125,17.35426953125,8.1327578125,12.7879921875,9.73016015625,19.74803125,13.23141796875,3.41658984375,17.1889375,8.98295703125,13.684859375,22.348546875
28.4045859375,25.80997265625,27.36425,28.57769921875,28.25184765625,25.46214453125,15.05959375,5.0090859375,20.074078125,25.6304765625,21.82010546875,1.891234375,1.7025390625,18.94843359375,24.8837890625,18.81610546875,7.43273828125,10.1261171875,20.47501953125,21.91126953125,11.4977578125,12.6609921875,12.15516015625,24.10603125,17.58041796875,5.30458984375,20.7299375,10.50695703125,15.258859375,24.171546875
29.4095859375,26.62397265625,27.73125,27.24669921875,29.30984765625,26.72314453125,16.69259375,4.3080859375,19.509078125,26.5674765625,24.32310546875,3.281234375,1.4335390625,18.87843359375,27.1017890625,22.52910546875,8.41273828125,9.7751171875,22.21001953125,25.08726953125,14.2447578125,11.2289921875,13.09316015625,26.59303125,20.95641796875,7.04358984375,22.9399375,11.02595703125,15.656859375,25.028546875
28.8425859375,25.68197265625,26.33825,25.12369921875,28.34984765625,25.81514453125,16.91359375,2.8750859375,17.178078125,25.1584765625,24.86910546875,5.539234375,-0.2444609375,16.72143359375,27.0047890625,24.39810546875,8.19673828125,7.8921171875,21.85201953125,26.13526953125,15.7177578125,8.3209921875,12.21016015625,26.76903125,22.67541796875,8.21858984375,23.4779375,10.06895703125,14.681859375,24.710546875
26.9435859375,23.15997265625,23.39425,22.71169921875,25.50484765625,22.84814453125,15.47459375,0.950085937500001,13.470078125,21.5504765625,23.15310546875,7.147234375,-3.0224609375,12.82343359375,24.6087890625,23.84110546875,6.63773828125,4.6071171875,19.52501953125,24.79326953125,15.5747578125,4.1599921875,9.64616015625,24.76603125,22.40841796875,8.40458984375,22.4019375,7.54495703125,12.464859375,23.138546875
24.3405859375,19.72197265625,19.61725,20.57669921875,21.42884765625,18.54414453125,12.73659375,-1.1209140625,9.167078125,16.5664765625,19.63510546875,7.223234375,-6.1094609375,8.12943359375,20.6057890625,21.09510546875,3.93773828125,0.6071171875,15.95301953125,21.51026953125,14.0337578125,-0.4890078125,6.10716015625,21.33803125,20.41241796875,7.50058984375,20.2419375,4.03995703125,9.597859375,20.559546875
21.5425859375,16.03197265625,15.70225,18.88869921875,16.83484765625,13.73014453125,9.29359375,-3.2239140625,4.943078125,11.1714765625,15.10110546875,5.614234375,-8.7334609375,3.60243359375,15.8517890625,16.88110546875,0.420738281250001,-3.3148828125,11.93501953125,17.03626953125,11.5127578125,-4.7730078125,2.35716015625,17.30403125,17.18441796875,5.57458984375,17.5139375,0.37095703125,6.654859375,17.246546875
18.5465859375,12.31897265625,11.85825,17.21869921875,12.08284765625,8.85414453125,5.54159375,-5.6269140625,0.993078125,5.9454765625,10.12710546875,2.556234375,-10.5964609375,-0.326566406250001,10.8457890625,11.88510546875,-3.70126171875,-6.7428828125,7.85001953125,11.93526953125,8.2297578125,-8.2720078125,-1.27783984375,13.04203125,13.05141796875,2.64458984375,14.2929375,-2.99904296875,3.744859375,13.218546875
15.1165859375,8.57697265625,7.99825,14.96469921875,7.33584765625,4.13314453125,1.75259375,-8.5959140625,-2.696921875,1.1504765625,5.10810546875,-1.413765625,-11.7414609375,-3.64356640625,5.8467890625,6.71310546875,-8.12526171875,-9.5738828125,3.78701953125,6.64126953125,4.3577578125,-10.9470078125,-4.78983984375,8.63503125,8.29741796875,-1.11141015625,10.4429375,-5.95804296875,0.727859375,8.495546875
11.2875859375,5.00297265625,4.21825,11.93869921875,2.93484765625,-0.0508554687499995,-1.65240625,-11.9029140625,-5.891921875,-2.9075234375,0.53110546875,-5.431765625,-12.2024609375,-6.33256640625,1.2297890625,2.04110546875,-12.19726171875,-11.7118828125,-0.0429804687500002,1.71626953125,0.3617578125,-12.8020078125,-8.07283984375,4.31103125,3.45941796875,-5.05941015625,6.0939375,-8.40004296875,-2.304140625,3.482546875
7.4285859375,1.95797265625,0.83825,8.49569921875,-0.64415234375,-3.20585546875,-4.21140625,-14.8809140625,-8.164921875,-5.8955234375,-3.12089453125,-8.655765625,-12.0224609375,-8.31156640625,-2.5492109375,-1.56889453125,-15.14026171875,-13.1028828125,-3.30998046875,-2.28373046875,-3.1112421875,-13.8560078125,-10.89483984375,0.45403125,-0.80458203125,-8.33041015625,1.6639375,-10.19704296875,-5.006140625,-1.128453125
3.9335859375,-0.36202734375,-1.89975,5.24769921875,-3.11215234375,-5.10585546875,-5.75740625,-16.8579140625,-9.277921875,-7.6925234375,-5.69289453125,-10.711765625,-11.4664609375,-9.62956640625,-5.2772109375,-4.01689453125,-16.52426171875,-13.9318828125,-5.84098046875,-5.15973046875,-5.6232421875,-14.2730078125,-13.11283984375,-2.68696875,-4.08158203125,-10.28841015625,-2.4360625,-11.34704296875,-7.080140625,-4.740453125
1.1145859375,-1.95902734375,-3.89075,2.83669921875,-4.42115234375,-5.84685546875,-6.46340625,-17.4659140625,-9.280921875,-8.3825234375,-7.32589453125,-11.684765625,-10.9104609375,-10.41456640625,-6.9972109375,-5.56689453125,-16.35226171875,-14.4608828125,-7.61998046875,-7.04273046875,-7.0162421875,-14.1950078125,-14.63283984375,-5.00296875,-6.22358203125,-10.63141015625,-5.8520625,-11.83504296875,-8.294140625,-6.906453125
-0.7514140625,-2.83002734375,-5.05275,1.76569921875,-4.63315234375,-5.65885546875,-6.64740625,-16.7269140625,-8.354921875,-8.0845234375,-8.19989453125,-11.779765625,-10.5604609375,-10.67556640625,-7.8012109375,-6.47389453125,-14.85626171875,-14.7008828125,-8.59598046875,-8.08173046875,-7.2172421875,-13.4800078125,-15.23183984375,-6.35896875,-7.11258203125,-9.22541015625,-8.1640625,-11.38104296875,-8.322140625,-7.200453125
-1.6284140625,-3.07602734375,-5.48675,2.05569921875,-4.04115234375,-4.93685546875,-6.75240625,-15.1659140625,-6.870921875,-7.0945234375,-8.56589453125,-11.260765625,-10.5184609375,-10.45056640625,-7.9062109375,-6.93489453125,-12.48726171875,-14.5158828125,-8.80798046875,-8.43573046875,-6.3072421875,-11.8980078125,-14.75583984375,-6.71796875,-6.76358203125,-6.19941015625,-9.0990625,-9.66604296875,-6.954140625,-5.460453125
-2.0114140625,-3.20202734375,-5.75375,2.99369921875,-3.37615234375,-4.42685546875,-7.40340625,-13.7769140625,-5.553921875,-6.1475234375,-8.96689453125,-10.610765625,-11.0664609375,-10.12956640625,-7.8762109375,-7.30289453125,-10.05726171875,-14.0068828125,-8.67498046875,-8.48673046875,-4.7572421875,-9.5860078125,-13.50383984375,-6.45596875,-5.63258203125,-2.23141015625,-8.9230625,-6.84204296875,-4.535140625,-2.230453125
-2.7004140625,-3.94402734375,-6.66775,3.51069921875,-3.52415234375,-4.95185546875,-9.11440625,-13.5209140625,-5.211921875,-6.1495234375,-10.03489453125,-10.372765625,-12.5544609375,-10.28856640625,-8.4062109375,-7.97889453125,-8.45126171875,-13.5048828125,-8.80398046875,-8.70373046875,-3.2542421875,-7.0590078125,-12.11083984375,-6.20096875,-4.48458203125,1.62858984375,-8.3180625,-3.55504296875,-1.914140625,1.355546875
-4.1684140625,-5.64802734375,-8.64875,2.92269921875,-4.86415234375,-6.77085546875,-11.77140625,-14.6539140625,-6.135921875,-7.4995234375,-11.92189453125,-10.695765625,-14.9114609375,-11.12156640625,-9.7292109375,-8.97589453125,-8.02226171875,-13.1158828125,-9.39298046875,-9.17973046875,-2.1732421875,-4.7170078125,-10.96383984375,-6.24696875,-3.81658203125,4.57958984375,-7.7680625,-0.39204296875,0.169859375,4.253546875
-6.3074140625,-8.04402734375,-11.46175,1.22869921875,-7.05715234375,-9.42585546875,-14.65740625,-16.6259140625,-7.955921875,-9.8385234375,-14.18989453125,-11.328765625,-17.5434609375,-12.26756640625,-11.4802109375,-9.89089453125,-8.44026171875,-12.5808828125,-10.06498046875,-9.58673046875,-1.4342421875,-2.6190078125,-9.96183984375,-6.36996875,-3.62758203125,6.34558984375,-7.2690625,2.43895703125,1.472859375,5.962546875
-8.8364140625,-10.72802734375,-14.64975,-1.28930078125,-9.56415234375,-12.33585546875,-17.13740625,-18.6559140625,-10.180921875,-12.5655234375,-16.39089453125,-12.200765625,-19.8554609375,-13.33356640625,-13.2442109375,-10.49189453125,-9.25326171875,-11.7418828125,-10.41698046875,-9.73373046875,-0.9762421875,-0.8000078125,-8.93983984375,-6.31396875,-3.82058203125,6.83658984375,-6.7110625,4.83295703125,1.983859375,6.324546875
-11.7234140625,-13.61302734375,-17.99375,-4.47530078125,-12.19215234375,-15.35085546875,-19.20840625,-20.2849140625,-12.696921875,-15.4025234375,-18.55789453125,-13.748765625,-21.7004609375,-14.38456640625,-15.0452109375,-11.11289453125,-10.39626171875,-10.9368828125,-10.53198046875,-9.96873046875,-1.1082421875,0.4369921875,-8.09083984375,-6.22896875,-4.56458203125,5.84558984375,-6.2510625,6.47895703125,1.613859375,5.236546875
-15.0484140625,-16.79202734375,-21.43175,-8.20730078125,-15.04915234375,-18.64385546875,-21.35240625,-21.3929140625,-15.645921875,-18.3925234375,-21.02889453125,-16.473765625,-23.2304609375,-15.81056640625,-17.1762109375,-12.34489453125,-12.09026171875,-10.7848828125,-10.85598046875,-10.88973046875,-2.2522421875,0.7209921875,-7.81683984375,-6.50396875,-6.09858203125,3.26258984375,-6.1650625,7.01695703125,0.294859375,2.760546875
-18.6984140625,-20.19502734375,-24.79875,-12.17530078125,-18.24615234375,-22.33585546875,-24.05640625,-22.0379140625,-19.062921875,-21.6355234375,-24.00989453125,-20.375765625,-24.5454609375,-17.93956640625,-19.8192109375,-14.53589453125,-14.47926171875,-11.7728828125,-11.82698046875,-12.86073046875,-4.5622421875,-0.1040078125,-8.42383984375,-7.42396875,-8.43658203125,-0.638410156250001,-6.5930625,6.29895703125,-1.843140625,-0.732453125
-22.3554140625,-23.60502734375,-27.87975,-15.98630078125,-21.82215234375,-26.40885546875,-27.59340625,-22.4859140625,-22.808921875,-25.2125234375,-27.49589453125,-24.967765625,-25.6964609375,-20.93056640625,-22.9912109375,-17.71189453125,-17.58426171875,-14.1428828125,-13.77498046875,-15.92973046875,-7.9462421875,-2.0240078125,-10.11183984375,-9.16196875,-11.45658203125,-5.32841015625,-7.6190625,4.35295703125,-4.606140625,-4.757453125
-25.6004140625,-26.77702734375,-30.50375,-19.31630078125,-25.69815234375,-30.70385546875,-31.92040625,-23.1919140625,-26.612921875,-29.1125234375,-31.31689453125,-29.646765625,-26.7744609375,-24.72956640625,-26.5862109375,-21.71889453125,-21.34626171875,-17.8758828125,-16.86398046875,-19.91773046875,-12.2222421875,-4.9290078125,-12.98783984375,-11.80496875,-15.05258203125,-10.27541015625,-9.3660625,1.33795703125,-7.822140625,-8.893453125
-27.7724140625,-29.24302734375,-32.31175,-21.75730078125,-29.37415234375,-34.65685546875,-36.43840625,-24.4159140625,-29.889921875,-32.8865234375,-34.93389453125,-33.757765625,-27.7124609375,-28.78356640625,-30.1202109375,-26.06689453125,-25.42526171875,-22.4208828125,-20.73598046875,-24.23873046875,-16.9272421875,-8.3260078125,-16.73083984375,-15.03796875,-18.90158203125,-14.83541015625,-11.6680625,-2.15604296875,-11.041140625,-12.562453125
-27.9164140625,-30.16302734375,-32.56375,-22.64930078125,-31.75215234375,-37.15185546875,-39.92040625,-25.8369140625,-31.661921875,-35.4475234375,-37.29889453125,-36.496765625,-28.0754609375,-31.89756640625,-32.5542109375,-29.78789453125,-29.03126171875,-26.5428828125,-24.26498046875,-27.78573046875,-21.1322421875,-11.1540078125,-20.33783984375,-17.88296875,-22.19658203125,-18.11241015625,-13.7560625,-4.97104296875,-13.333140625,-14.880453125
-25.2644140625,-28.72902734375,-30.52775,-21.37530078125,-31.62615234375,-37.02685546875,-41.05540625,-26.6909140625,-31.006921875,-35.5725234375,-37.32589453125,-37.173765625,-27.3424609375,-32.74756640625,-32.7442109375,-31.79189453125,-31.28026171875,-28.8298828125,-26.03398046875,-29.38073046875,-23.7962421875,-12.2490078125,-22.53583984375,-19.14196875,-23.98758203125,-19.32841015625,-14.6060625,-5.96104296875,-13.765140625,-15.119453125
-19.8734140625,-24.83902734375,-26.14875,-17.87630078125,-28.49615234375,-33.88585546875,-39.23340625,-26.2859140625,-27.733921875,-32.7375234375,-34.63989453125,-35.658765625,-25.3974609375,-30.70056640625,-30.2162109375,-31.49789453125,-31.77026171875,-28.4898828125,-25.19798046875,-28.50373046875,-24.3982421875,-11.1130078125,-22.56183984375,-18.20096875,-23.83658203125,-18.39241015625,-13.6740625,-4.84304296875,-12.167140625,-13.381453125
-12.7354140625,-19.25202734375,-20.22775,-12.77130078125,-22.89115234375,-28.37985546875,-34.84340625,-24.3249140625,-22.542921875,-27.4545234375,-29.81489453125,-32.416765625,-22.5974609375,-26.12256640625,-25.4412109375,-29.01889453125,-30.71226171875,-25.6458828125,-21.86598046875,-25.48773046875,-23.0902421875,-8.1560078125,-20.48783984375,-15.34396875,-22.00958203125,-15.94541015625,-11.1920625,-2.39804296875,-9.282140625,-10.628453125
-5.3284140625,-13.17702734375,-14.03875,-7.07530078125,-16.09015234375,-21.82485546875,-28.97440625,-20.9409140625,-16.646921875,-20.9515234375,-23.99589453125,-28.145765625,-19.4404609375,-20.06556640625,-19.5152109375,-24.88089453125,-28.59326171875,-21.0458828125,-16.86798046875,-21.15973046875,-20.3682421875,-4.3240078125,-16.96483984375,-11.43396875,-19.13358203125,-12.86941015625,-7.8810625,0.0819570312499991,-6.248140625,-8.036453125
0.7845859375,-7.92802734375,-8.93675,-1.98730078125,-9.72815234375,-15.77985546875,-23.04940625,-16.7309140625,-11.411921875,-14.7705234375,-18.51589453125,-23.607765625,-16.4244609375,-13.92756640625,-13.8082109375,-19.86089453125,-25.99726171875,-15.7958828125,-11.45898046875,-16.54573046875,-16.8782421875,-0.7320078125,-12.96683984375,-7.58096875,-15.93458203125,-9.96641015625,-4.6790625,1.38995703125,-4.115140625,-6.477453125
4.2005859375,-4.75602734375,-6.13775,1.23869921875,-5.46815234375,-11.76385546875,-18.55340625,-12.7529140625,-8.135921875,-10.4655234375,-14.69389453125,-19.724765625,-14.1514609375,-9.23556640625,-9.7602109375,-15.05689453125,-23.67526171875,-11.2418828125,-7.12698046875,-12.79773046875,-13.4802421875,1.5169921875,-9.67783984375,-4.98596875,-13.25258203125,-7.95841015625,-2.6350625,0.70595703125,-3.655140625,-6.409453125
4.1275859375,-4.45302734375,-6.31175,1.71669921875,-4.44115234375,-10.76285546875,-16.56540625,-10.1299140625,-7.600921875,-9.1045234375,-13.43289453125,-17.403765625,-13.1584609375,-7.18256640625,-8.4422109375,-11.64289453125,-22.39126171875,-8.5788828125,-5.13898046875,-10.89973046875,-11.0862421875,1.7099921875,-8.11883984375,-4.57996875,-11.84958203125,-7.34141015625,-2.5720625,-2.07204296875,-5.093140625,-7.800453125
0.9105859375,-6.79202734375,-9.10475,-0.497300781249999,-6.61015234375,-12.62585546875,-17.19540625,-9.3899140625,-9.550921875,-10.6675234375,-14.65889453125,-16.999765625,-13.4554609375,-7.99756640625,-9.9282109375,-10.27089453125,-22.42726171875,-8.2158828125,-5.88498046875,-11.11473046875,-10.1442421875,0.0259921875,-8.55983984375,-6.47096875,-11.93258203125,-8.00341015625,-4.5340625,-6.03804296875,-7.780140625,-9.978453125
-4.0594140625,-10.57602734375,-13.25775,-4.40830078125,-10.77215234375,-16.07985546875,-19.55440625,-10.1949140625,-12.771921875,-14.0325234375,-17.31489453125,-18.105765625,-14.4714609375,-10.85256640625,-13.2352109375,-10.78389453125,-23.38926171875,-9.6328828125,-8.72798046875,-12.86473046875,-10.4302421875,-2.5020078125,-10.40683984375,-9.86096875,-13.03258203125,-9.22041015625,-7.7080625,-9.61004296875,-10.422140625,-11.899453125
-9.1774140625,-14.44702734375,-17.43575,-8.77330078125,-15.35415234375,-19.56685546875,-22.40540625,-11.7159140625,-15.909921875,-17.7335234375,-20.10589453125,-19.978765625,-15.5924609375,-14.53756640625,-17.0332109375,-12.60489453125,-24.57326171875,-11.9618828125,-12.60798046875,-15.27573046875,-11.4282421875,-4.7510078125,-12.80983984375,-13.67196875,-14.47658203125,-10.24941015625,-11.0480625,-11.53004296875,-11.962140625,-12.886453125
-13.3644140625,-17.59502734375,-20.87675,-12.69730078125,-19.17315234375,-22.03985546875,-24.80440625,-13.1289140625,-18.153921875,-20.7245234375,-22.21689453125,-21.989765625,-16.5854609375,-18.11456640625,-20.3682109375,-15.15089453125,-25.37926171875,-14.5828828125,-16.66298046875,-17.71973046875,-12.7112421875,-6.1860078125,-15.23183984375,-17.15496875,-15.84858203125,-10.82841015625,-13.8840625,-11.57904296875,-12.236140625,-13.052453125
-16.0814140625,-19.68802734375,-23.27275,-15.56530078125,-21.53215234375,-23.06085546875,-26.18440625,-13.7699140625,-19.198921875,-22.5115234375,-23.36189453125,-23.590765625,-17.3824609375,-20.97856640625,-22.7412109375,-17.79689453125,-25.32126171875,-17.1048828125,-20.27998046875,-19.79473046875,-13.8702421875,-6.8290078125,-17.41783984375,-19.89396875,-16.89958203125,-11.01341015625,-15.9150625,-10.37204296875,-11.749140625,-12.916453125
-17.0714140625,-20.52502734375,-24.40775,-16.81630078125,-22.05715234375,-22.58685546875,-26.25740625,-13.1979140625,-18.954921875,-22.9935234375,-23.54589453125,-24.225765625,-17.7564609375,-22.70056640625,-23.9302109375,-19.79889453125,-23.98626171875,-19.1538828125,-22.95898046875,-21.14173046875,-14.3872421875,-6.8790078125,-19.15283984375,-21.60796875,-17.35958203125,-10.82441015625,-16.9830625,-8.73204296875,-11.071140625,-12.806453125
-16.4594140625,-20.13102734375,-24.24175,-16.14530078125,-20.81915234375,-21.02285546875,-25.17240625,-11.4339140625,-17.616921875,-22.5315234375,-23.11389453125,-23.636765625,-17.4954609375,-23.20856640625,-24.0952109375,-20.65189453125,-21.32426171875,-20.5188828125,-24.51298046875,-21.64173046875,-13.9542421875,-6.6120078125,-20.37383984375,-22.29796875,-17.15758203125,-10.30841015625,-17.1940625,-7.42304296875,-10.632140625,-12.804453125
-14.9284140625,-19.00002734375,-23.18375,-13.86030078125,-18.50615234375,-19.27585546875,-23.62640625,-9.0579140625,-15.831921875,-21.9635234375,-22.79889453125,-22.171765625,-16.7954609375,-22.97956640625,-23.9032109375,-20.50089453125,-17.88926171875,-21.3828828125,-25.29298046875,-21.65773046875,-12.8302421875,-6.4190078125,-21.35883984375,-22.43496875,-16.69058203125,-9.76141015625,-17.0810625,-7.13504296875,-10.784140625,-13.013453125
-13.4044140625,-17.88102734375,-21.90875,-10.76730078125,-16.07515234375,-18.29085546875,-22.44140625,-6.8169140625,-14.387921875,-22.1155234375,-23.29189453125,-20.504765625,-16.1664609375,-22.70756640625,-24.1322109375,-19.93289453125,-14.51226171875,-22.0978828125,-25.87298046875,-21.75573046875,-11.6452421875,-6.5660078125,-22.48183984375,-22.64996875,-16.56558203125,-9.56641015625,-17.3010625,-8.24104296875,-11.664140625,-13.544453125
-12.4654140625,-17.23802734375,-20.87975,-7.71330078125,-14.16115234375,-18.39985546875,-21.95640625,-5.1109140625,-13.673921875,-23.1775234375,-24.66389453125,-19.048765625,-15.9884609375,-22.73056640625,-25.0792109375,-19.41489453125,-11.73726171875,-22.7388828125,-26.50698046875,-22.19873046875,-10.8872421875,-6.9250078125,-23.78183984375,-23.23296875,-17.08858203125,-9.81541015625,-18.1390625,-10.52404296875,-12.984140625,-14.317453125
-12.1434140625,-17.09702734375,-20.20175,-5.33730078125,-12.90415234375,-19.23285546875,-21.91940625,-3.9509140625,-13.571921875,-24.6535234375,-26.37089453125,-17.831765625,-16.3294609375,-22.92356640625,-26.4632109375,-19.09889453125,-9.72426171875,-23.0898828125,-27.05098046875,-22.87373046875,-10.7492421875,-7.1590078125,-24.97283984375,-24.08696875,-18.18058203125,-10.34041015625,-19.4670625,-13.35404296875,-14.252140625,-15.172453125
-12.1714140625,-17.27402734375,-19.80775,-4.05830078125,-12.17315234375,-20.15385546875,-21.84940625,-3.2579140625,-13.774921875,-25.8315234375,-27.73689453125,-16.794765625,-17.0764609375,-23.01856640625,-27.8032109375,-18.99989453125,-8.51726171875,-22.9768828125,-27.28598046875,-23.60173046875,-11.3062421875,-7.1480078125,-25.77583984375,-25.03996875,-19.65658203125,-11.03541015625,-21.0480625,-16.14004296875,-15.191140625,-16.160453125
-12.1324140625,-17.44602734375,-19.48375,-3.90330078125,-11.66415234375,-20.52885546875,-21.25440625,-2.9439140625,-13.941921875,-26.0895234375,-28.19789453125,-15.870765625,-17.9444609375,-22.73656640625,-28.5912109375,-18.98389453125,-8.07826171875,-22.3238828125,-27.01598046875,-24.16773046875,-12.4472421875,-7.0000078125,-25.96583984375,-25.87196875,-21.24158203125,-11.83741015625,-22.5610625,-18.43304296875,-15.736140625,-17.409453125
-11.4794140625,-17.05102734375,-18.74475,-4.33830078125,-10.83115234375,-19.72085546875,-19.62840625,-2.7799140625,-13.655921875,-24.9065234375,-27.23489453125,-14.791765625,-18.4004609375,-21.69356640625,-28.2272109375,-18.57489453125,-8.05226171875,-20.9478828125,-25.91798046875,-24.10173046875,-13.6172421875,-6.7170078125,-25.17483984375,-26.07296875,-22.33258203125,-12.40841015625,-23.3830625,-19.71104296875,-15.680140625,-18.681453125
-9.8304140625,-15.56402734375,-17.10575,-4.60530078125,-9.16615234375,-17.32085546875,-16.65040625,-2.4909140625,-12.617921875,-22.0455234375,-24.52189453125,-13.194765625,-17.9454609375,-19.57456640625,-26.2322109375,-17.12889453125,-7.85926171875,-18.6458828125,-23.66498046875,-22.80173046875,-13.9682421875,-6.1420078125,-23.01383984375,-24.98596875,-22.13058203125,-12.15541015625,-22.7600625,-19.47104296875,-14.650140625,-19.337453125
-7.4234140625,-13.04702734375,-14.63875,-4.40830078125,-6.71415234375,-13.58085546875,-12.56240625,-2.0529140625,-11.039921875,-17.9095234375,-20.32989453125,-11.039765625,-16.6094609375,-16.55456640625,-22.7242109375,-14.38789453125,-7.12926171875,-15.5788828125,-20.35698046875,-20.04373046875,-12.9342421875,-5.2650078125,-19.52683984375,-22.34696875,-20.19858203125,-10.66341015625,-20.3790625,-17.64804296875,-12.520140625,-18.811453125
-5.0574140625,-10.21902734375,-12.05275,-4.09930078125,-4.13815234375,-9.39285546875,-8.12840625,-1.6589140625,-9.587921875,-13.4625234375,-15.52789453125,-8.686765625,-14.9464609375,-13.29556640625,-18.4632109375,-10.66389453125,-5.87726171875,-12.3078828125,-16.57898046875,-16.18073046875,-10.4992421875,-4.2720078125,-15.25683984375,-18.50796875,-16.71258203125,-7.91141015625,-16.5820625,-14.70604296875,-9.559140625,-16.930453125
-3.4134140625,-7.82502734375,-10.08375,-4.16730078125,-2.13115234375,-5.65085546875,-4.08240625,-1.3179140625,-8.755921875,-9.6205234375,-10.99789453125,-6.447765625,-13.4004609375,-10.39756640625,-14.3042109375,-6.43689453125,-4.20426171875,-9.2738828125,-12.89298046875,-11.76173046875,-6.9062421875,-3.1710078125,-10.76683984375,-14.04596875,-12.12958203125,-4.00541015625,-11.9620625,-11.17804296875,-6.101140625,-13.749453125
-2.5674140625,-6.12102734375,-8.94475,-4.73330078125,-0.93815234375,-2.76685546875,-0.74640625,-0.6949140625,-8.450921875,-6.8105234375,-7.19089453125,-4.305765625,-11.8914609375,-8.02356640625,-10.7392109375,-2.03189453125,-2.10526171875,-6.4798828125,-9.49598046875,-7.20573046875,-2.4132421875,-1.6160078125,-6.29183984375,-9.41296875,-6.86958203125,0.979589843749999,-6.9820625,-7.33504296875,-2.291140625,-9.433453125
-2.1924140625,-5.01202734375,-8.42475,-5.62230078125,-0.47815234375,-0.827855468749999,1.78759375,0.516085937500001,-8.244921875,-5.1315234375,-4.27689453125,-2.204765625,-10.0934609375,-6.12756640625,-8.0272109375,2.19910546875,0.269738281250001,-3.7728828125,-6.44998046875,-2.95273046875,2.5177578125,0.6909921875,-1.98083984375,-5.05596875,-1.45758203125,6.69058984375,-2.0850625,-3.38904296875,1.659859375,-4.492453125
-1.9934140625,-4.39202734375,-8.21875,-6.61330078125,-0.64415234375,0.111144531250001,3.40059375,2.2310859375,-7.800921875,-4.6205234375,-2.41389453125,-0.350765624999999,-7.8914609375,-4.77356640625,-6.3992109375,5.67910546875,2.45573828125,-1.2338828125,-3.97498046875,0.39526953125,7.0757578125,3.6069921875,1.80416015625,-1.55396875,3.35941796875,12.28458984375,2.1329375,0.249957031249999,5.254859375,0.117546874999999
-1.7874140625,-4.11102734375,-7.98375,-7.42130078125,-1.25915234375,0.155144531250001,4.07859375,4.1080859375,-6.918921875,-5.1195234375,-1.60989453125,1.013234375,-5.3904609375,-4.00556640625,-5.8672109375,7.90210546875,4.03773828125,0.9211171875,-2.29198046875,2.37926953125,10.4757578125,6.6739921875,4.65216015625,0.65503125,6.93041796875,16.82258984375,5.1599375,3.15795703125,7.978859375,3.453546875
-1.4414140625,-3.86202734375,-7.31675,-7.66530078125,-1.97815234375,-0.263855468749999,4.10059375,5.8640859375,-5.454921875,-6.1035234375,-1.53389453125,1.949234375,-2.7224609375,-3.63856640625,-6.0222109375,8.80210546875,5.06273828125,2.5851171875,-1.37198046875,3.02726953125,12.4057578125,9.4379921875,6.38816015625,1.58003125,9.06241796875,19.81358984375,6.8449375,5.15195703125,9.646859375,5.137546875
-1.0424140625,-3.43002734375,-6.05475,-7.15830078125,-2.52315234375,-0.665855468749999,3.82759375,7.3090859375,-3.512921875,-6.9535234375,-1.76689453125,2.687234375,-0.1104609375,-3.43956640625,-6.3242109375,8.63310546875,5.91273828125,3.6811171875,-1.09598046875,2.69026953125,12.9577578125,11.4719921875,6.98916015625,1.46903125,9.86241796875,21.24158984375,7.2269375,6.15495703125,10.303859375,5.336546875
-0.9914140625,-2.97902734375,-4.52975,-6.17030078125,-2.96715234375,-0.90385546875,3.37359375,8.2650859375,-1.610921875,-7.3775234375,-2.16989453125,3.275234375,2.0515390625,-3.41056640625,-6.5342109375,7.60910546875,6.86573828125,3.9991171875,-1.52498046875,1.65126953125,12.3007578125,12.3309921875,6.39816015625,0.47003125,9.40541796875,21.24958984375,6.2759375,5.99295703125,9.954859375,4.392546875
-1.6014140625,-2.78302734375,-3.27375,-5.15030078125,-3.51415234375,-1.04685546875,2.68659375,8.6670859375,-0.342921875,-7.3655234375,-2.77189453125,3.617234375,3.5175390625,-3.61956640625,-6.6722109375,5.93810546875,7.99173828125,3.4671171875,-2.69898046875,0.15226953125,10.6607578125,11.8689921875,4.73516015625,-1.27096875,7.79441796875,20.05858984375,4.0829375,4.65295703125,8.694859375,2.723546875
-2.6084140625,-2.75702734375,-2.50275,-4.25230078125,-4.09615234375,-1.01085546875,1.85959375,8.7110859375,0.141078125,-6.8925234375,-3.42589453125,3.760234375,4.5595390625,-3.82856640625,-6.6622109375,4.04610546875,9.31073828125,2.5241171875,-4.25398046875,-1.36473046875,8.5127578125,10.5779921875,2.60416015625,-3.27896875,5.45641796875,18.08758984375,1.2179375,2.67195703125,6.996859375,0.906546875
-3.3374140625,-2.52002734375,-2.09375,-3.32830078125,-4.41915234375,-0.60285546875,1.09159375,8.6430859375,0.118078125,-5.9355234375,-3.85989453125,3.825234375,5.7175390625,-3.61456640625,-6.3372109375,2.43610546875,10.73773828125,1.9191171875,-5.53898046875,-2.39273046875,6.4167578125,9.3009921875,0.86016015625,-4.88796875,3.02641796875,15.77358984375,-1.4440625,0.92395703125,5.520859375,-0.550453125
-3.3444140625,-1.91802734375,-1.99175,-2.31430078125,-4.38715234375,0.0901445312500005,0.383593750000001,8.4520859375,-0.142921875,-4.7705234375,-4.05789453125,3.703234375,7.1645390625,-2.85656640625,-5.7512109375,1.28010546875,11.91373828125,2.0841171875,-6.13998046875,-2.77673046875,4.6307578125,8.5219921875,-0.0138398437499996,-5.74196875,0.90141796875,13.25858984375,-3.3210625,-0.0440429687500004,4.574859375,-1.596453125
-2.6994140625,-1.17402734375,-2.29475,-1.34430078125,-4.18215234375,0.701144531250001,-0.42440625,7.9480859375,-0.554921875,-3.8835234375,-4.25289453125,3.144234375,8.5465390625,-1.85356640625,-5.1522109375,0.423105468750001,12.42073828125,2.8861171875,-6.07598046875,-2.73873046875,3.1267578125,8.1169921875,-0.103839843749999,-5.91796875,-0.83158203125,10.47858984375,-4.3370625,-0.28304296875,3.971859375,-2.572453125
-1.6674140625,-0.49402734375,-2.87375,-0.445300781249999,-3.90815234375,1.02914453125,-1.28740625,7.1410859375,-0.950921875,-3.5055234375,-4.49189453125,2.222234375,9.4585390625,-0.948566406250001,-4.6032109375,-0.183894531249999,12.25873828125,3.9671171875,-5.50598046875,-2.45373046875,1.9957578125,7.7359921875,0.30016015625,-5.56796875,-2.05358203125,7.60958984375,-4.6010625,-0.0900429687500006,3.439859375,-3.674453125
-0.4104140625,0.17497265625,-3.22175,0.591699218750001,-3.44815234375,1.23214453125,-1.85840625,6.2910859375,-0.996921875,-3.4545234375,-4.49189453125,1.442234375,9.8235390625,-0.303566406250001,-3.8912109375,-0.325894531249999,11.86373828125,5.0181171875,-4.56398046875,-1.86373046875,1.5527578125,7.1579921875,0.95516015625,-4.73396875,-2.49658203125,5.14858984375,-4.1860625,0.30695703125,2.893859375,-4.717453125
0.9015859375,0.90997265625,-2.83075,1.93069921875,-2.75615234375,1.48214453125,-1.86740625,5.5550859375,-0.506921875,-3.4825234375,-4.02389453125,1.287234375,9.7575390625,-0.0775664062500006,-2.9092109375,0.116105468750001,11.58973828125,5.6851171875,-3.55998046875,-0.97573046875,1.9457578125,6.2499921875,1.51816015625,-3.58496875,-2.08058203125,3.47158984375,-3.3010625,0.674957031249999,2.280859375,-5.423453125
1.9995859375,1.62297265625,-1.56075,3.48269921875,-2.04315234375,1.72714453125,-1.35540625,4.8330859375,0.375078125,-3.5345234375,-3.17989453125,1.868234375,9.3845390625,-0.493566406250001,-1.8572109375,0.944105468750001,11.40873828125,5.5721171875,-2.98998046875,-0.0337304687499999,2.9237578125,4.9469921875,1.51416015625,-2.52296875,-1.07058203125,2.58758984375,-2.3530625,0.755957031249999,1.498859375,-5.663453125
2.7245859375,2.25897265625,0.41425,5.08669921875,-1.50215234375,1.92714453125,-0.455406249999999,4.0770859375,1.434078125,-3.5515234375,-2.13589453125,3.094234375,8.9225390625,-1.50956640625,-0.919210937499999,1.90010546875,11.20273828125,4.5951171875,-3.09998046875,0.76626953125,4.1337578125,3.4739921875,0.69916015625,-1.82996875,0.24341796875,2.41058984375,-1.5970625,0.54395703125,0.638859374999999,-5.304453125
3.1235859375,2.92797265625,2.73525,6.64669921875,-1.07815234375,2.24914453125,0.81259375,3.5270859375,2.587078125,-3.3005234375,-0.92089453125,4.842234375,8.7015390625,-2.65556640625,-0.012210937499999,2.89910546875,11.08973828125,3.1541171875,-3.62698046875,1.48526953125,5.3957578125,2.3529921875,-0.72283984375,-1.44496875,1.78941796875,3.01158984375,-0.9580625,0.38695703125,0.0678593749999994,-4.147453125
3.1635859375,3.59097265625,4.74425,7.92369921875,-0.69815234375,2.79414453125,2.35259375,3.4860859375,3.670078125,-2.6555234375,0.36710546875,6.734234375,8.8235390625,-3.42956640625,0.9427890625,3.79310546875,11.24473828125,1.7311171875,-4.14998046875,2.15426953125,6.5267578125,1.9139921875,-2.39983984375,-1.25796875,3.44541796875,4.36258984375,-0.3690625,0.571957031249999,0.0228593749999995,-2.270453125
2.5305859375,3.82697265625,5.54425,8.40469921875,-0.52715234375,3.33214453125,3.80259375,4.0410859375,4.252078125,-1.8675234375,1.35110546875,8.022234375,8.9525390625,-3.72756640625,1.7057890625,4.15810546875,11.63773828125,0.4561171875,-4.54698046875,2.49926953125,7.1487578125,1.9229921875,-4.18583984375,-1.44196875,4.75841796875,6.05458984375,-0.0990625000000001,0.956957031249999,0.269859374999999,-0.273453125
0.9555859375,3.18397265625,4.56125,7.64669921875,-0.76915234375,3.55514453125,4.79659375,5.1380859375,3.916078125,-1.3105234375,1.67510546875,8.074234375,8.6755390625,-3.71656640625,1.9517890625,3.63910546875,12.17073828125,-0.7558828125,-4.90398046875,2.20526953125,6.9767578125,1.8949921875,-5.97683984375,-2.20696875,5.22741796875,7.53558984375,-0.4880625,1.21595703125,0.396859374999999,1.100546875
-1.3724140625,1.67597265625,2.06025,5.68469921875,-1.35215234375,3.46814453125,5.29459375,6.7400859375,2.657078125,-1.0875234375,1.41510546875,6.951234375,7.9675390625,-3.49056640625,1.6577890625,2.40410546875,12.91173828125,-1.8448828125,-5.18698046875,1.34126953125,6.1717578125,1.6469921875,-7.40883984375,-3.40196875,4.76041796875,8.51458984375,-1.4840625,1.30795703125,0.291859375,1.528546875
-3.9314140625,-0.29502734375,-1.07775,2.93269921875,-2.08415234375,3.24114453125,5.43259375,8.6200859375,0.771078125,-1.1155234375,0.90910546875,5.283234375,7.1195390625,-3.11356640625,1.0167890625,0.994105468750001,13.90173828125,-2.6458828125,-5.30198046875,0.25526953125,5.1387578125,1.3369921875,-8.04383984375,-4.62496875,3.61041796875,8.90458984375,-2.7110625,1.44195703125,0.114859374999999,1.104546875
-6.3304140625,-2.37902734375,-4.03675,-0.212300781249999,-3.01515234375,2.78614453125,5.12759375,10.1210859375,-1.515921875,-1.4895234375,0.26910546875,3.634234375,6.3265390625,-2.89056640625,0.0407890625000009,-0.210894531249999,14.82173828125,-3.1958828125,-5.39398046875,-0.85173046875,4.0367578125,1.0879921875,-7.81883984375,-5.65296875,1.97041796875,8.50658984375,-3.8930625,1.69295703125,-0.0991406250000004,-0.0424531249999998
-8.4244140625,-4.39202734375,-6.36675,-3.45130078125,-4.36915234375,1.78714453125,4.10959375,10.4290859375,-4.060921875,-2.4625234375,-0.68689453125,2.222234375,5.6065390625,-3.23356640625,-1.4312109375,-1.15689453125,15.17973828125,-3.6868828125,-5.75798046875,-2.00873046875,2.7347578125,0.8319921875,-7.07983984375,-6.52096875,-0.0945820312499996,7.09058984375,-4.9430625,1.90695703125,-0.502140625000001,-1.837453125
-10.0944140625,-6.07302734375,-7.82675,-6.40930078125,-6.14315234375,0.139144531250001,2.31159375,9.1870859375,-6.534921875,-4.0925234375,-2.05689453125,1.123234375,5.0445390625,-4.23656640625,-3.3872109375,-1.84089453125,14.84073828125,-4.1418828125,-6.45898046875,-3.18273046875,1.1937578125,0.4649921875,-6.20283984375,-7.23396875,-2.37258203125,4.78158984375,-5.7350625,1.93895703125,-1.154140625,-4.018453125
-11.2144140625,-7.09602734375,-8.29775,-8.71330078125,-7.98415234375,-1.88785546875,0.0285937500000006,6.7530859375,-8.444921875,-6.1275234375,-3.67789453125,0.420234375000001,4.7945390625,-5.58356640625,-5.5372109375,-2.20589453125,14.17773828125,-4.4068828125,-7.26698046875,-4.22573046875,-0.3802421875,-0.1180078125,-5.42283984375,-7.70596875,-4.48458203125,2.09358984375,-6.0850625,1.72595703125,-1.961140625,-6.161453125
-11.8254140625,-7.35402734375,-7.89975,-10.24630078125,-9.45615234375,-3.88085546875,-2.28340625,3.9340859375,-9.463921875,-8.2155234375,-5.29089453125,0.0892343750000011,4.8335390625,-6.84656640625,-7.5682109375,-2.28989453125,13.70873828125,-4.4438828125,-7.94398046875,-5.08873046875,-1.7522421875,-1.1180078125,-4.94383984375,-7.96196875,-6.15758203125,-0.419410156250001,-5.9920625,1.15795703125,-2.854140625,-7.953453125
-12.0204140625,-6.93302734375,-6.86275,-11.08030078125,-10.14015234375,-5.37485546875,-4.10240625,1.6780859375,-9.487921875,-9.9445234375,-6.56489453125,0.0852343750000011,4.9965390625,-7.61156640625,-9.1782109375,-2.18089453125,13.83773828125,-4.3378828125,-8.30698046875,-5.77973046875,-2.6992421875,-2.6170078125,-4.83983984375,-8.07096875,-7.24158203125,-2.30241015625,-5.5770625,0.19795703125,-3.738140625,-9.190453125
-11.5764140625,-5.75402734375,-5.17675,-11.10230078125,-9.51115234375,-5.72085546875,-4.79140625,0.891085937500001,-8.390921875,-10.6825234375,-6.94889453125,0.614234375000001,5.3205390625,-7.35856640625,-9.8812109375,-1.73089453125,14.88273828125,-3.9838828125,-8.00798046875,-6.04673046875,-2.8552421875,-4.2120078125,-4.77383984375,-7.80596875,-7.44758203125,-3.03341015625,-4.7360625,-0.811042968750001,-4.209140625,-9.491453125
-10.0144140625,-3.56602734375,-2.63375,-9.98330078125,-7.10215234375,-4.29385546875,-3.83740625,2.1280859375,-6.050921875,-9.7775234375,-5.88889453125,2.051234375,6.0595390625,-5.62956640625,-9.1422109375,-0.654894531249999,16.97973828125,-3.0898828125,-6.62698046875,-5.42773046875,-1.8442421875,-5.1550078125,-4.12683984375,-6.70896875,-6.41358203125,-2.11941015625,-3.1700625,-1.27604296875,-3.676140625,-8.372453125
-7.2104140625,-0.47402734375,0.63125,-7.66630078125,-3.07015234375,-1.09885546875,-1.37940625,5.1830859375,-2.779921875,-7.1645234375,-3.42389453125,4.403234375,7.2325390625,-2.57856640625,-6.9382109375,0.945105468750001,19.76273828125,-1.6698828125,-4.19798046875,-3.79973046875,0.2067578125,-5.0560078125,-2.62983984375,-4.67396875,-4.22158203125,0.401589843749999,-0.9170625,-0.976042968750001,-1.983140625,-5.812453125
-3.7934140625,2.77197265625,3.86525,-4.68630078125,1.60184765625,2.98514453125,1.66459375,9.1030859375,0.532078125,-3.6155234375,-0.39989453125,7.058234375,8.3735390625,0.873433593749999,-3.9842109375,2.37010546875,22.39073828125,-0.2738828125,-1.41798046875,-1.66573046875,2.5177578125,-4.2810078125,-0.69083984375,-2.26396875,-1.59658203125,3.77658984375,1.3709375,-0.338042968750001,0.293859374999999,-2.531453125
-0.7874140625,5.20697265625,6.12625,-1.87730078125,5.62484765625,6.75814453125,4.18859375,12.7750859375,2.954078125,-0.2275234375,2.11210546875,9.224234375,8.9105390625,3.64143359375,-1.2282109375,2.86010546875,24.14273828125,0.4441171875,0.85001953125,0.26026953125,4.2217578125,-3.5250078125,1.02116015625,-0.27596875,0.59941796875,7.04258984375,2.8959375,0.0249570312499996,2.319859375,0.483546875
0.9875859375,6.24797265625,6.85825,0.0876992187500001,8.09984765625,9.38514453125,5.54759375,15.4750859375,4.097078125,2.2304765625,3.49710546875,10.471234375,8.6075390625,5.16543359375,0.7487890625,2.19110546875,24.88373828125,0.2551171875,2.16301953125,1.58826953125,4.9557578125,-3.1910078125,2.12916015625,0.83603125,1.95641796875,9.60458984375,3.2949375,-0.111042968750001,3.605859375,2.589546875
1.1185859375,5.76097265625,5.94925,0.789699218750002,8.69384765625,10.51614453125,5.64659375,16.9170859375,4.099078125,3.4354765625,3.65210546875,10.773234375,7.4955390625,5.47743359375,1.7507890625,0.674105468750001,24.84573828125,-0.6768828125,2.50101953125,2.25326953125,4.8317578125,-3.3080078125,2.57016015625,1.00603125,2.51041796875,11.22458984375,2.6539375,-0.617042968750001,4.033859375,3.556546875
-0.4334140625,3.87897265625,3.53125,0.034699218750001,7.52284765625,10.09914453125,4.69059375,17.0910859375,3.277078125,3.3344765625,2.72410546875,10.291234375,5.6145390625,4.90043359375,1.7277890625,-1.17989453125,24.19473828125,-2.1018828125,1.98201953125,2.28126953125,4.0987578125,-3.7820078125,2.35716015625,0.32303125,2.42841796875,11.77558984375,1.2299375,-1.34804296875,3.616859375,3.368546875
-3.2024140625,1.07497265625,0.0452499999999998,-1.94030078125,5.17784765625,8.44914453125,3.11959375,16.2920859375,2.023078125,2.1884765625,1.09610546875,9.367234375,3.1255390625,3.94643359375,0.824789062500001,-2.74389453125,23.01673828125,-3.6758828125,0.87401953125,1.84426953125,3.1137578125,-4.4150078125,1.65816015625,-0.91996875,2.00441796875,11.32758984375,-0.5440625,-2.15004296875,2.549859375,2.303546875
-6.1834140625,-1.74202734375,-3.65375,-4.33430078125,2.68384765625,6.34614453125,1.59559375,15.1350859375,0.830078125,0.6504765625,-0.53889453125,8.524234375,0.5305390625,3.30043359375,-0.444210937499999,-3.27089453125,21.56573828125,-4.8288828125,-0.26798046875,1.42326953125,2.4217578125,-4.8110078125,0.95516015625,-2.09896875,1.76741796875,10.36158984375,-1.9810625,-2.68604296875,1.386859375,1.067546875
-8.3114140625,-3.63402734375,-6.64675,-6.20430078125,1.00784765625,4.67614453125,0.69659375,14.2470859375,0.0710781249999999,-0.5435234375,-1.47889453125,8.127234375,-1.5144609375,3.48643359375,-1.4352109375,-2.24089453125,20.16673828125,-4.9898828125,-0.84598046875,1.55626953125,2.4777578125,-4.5720078125,0.81616015625,-2.56196875,2.21441796875,9.52958984375,-2.4590625,-2.59704296875,0.771859374999999,0.448546875
-9.1034140625,-4.22702734375,-8.45075,-7.08430078125,0.48284765625,3.90414453125,0.58359375,13.9280859375,-0.262921875,-1.0265234375,-1.44189453125,8.113234375,-2.6284609375,4.49443359375,-1.7842109375,0.233105468750001,18.91973828125,-4.0018828125,-0.62298046875,2.40926953125,3.2587578125,-3.6410078125,1.45216015625,-2.11196875,3.37841796875,9.15558984375,-1.9130625,-1.82904296875,0.940859375,0.742546874999999
-8.7324140625,-3.75202734375,-9.04375,-7.08030078125,0.84984765625,4.03714453125,1.12859375,14.2310859375,-0.357921875,-0.7835234375,-0.51489453125,8.291234375,-2.7574609375,5.94543359375,-1.4062109375,3.52510546875,17.75973828125,-2.1098828125,0.29201953125,3.79726953125,4.3507578125,-2.2250078125,2.71116015625,-1.00896875,4.88041796875,9.14158984375,-0.7990625,-0.595042968750001,1.660859375,1.650546875
-7.6064140625,-2.56802734375,-8.48075,-6.44730078125,1.79084765625,5.00614453125,2.30159375,15.2430859375,-0.151921875,0.2044765625,1.22410546875,8.845234375,-1.9024609375,7.58343359375,-0.1952109375,7.01310546875,16.77273828125,0.3841171875,1.78801953125,5.53526953125,5.4017578125,-0.4700078125,4.40716015625,0.41703125,6.33141796875,9.24558984375,0.3649375,0.954957031249999,2.588859375,2.646546875
-6.1404140625,-0.96002734375,-6.80375,-5.37230078125,3.15784765625,6.74414453125,4.15859375,17.0210859375,0.616078125,1.9664765625,3.72110546875,10.210234375,-0.1274609375,9.35443359375,1.9047890625,10.23410546875,16.17673828125,3.1751171875,3.75201953125,7.46426953125,6.2197578125,1.5279921875,6.35816015625,1.88303125,7.44441796875,9.18258984375,1.2039375,2.73195703125,3.424859375,3.202546875
-4.8844140625,0.65397265625,-4.36075,-4.15430078125,4.71184765625,8.87914453125,6.45559375,19.2500859375,1.911078125,4.1674765625,6.54810546875,12.419234375,2.1175390625,11.01343359375,4.4667890625,12.62310546875,15.94073828125,5.6961171875,5.73301953125,9.12926953125,6.4757578125,3.3659921875,8.11016015625,2.90903125,7.77341796875,8.44758984375,1.3099375,4.37295703125,3.736859375,2.728546875
-4.4524140625,1.70397265625,-1.87175,-3.27230078125,6.00184765625,10.69314453125,8.56259375,21.2160859375,3.223078125,6.0394765625,8.84910546875,14.861234375,4.0285390625,11.99343359375,6.5607890625,13.52510546875,15.70073828125,7.1751171875,6.96501953125,9.81026953125,5.6957578125,4.3299921875,8.98616015625,2.88303125,6.76441796875,6.49058984375,0.2849375,5.25295703125,3.054859375,0.770546875
-5.0744140625,1.87997265625,-0.0227500000000003,-3.08730078125,6.65184765625,11.59714453125,9.88559375,22.2380859375,3.961078125,6.8704765625,9.86610546875,16.762234375,4.9895390625,11.84543359375,7.3487890625,12.68210546875,15.15773828125,7.1861171875,6.93601953125,9.08126953125,3.7437578125,3.9209921875,8.61916015625,1.57803125,4.29041796875,3.29758984375,-1.8160625,5.00895703125,1.354859375,-2.464453125
-6.4064140625,1.32497265625,0.81725,-3.63330078125,6.55184765625,11.44414453125,10.20359375,22.0180859375,3.806078125,6.4164765625,9.38510546875,17.623234375,4.9365390625,10.60943359375,6.6057890625,10.51010546875,14.34673828125,5.9751171875,5.78801953125,7.19526953125,1.1047578125,2.2319921875,7.27416015625,-0.56396875,0.95741796875,-0.364410156250001,-4.3270625,3.86895703125,-0.739140625,-5.950453125
-7.9214140625,0.28397265625,0.41825,-4.79030078125,5.62684765625,10.29614453125,9.52759375,20.5860859375,2.616078125,4.7874765625,7.61110546875,17.115234375,4.1185390625,8.65843359375,4.6127890625,7.76010546875,13.43273828125,4.1551171875,4.06501953125,4.81026953125,-1.4312421875,-0.2700078125,5.54116015625,-2.80196875,-2.26258203125,-3.41641015625,-6.4160625,2.37595703125,-2.399140625,-8.422453125
-9.3474140625,-1.23902734375,-1.44575,-6.44730078125,3.66984765625,8.14814453125,7.92059375,18.1570859375,0.304078125,2.2204765625,4.89910546875,14.950234375,2.7535390625,6.42043359375,1.8517890625,5.07710546875,12.47773828125,2.2681171875,2.30201953125,2.55926953125,-3.2112421875,-3.0880078125,3.91016015625,-4.54996875,-4.54958203125,-5.06541015625,-7.5650625,0.997957031249999,-3.108140625,-9.043453125
-10.6124140625,-3.26902734375,-4.68775,-8.34130078125,0.61484765625,5.10514453125,5.61759375,15.1900859375,-2.907921875,-0.861523437500001,1.78810546875,11.229234375,1.0685390625,4.37443359375,-1.0462109375,2.97710546875,11.58873828125,0.7491171875,0.96601953125,0.97926953125,-3.7852421875,-5.7090078125,2.76116015625,-5.41996875,-5.35658203125,-4.92941015625,-7.5400625,0.137957031249999,-2.680140625,-7.555453125
-11.6354140625,-5.55202734375,-8.62575,-9.95930078125,-3.18315234375,1.58714453125,3.13059375,12.3790859375,-6.330921875,-3.8285234375,-1.00389453125,6.794234375,-0.5954609375,3.02543359375,-3.3742109375,1.90710546875,11.03673828125,-0.0248828125,0.44701953125,0.50326953125,-2.8812421875,-7.6070078125,2.41516015625,-5.13696875,-4.41058203125,-2.94841015625,-6.2310625,0.212957031249999,-1.106140625,-4.157453125
-12.4414140625,-7.73402734375,-12.30175,-10.87830078125,-7.16515234375,-1.90985546875,0.920593750000001,10.2940859375,-9.216921875,-6.2255234375,-2.99989453125,2.883234375,-2.0184609375,2.49343359375,-4.7892109375,1.93010546875,10.96773828125,-0.00788281250000011,0.74601953125,1.13926953125,-0.6842421875,-8.5890078125,2.86416015625,-3.79596875,-1.98258203125,0.446589843749999,-3.8310625,1.35995703125,1.303859375,0.442546875
-13.3534140625,-9.71102734375,-15.05375,-11.15930078125,-10.96615234375,-5.18685546875,-0.978406249999999,9.0540859375,-11.329921875,-8.1535234375,-4.35989453125,0.375234375000001,-3.3494609375,2.20243359375,-5.6562109375,2.44110546875,11.06973828125,0.2681171875,1.23601953125,2.21526953125,1.9737578125,-9.0950078125,3.53116015625,-2.08896875,0.95541796875,4.24258984375,-1.0380625,3.13795703125,3.796859375,5.050546875
-14.7274140625,-11.54602734375,-16.63575,-11.21930078125,-14.39115234375,-8.23185546875,-2.81740625,8.4420859375,-12.946921875,-10.0615234375,-5.65389453125,-0.541765624999999,-4.8584609375,1.23843359375,-6.7192109375,2.47910546875,10.78673828125,0.0201171874999999,1.04401953125,2.73926953125,4.0057578125,-9.9130078125,3.60316015625,-0.93096875,3.18941796875,7.26158984375,1.2709375,4.75195703125,5.527859375,8.482546875
-16.5304140625,-13.12002734375,-16.98975,-11.40930078125,-17.14115234375,-10.86885546875,-4.71140625,8.2450859375,-14.413921875,-12.2145234375,-7.29189453125,-0.227765624999999,-6.4874609375,-0.938566406250001,-8.4352109375,1.38410546875,9.79673828125,-1.1858828125,-0.27698046875,2.06626953125,4.7217578125,-11.5820078125,2.64016015625,-0.83096875,3.97041796875,8.78658984375,2.6129375,5.59595703125,6.107859375,10.168546875
-18.3704140625,-14.16702734375,-16.23975,-11.87230078125,-18.88115234375,-12.81185546875,-6.52640625,8.3170859375,-15.896921875,-14.5205234375,-9.33189453125,0.558234375000001,-7.8724609375,-4.22656640625,-10.7402109375,-0.975894531249999,8.11773828125,-3.2828828125,-2.56598046875,0.11726953125,3.9787578125,-14.1900078125,0.73716015625,-1.71896875,3.20441796875,8.67958984375,3.0039375,5.43395703125,5.663859375,10.191546875
-19.9024140625,-14.63602734375,-14.87375,-12.69430078125,-19.57415234375,-14.02285546875,-8.10440625,8.4500859375,-17.433921875,-16.7585234375,-11.68789453125,0.777234375000001,-8.7604609375,-8.10456640625,-13.3062109375,-4.39889453125,5.85773828125,-5.9748828125,-5.36798046875,-2.86273046875,1.9067578125,-17.5490078125,-1.75683984375,-3.26796875,1.15541796875,7.06658984375,2.6339375,4.22595703125,4.498859375,8.890546875
-20.9704140625,-14.71502734375,-13.57775,-13.87830078125,-19.49415234375,-14.73685546875,-9.31040625,8.4960859375,-18.861921875,-18.6385234375,-14.13489453125,-0.381765624999999,-9.1474609375,-11.80856640625,-15.6782109375,-8.41589453125,3.17773828125,-8.8528828125,-8.13298046875,-6.40173046875,-1.1942421875,-21.2450078125,-4.39283984375,-5.06296875,-1.72358203125,4.23358984375,1.7459375,2.14895703125,2.951859375,6.687546875
-21.4094140625,-14.50302734375,-12.75675,-15.17030078125,-18.88515234375,-15.10185546875,-9.86440625,8.6220859375,-19.657921875,-19.6635234375,-16.09189453125,-2.797765625,-9.0714609375,-14.35856640625,-17.2052109375,-12.16089453125,0.482738281250001,-11.3038828125,-10.18498046875,-9.70173046875,-4.6892421875,-24.5440078125,-6.54483984375,-6.52596875,-4.70958203125,0.773589843749999,0.7849375,-0.231042968750001,1.522859375,4.202546875
-21.0524140625,-13.94802734375,-12.40675,-16.21530078125,-17.85715234375,-15.08685546875,-9.45040625,9.1940859375,-19.212921875,-19.3175234375,-16.77389453125,-5.371765625,-8.5774609375,-14.89256640625,-17.2632109375,-14.61889453125,-1.68526171875,-12.6938828125,-10.92798046875,-11.86973046875,-7.7602421875,-26.6520078125,-7.62183984375,-7.09396875,-7.02358203125,-2.56541015625,0.2559375,-2.15804296875,0.702859374999999,2.062546875
-20.0564140625,-13.20802734375,-12.48575,-16.97330078125,-16.67015234375,-14.80885546875,-8.13640625,10.2850859375,-17.445921875,-17.5735234375,-15.79589453125,-6.817765625,-7.9664609375,-13.27056640625,-15.7962109375,-15.26389453125,-3.08826171875,-12.8678828125,-10.33898046875,-12.49973046875,-9.9332421875,-27.2880078125,-7.55583984375,-6.70696875,-8.36758203125,-5.39541015625,0.2449375,-3.28004296875,0.475859375,0.404546875
-19.0024140625,-12.78202734375,-13.14575,-17.82130078125,-15.83615234375,-14.67285546875,-6.50640625,11.4690859375,-15.063921875,-15.0935234375,-13.50189453125,-6.489765625,-7.7714609375,-10.26456640625,-13.4882109375,-14.37089453125,-3.93926171875,-12.2828828125,-9.06398046875,-11.92173046875,-11.3142421875,-26.8560078125,-6.91583984375,-5.91896875,-9.08858203125,-7.87241015625,0.2589375,-3.89204296875,0.207859374999999,-1.258453125
-18.5324140625,-13.15002734375,-14.51575,-19.14330078125,-15.79715234375,-15.03585546875,-5.29540625,12.1220859375,-13.120921875,-12.8095234375,-10.65789453125,-4.597765625,-8.3094609375,-7.05256640625,-11.2942109375,-12.66089453125,-4.54826171875,-11.5468828125,-7.90998046875,-10.80173046875,-12.2322421875,-25.9630078125,-6.40983984375,-5.40696875,-9.71758203125,-10.28441015625,-0.3140625,-4.54604296875,-0.838140625,-3.518453125
-19.0234140625,-14.45402734375,-16.50175,-21.01130078125,-16.67615234375,-15.95785546875,-5.03240625,11.7630859375,-12.484921875,-11.4615234375,-8.05089453125,-2.041765625,-9.4224609375,-4.66356640625,-9.9392109375,-10.84789453125,-5.03226171875,-11.0028828125,-7.37698046875,-9.70373046875,-12.8862421875,-24.9540078125,-6.43583984375,-5.52996875,-10.52058203125,-12.65441015625,-1.7560625,-5.61004296875,-3.001140625,-6.578453125
-20.6404140625,-16.63202734375,-18.93975,-23.29530078125,-18.41515234375,-17.37385546875,-6.02240625,10.1060859375,-13.648921875,-11.5065234375,-6.39689453125,-0.178765624999999,-10.7734609375,-3.82156640625,-9.8542109375,-9.54189453125,-5.46926171875,-10.8258828125,-7.68898046875,-9.06973046875,-13.4022421875,-23.9940078125,-7.13583984375,-6.39996875,-11.53758203125,-14.81941015625,-4.0670625,-7.26404296875,-6.235140625,-10.289453125
-23.3794140625,-19.57002734375,-21.72175,-25.83330078125,-20.89315234375,-19.25185546875,-8.33340625,7.1310859375,-16.635921875,-13.0745234375,-6.23689453125,-0.274765624999999,-12.1884609375,-4.87156640625,-11.1902109375,-9.19689453125,-6.01926171875,-11.1968828125,-8.93298046875,-9.23873046875,-13.9272421875,-23.2840078125,-8.54483984375,-8.04296875,-12.73758203125,-16.60341015625,-7.1130625,-9.58004296875,-10.279140625,-14.356453125
-26.8094140625,-22.87802734375,-24.52775,-28.30330078125,-23.67315234375,-21.31685546875,-11.49440625,3.3840859375,-20.749921875,-15.6885234375,-7.49589453125,-2.614765625,-13.5564609375,-7.45556640625,-13.5442109375,-9.75489453125,-6.63826171875,-12.1238828125,-10.84898046875,-10.13673046875,-14.3582421875,-22.9490078125,-10.42383984375,-10.21896875,-13.84158203125,-17.63641015625,-10.4660625,-12.31804296875,-14.542140625,-18.250453125
-29.9504140625,-25.73202734375,-26.64175,-30.16530078125,-25.85415234375,-22.81085546875,-14.37840625,0.0430859375000008,-24.615921875,-18.1695234375,-9.24089453125,-6.086765625,-14.6174609375,-10.42056640625,-15.8372109375,-10.46289453125,-6.82926171875,-13.2488828125,-12.67798046875,-11.07773046875,-14.1582421875,-22.8690078125,-12.14183984375,-12.26396875,-14.20658203125,-17.24241015625,-13.3160625,-14.81704296875,-18.064140625,-21.138453125
-31.7474140625,-27.27502734375,-27.32675,-31.00830078125,-26.49215234375,-22.86485546875,-15.69740625,-1.6019140625,-26.857921875,-19.1925234375,-10.14789453125,-8.841765625,-15.1344609375,-12.38956640625,-16.8232109375,-10.35989453125,-5.97326171875,-14.1308828125,-13.56298046875,-11.18673046875,-12.7362421875,-22.8870078125,-13.06683984375,-13.44896875,-13.22458203125,-14.84641015625,-14.8910625,-16.39404296875,-19.969140625,-22.279453125
-31.6674140625,-27.16602734375,-26.33475,-30.87930078125,-25.17815234375,-21.06685546875,-14.69140625,-0.820914062499999,-26.846921875,-18.0205234375,-9.26489453125,-9.423765625,-15.1494609375,-12.52456640625,-15.7892109375,-8.96189453125,-3.86226171875,-14.6378828125,-13.10398046875,-10.01573046875,-9.9852421875,-23.0630078125,-13.03783984375,-13.48196875,-10.83058203125,-10.50741015625,-14.9680625,-16.82904296875,-19.992140625,-21.480453125
-29.7304140625,-25.51802734375,-23.88575,-30.02730078125,-22.08015234375,-17.50685546875,-11.25940625,2.3960859375,-24.737921875,-14.6415234375,-6.24589453125,-7.303765625,-14.7544609375,-10.68356640625,-12.6812109375,-6.34389453125,-0.74326171875,-14.8018828125,-11.36798046875,-7.60673046875,-6.2692421875,-23.4550078125,-12.26283984375,-12.45196875,-7.42158203125,-4.88341015625,-13.7780625,-16.26504296875,-18.379140625,-18.999453125
-26.1064140625,-22.44802734375,-20.25075,-28.39230078125,-17.55515234375,-12.40785546875,-5.65040625,7.6000859375,-20.971921875,-9.4255234375,-1.12189453125,-2.688765625,-13.6764609375,-7.07756640625,-7.7702109375,-2.72489453125,3.05073828125,-14.3968828125,-8.48498046875,-4.10173046875,-1.9892421875,-23.7110078125,-10.83083984375,-10.38996875,-3.36358203125,1.24558984375,-11.5150625,-14.76604296875,-15.411140625,-15.103453125
-21.0164140625,-18.00602734375,-15.67275,-25.63030078125,-12.02815234375,-6.06885546875,1.65459375,13.9980859375,-16.034921875,-2.9575234375,5.73310546875,3.726234375,-11.4054609375,-2.13256640625,-1.5332109375,1.69510546875,7.22073828125,-12.9538828125,-4.56898046875,0.36526953125,2.5597578125,-23.1740078125,-8.61283984375,-7.20796875,1.15341796875,7.17858984375,-8.2000625,-12.26704296875,-11.286140625,-10.022453125
-14.9934140625,-12.53402734375,-10.63775,-21.68030078125,-6.17615234375,0.849144531250001,9.79859375,20.3780859375,-10.591921875,3.8444765625,13.39310546875,10.810234375,-7.7864609375,3.36943359375,5.1767890625,6.53110546875,11.30073828125,-10.2478828125,0.00301953124999965,5.41326953125,6.9537578125,-21.4340078125,-5.61383984375,-3.04796875,5.82041796875,12.14858984375,-4.0090625,-8.94304296875,-6.422140625,-4.299453125
-8.8644140625,-6.74002734375,-5.83375,-17.06130078125,-0.82815234375,7.36914453125,17.64259375,25.3220859375,-5.405921875,9.8884765625,20.54310546875,17.302234375,-3.2534609375,8.43043359375,11.2757890625,11.20410546875,14.69473828125,-6.5018828125,4.58901953125,10.39626953125,10.6477578125,-18.5510078125,-2.09683984375,1.61103125,10.13841796875,15.41158984375,0.6179375,-5.28604296875,-1.512140625,1.157546875
-3.2844140625,-1.24502734375,-1.65075,-12.52830078125,3.53584765625,12.70914453125,24.22459375,27.7840859375,-0.922921875,14.4394765625,26.10010546875,22.359234375,1.5825390625,12.38343359375,16.0087890625,15.30410546875,17.03373828125,-2.0748828125,8.70501953125,14.78626953125,13.3347578125,-14.7360078125,1.70516015625,6.29903125,13.73841796875,16.66558984375,5.2769375,-1.70804296875,2.864859375,5.525546875
1.5695859375,3.73797265625,2.09225,-8.60230078125,7.03584765625,16.62714453125,29.04259375,27.5360859375,2.917078125,17.3914765625,29.62610546875,25.766234375,6.3645390625,15.19343359375,19.2437890625,18.75910546875,18.33073828125,2.7921171875,12.27201953125,18.40826953125,15.1337578125,-10.1010078125,5.75816015625,10.78503125,16.56941796875,16.22058984375,9.7869375,1.71895703125,6.502859375,8.423546875
5.8295859375,8.22997265625,5.84825,-5.42230078125,10.11284765625,19.26914453125,31.95059375,25.1560859375,6.394078125,19.0564765625,31.20810546875,27.618234375,10.9685390625,17.22843359375,21.2307890625,21.59410546875,18.74573828125,7.8551171875,15.39801953125,21.25426953125,16.3367578125,-4.7780078125,10.02416015625,14.91403125,18.70241796875,14.70458984375,14.0079375,5.09695703125,9.422859375,9.856546875
9.7245859375,12.29997265625,9.96825,-2.77030078125,13.20384765625,20.99614453125,33.10059375,21.8170859375,9.758078125,19.9334765625,31.26510546875,28.108234375,15.3765390625,18.99443359375,22.3347890625,23.78210546875,18.43873828125,12.8051171875,18.19201953125,23.36626953125,17.2217578125,0.9749921875,14.35816015625,18.52903125,20.21741796875,12.80858984375,17.7709375,8.54795703125,11.770859375,10.156546875
13.6225859375,16.19197265625,14.67525,-0.0833007812499993,16.74284765625,22.49114453125,33.12359375,19.0340859375,13.332078125,20.7644765625,30.61110546875,27.750234375,19.7355390625,21.14743359375,23.1067890625,25.46310546875,17.76373828125,17.5091171875,20.89901953125,25.01826953125,18.1847578125,6.9689921875,18.74416015625,21.70903125,21.42641796875,11.36358984375,21.1359375,12.34395703125,13.987859375,10.111546875
17.9905859375,20.34197265625,20.05125,3.30469921875,21.13684765625,24.69014453125,33.09259375,18.1480859375,17.528078125,22.4474765625,30.32210546875,27.476234375,24.2995390625,24.37543359375,24.2607890625,27.02510546875,17.30573828125,22.0901171875,23.92501953125,26.72926953125,19.7237578125,13.1229921875,23.35916015625,24.81503125,22.88941796875,11.25958984375,24.4429375,16.87695703125,16.741859375,10.803546875
22.9615859375,24.95297265625,25.76825,7.61969921875,26.41184765625,28.19914453125,33.94059375,19.6130859375,22.466078125,25.5044765625,31.14210546875,28.093234375,29.0365390625,28.88543359375,26.2187890625,28.68910546875,17.45073828125,26.5501171875,27.41101953125,28.79126953125,21.9797578125,19.1129921875,28.15716015625,28.03103125,24.91641796875,12.91458984375,27.8349375,22.18495703125,20.344859375,12.900546875
28.0375859375,29.63497265625,30.94525,12.38569921875,31.97684765625,32.79714453125,35.87259375,22.6830859375,27.675078125,29.6574765625,32.99310546875,29.619234375,33.4095390625,34.06843359375,28.7457890625,30.14310546875,18.02773828125,30.4431171875,30.92101953125,30.87926953125,24.4067578125,24.1639921875,32.54316015625,30.97603125,27.15141796875,15.87258984375,30.8589375,27.62295703125,24.293859375,16.106546875
32.3765859375,33.66497265625,34.58725,16.81769921875,36.94884765625,37.63514453125,38.40059375,25.9290859375,32.379078125,34.0744765625,35.21210546875,31.261234375,36.7425390625,38.86343359375,31.2167890625,30.81510546875,18.56373828125,33.1731171875,33.74601953125,32.35726953125,26.1397578125,27.4539921875,35.71716015625,33.00003125,28.86341796875,19.13858984375,32.7679375,32.20395703125,27.577859375,19.423546875
35.3475859375,36.50997265625,36.19125,20.38869921875,40.65584765625,41.81314453125,40.79659375,28.0990859375,36.014078125,37.9294765625,37.12910546875,32.004234375,38.7475390625,42.41943359375,33.1457890625,30.44210546875,18.78073828125,34.5001171875,35.46701953125,32.87926953125,26.6487578125,28.6849921875,37.26416015625,33.76103125,29.58141796875,21.85758984375,33.1379375,35.22795703125,29.376859375,21.864546875
36.6905859375,37.94497265625,35.85725,22.91469921875,42.72484765625,44.63514453125,42.37759375,28.5810859375,38.322078125,40.6154765625,38.29110546875,31.142234375,39.5455390625,44.32243359375,34.3017890625,29.20410546875,18.66973828125,34.5821171875,36.04401953125,32.53226953125,25.9397578125,28.1339921875,37.26816015625,33.36103125,29.29441796875,23.59058984375,32.0529375,36.45795703125,29.373859375,22.855546875
36.3705859375,37.85897265625,34.00225,24.30969921875,42.90384765625,45.58214453125,42.60259375,27.4080859375,39.165078125,41.6554765625,38.36210546875,28.531234375,39.3545390625,44.43843359375,34.5047890625,27.47110546875,18.24273828125,33.6801171875,35.54801953125,31.58526953125,24.3377578125,26.3179921875,36.04816015625,32.08603125,28.24441796875,24.19958984375,29.8669375,35.95895703125,27.676859375,22.256546875
34.6125859375,36.32697265625,31.25125,24.57669921875,41.16484765625,44.49114453125,41.31359375,25.1690859375,38.585078125,40.8274765625,37.21510546875,24.735234375,38.4405390625,42.93743359375,33.6707890625,25.68810546875,17.51873828125,32.1291171875,34.14101953125,30.38026953125,22.3767578125,23.8779921875,34.06616015625,30.32803125,26.84141796875,23.85158984375,27.1239375,34.10595703125,24.819859375,20.429546875
32.0615859375,33.85597265625,28.46625,23.99969921875,37.99084765625,41.82814453125,38.94459375,22.8540859375,37.035078125,38.4284765625,35.16210546875,20.931234375,37.2855390625,40.44443359375,32.0387890625,24.40910546875,16.72473828125,30.4921171875,32.25301953125,29.38826953125,20.7857578125,21.6479921875,32.02016015625,28.66903125,25.69341796875,23.09158984375,24.5929375,31.69495703125,21.779859375,18.251546875
29.5435859375,31.21897265625,26.44025,23.04169921875,34.26784765625,38.49314453125,36.26859375,21.3810859375,35.215078125,35.1544765625,32.77210546875,18.284234375,36.4475390625,37.80943359375,30.0397890625,24.02010546875,16.20073828125,29.3931171875,30.43701953125,28.95226953125,20.1377578125,20.3909921875,30.59116015625,27.62103125,25.29441796875,22.51258984375,22.9539375,29.62895703125,19.544859375,16.650546875
27.5645859375,28.93897265625,25.38625,22.00669921875,30.78084765625,35.24814453125,33.85159375,21.0820859375,33.579078125,31.6414765625,30.39510546875,17.239234375,36.1655390625,35.57943359375,27.8777890625,24.31610546875,16.05173828125,29.0451171875,28.93301953125,28.87726953125,20.3667578125,20.2979921875,29.96516015625,27.15303125,25.52141796875,22.22058984375,22.2769375,28.32295703125,18.459859375,15.918546875
26.1555859375,27.11897265625,24.89425,21.01269921875,27.97784765625,32.47414453125,31.89659375,21.7150859375,32.159078125,28.3014765625,28.06110546875,17.514234375,36.3125390625,33.84843359375,25.4897890625,24.59410546875,16.12073828125,29.1531171875,27.58601953125,28.52126953125,20.8097578125,20.9199921875,29.78116015625,26.69503125,25.65141796875,21.79358984375,21.9809375,27.55695703125,18.109859375,15.599546875
25.2065859375,25.76597265625,24.45025,20.27669921875,26.13284765625,30.43714453125,30.55759375,22.9490859375,30.894078125,25.5534765625,25.86410546875,18.771234375,36.7715390625,32.58043359375,22.9657890625,24.29010546875,16.34973828125,29.3211171875,26.22901953125,27.41026953125,20.8347578125,21.6279921875,29.60216015625,25.70503125,24.97841796875,20.80658984375,21.3939375,26.90895703125,17.848859375,15.053546875
24.6435859375,24.94597265625,23.80725,20.11369921875,25.38784765625,29.39214453125,30.07559375,24.6520859375,29.828078125,23.8484765625,24.11010546875,20.987234375,37.5805390625,31.77843359375,20.6977890625,23.33510546875,16.89673828125,29.2921171875,24.86301953125,25.56626953125,20.2267578125,21.9339921875,29.19516015625,24.02203125,23.22441796875,19.17158984375,20.1199375,26.06195703125,17.203859375,13.908546875
24.2005859375,24.48097265625,22.83825,20.52069921875,25.46784765625,29.24414453125,30.44059375,26.6780859375,28.921078125,23.2634765625,22.93810546875,24.050234375,38.6025390625,31.22543359375,18.9707890625,21.84710546875,17.79673828125,28.7371171875,23.37001953125,23.18626953125,18.9587578125,21.3519921875,28.31216015625,21.64303125,20.36541796875,16.92058984375,17.8799375,24.63595703125,15.772859375,11.962546875
23.3525859375,23.82797265625,21.39525,21.00469921875,25.64284765625,29.38014453125,31.14259375,28.6470859375,27.942078125,23.2834765625,22.02810546875,27.273234375,39.3585390625,30.37243359375,17.6277890625,19.78710546875,18.75073828125,27.1491171875,21.35101953125,20.30926953125,16.9367578125,19.3559921875,26.53416015625,18.48203125,16.41741796875,13.99958984375,14.3859375,22.11795703125,13.144859375,9.053546875
21.7415859375,22.52597265625,19.53825,21.03469921875,25.24784765625,29.10514453125,31.46259375,30.1190859375,26.775078125,23.1944765625,20.90510546875,29.523234375,39.4095390625,28.76843359375,16.3267890625,17.11710546875,19.43173828125,24.2451171875,18.51901953125,16.99626953125,14.2027578125,15.7799921875,23.61216015625,14.59803125,11.64441796875,10.52858984375,9.6609375,18.24595703125,9.245859375,5.301546875
19.5345859375,20.62897265625,17.69225,20.52569921875,24.17284765625,28.12414453125,30.90559375,30.8410859375,25.646078125,22.5754765625,19.35910546875,29.765234375,38.7335390625,26.46743359375,14.9197890625,14.08410546875,19.80673828125,20.3271171875,15.08401953125,13.59326953125,11.1727578125,11.1429921875,19.79416015625,10.42803125,6.75041796875,7.02358984375,4.3119375,13.33695703125,4.589859375,1.283546875
17.1925859375,18.51697265625,16.26525,19.73369921875,22.72384765625,26.47814453125,29.27159375,30.6940859375,24.850078125,21.2954765625,17.39410546875,27.461234375,37.5505390625,23.86643359375,13.3847890625,11.08910546875,19.94273828125,16.0431171875,11.56601953125,10.54326953125,8.4267578125,6.3419921875,15.61916015625,6.53603125,2.55641796875,4.11358984375,-0.7760625,8.03895703125,-0.0411406250000006,-2.316453125
15.0255859375,16.45897265625,15.22125,18.86169921875,21.19184765625,24.23914453125,26.56659375,29.5710859375,24.390078125,19.3114765625,15.00710546875,22.841234375,35.9385390625,21.31843359375,11.6037890625,8.42310546875,19.68673828125,11.9411171875,8.37301953125,8.06226953125,6.3457578125,2.1079921875,11.54116015625,3.24003125,-0.45258203125,2.09258984375,-4.9430625,2.89195703125,-4.088140625,-5.161453125
13.1665859375,14.59197265625,14.20225,17.96869921875,19.76884765625,21.55914453125,23.10959375,27.5020859375,24.063078125,16.7674765625,12.29310546875,17.120234375,33.8835390625,19.12143359375,9.5317890625,6.35510546875,18.77473828125,8.4211171875,5.79001953125,6.22526953125,5.1587578125,-1.1260078125,7.96416015625,0.71103125,-2.10958203125,0.940589843749999,-7.8050625,-1.67604296875,-7.228140625,-7.207453125
11.7825859375,13.15097265625,12.97625,17.10269921875,18.67384765625,18.85014453125,19.60859375,24.7710859375,23.777078125,14.1844765625,9.66810546875,12.214234375,31.5565390625,17.69243359375,7.5027890625,5.31410546875,17.17973828125,5.9451171875,4.19401953125,5.24026953125,5.1427578125,-3.0900078125,5.46016015625,-0.72096875,-2.29558203125,0.60258984375,-9.0350625,-5.14104296875,-9.112140625,-8.369453125
11.0235859375,12.36297265625,11.53825,16.22669921875,18.01484765625,16.59014453125,16.78459375,21.7020859375,23.522078125,12.2174765625,7.64610546875,9.706234375,29.2705390625,17.37443359375,6.0897890625,5.65210546875,15.12873828125,4.9021171875,3.92901953125,5.34626953125,6.4557578125,-3.7500078125,4.58916015625,-0.67696875,-1.00258203125,0.98058984375,-8.4500625,-7.03704296875,-9.435140625,-8.529453125
10.7915859375,12.17297265625,9.92625,15.11269921875,17.56384765625,14.93414453125,14.88959375,18.4180859375,23.166078125,11.2004765625,6.43310546875,9.861234375,27.2055390625,18.07743359375,5.6797890625,7.23610546875,12.87373828125,5.2931171875,4.99101953125,6.47826953125,8.8127578125,-3.4650078125,5.49216015625,0.88803125,1.41141796875,1.75758984375,-6.2960625,-7.28804296875,-8.223140625,-7.766453125
10.8735859375,12.34297265625,8.29825,13.61769921875,16.95984765625,13.77914453125,13.74559375,15.0530859375,22.584078125,11.1104765625,5.94210546875,11.681234375,25.4325390625,19.35443359375,6.3957890625,9.53310546875,10.74473828125,6.7941171875,7.08901953125,8.33026953125,11.5997578125,-2.7270078125,7.88516015625,3.68003125,4.35541796875,2.60258984375,-3.1130625,-6.14104296875,-5.771140625,-6.293453125
11.2795859375,12.84097265625,7.15425,12.07669921875,16.15284765625,13.16314453125,13.17659375,12.1070859375,21.975078125,11.8794765625,6.15710546875,13.840234375,24.1535390625,20.83943359375,8.3237890625,12.05810546875,9.34273828125,9.1281171875,9.98901953125,10.70426953125,14.3127578125,-1.6660078125,11.40216015625,7.39003125,7.40641796875,3.55058984375,0.6849375,-3.76604296875,-2.314140625,-4.160453125
12.1375859375,13.76697265625,7.07725,11.11069921875,15.39884765625,13.25214453125,13.13659375,10.2550859375,21.723078125,13.4114765625,7.13210546875,15.381234375,23.5605390625,22.32143359375,11.4117890625,14.46010546875,9.28473828125,12.0921171875,13.48601953125,13.47026953125,16.6207578125,-0.0470078125,15.63516015625,11.69903125,10.30741796875,4.87258984375,4.8369375,-0.220042968750001,1.934859375,-1.363453125
13.1695859375,14.83197265625,8.02825,10.91069921875,14.71884765625,13.83114453125,13.37259375,9.6590859375,21.812078125,15.2224765625,8.53710546875,15.697234375,23.3635390625,23.36843359375,15.0177890625,16.13110546875,10.53673828125,15.1451171875,16.95301953125,16.10226953125,17.9767578125,2.1809921875,19.79216015625,15.87703125,12.50641796875,6.43458984375,8.7769375,4.11195703125,6.330859375,1.647546875
13.4945859375,15.15297265625,9.04925,10.85169921875,13.61284765625,14.09214453125,13.25959375,9.6420859375,21.584078125,16.3624765625,9.48410546875,14.400234375,22.7075390625,23.19343359375,17.8287890625,16.10110546875,12.14973828125,17.2841171875,19.21201953125,17.52326953125,17.5027578125,4.5229921875,22.63816015625,18.70503125,12.99841796875,7.39758984375,11.4519375,8.28395703125,9.672859375,3.821546875
12.1215859375,13.75597265625,8.79625,9.89369921875,11.38984765625,13.06614453125,12.13659375,9.1010859375,20.194078125,15.9044765625,8.99510546875,11.539234375,20.7215390625,21.08043359375,18.4817890625,13.54610546875,12.76873828125,17.4921171875,19.07501953125,16.63226953125,14.4707578125,6.1839921875,23.01916015625,19.00903125,10.84141796875,6.68558984375,11.7739375,11.16095703125,10.733859375,4.039546875
8.5405859375,10.16697265625,6.28325,7.21769921875,7.65784765625,10.18014453125,9.68259375,7.1770859375,17.155078125,13.4464765625,6.54910546875,7.716234375,17.0535390625,16.84043359375,16.2287890625,8.33210546875,11.38373828125,15.2621171875,15.95401953125,12.91126953125,8.8167578125,6.4859921875,20.41316015625,16.23803125,5.73741796875,3.65558984375,9.1799375,11.89395703125,8.872859375,1.735546875
2.9475859375,4.62397265625,1.30725,2.63469921875,2.52584765625,5.48714453125,6.02159375,3.6490859375,12.539078125,9.2174765625,2.27710546875,3.764234375,11.9985390625,10.91043359375,11.2067890625,1.13910546875,7.81473828125,10.7811171875,10.11801953125,6.67326953125,1.2647578125,5.0989921875,15.09916015625,10.67003125,-1.74658203125,-1.55241015625,3.8749375,10.17795703125,4.302859375,-2.856453125
-3.6114140625,-1.76502734375,-5.26375,-3.11330078125,-3.18015234375,-0.109855468749999,1.87959375,-0.8019140625,7.132078125,4.1634765625,-2.86789453125,0.498234375000001,6.5975390625,4.44043359375,4.5847890625,-6.50889453125,3.08973828125,5.1101171875,2.86101953125,-0.78473046875,-6.6032421875,2.4039921875,8.30416015625,3.57603125,-10.04858203125,-7.75641015625,-2.9310625,6.58795703125,-1.690140625,-8.530453125
-9.0034140625,-6.71202734375,-11.19775,-8.07130078125,-7.55515234375,-4.48085546875,-1.07440625,-4.4159140625,2.714078125,0.205476562499999,-6.77089453125,-1.006765625,2.9205390625,-0.444566406250001,-1.1962109375,-12.05689453125,-0.278261718749999,0.5121171875,-3.24398046875,-6.92473046875,-12.1562421875,0.0209921875000001,2.46116015625,-2.50396875,-16.39158203125,-12.45641015625,-8.6860625,3.07595703125,-6.458140625,-12.842453125
-10.2824140625,-6.99002734375,-13.23775,-9.40130078125,-7.80015234375,-4.48485546875,-0.33640625,-4.7219140625,1.866078125,0.0674765624999996,-6.38089453125,0.831234375000001,3.8775390625,-0.851566406250001,-2.7622109375,-12.24789453125,1.23473828125,0.1991171875,-4.71098046875,-8.30873046875,-12.0612421875,0.7159921875,0.89816015625,-4.08896875,-17.17358203125,-12.21541015625,-9.8190625,2.79895703125,-6.356140625,-12.424453125
-4.9824140625,0.14597265625,-8.57375,-4.71130078125,-1.48915234375,2.61214453125,6.28959375,0.280085937500001,6.802078125,6.0814765625,0.93810546875,7.495234375,11.9205390625,5.61443359375,2.7257890625,-4.49989453125,10.52973828125,6.9131171875,1.34901953125,-2.09073046875,-3.7162421875,7.0939921875,6.39616015625,1.73203125,-9.51758203125,-4.19741015625,-3.3070625,8.66295703125,1.654859375,-4.472453125
7.2225859375,15.08397265625,3.31725,6.36969921875,11.73384765625,17.25414453125,19.13859375,10.8050859375,17.843078125,18.5914765625,15.58910546875,19.162234375,27.3245390625,19.20043359375,15.7257890625,11.33210546875,27.95973828125,21.0861171875,15.33301953125,12.10126953125,12.9697578125,19.7949921875,19.36616015625,15.39503125,6.80841796875,11.92958984375,11.3249375,21.37695703125,18.002859375,11.382546875
23.8425859375,35.02597265625,19.89325,21.56769921875,29.40584765625,36.76014453125,35.99059375,24.8540859375,32.804078125,35.2634765625,34.95410546875,34.024234375,47.4235390625,37.30543359375,33.5457890625,32.25210546875,50.59373828125,40.0451171875,34.37401953125,31.38226953125,34.8857578125,36.6569921875,37.10516015625,34.06803125,28.61041796875,33.23358984375,31.1649375,38.58595703125,39.678859375,32.284546875
23.8425859375,35.02597265625,19.89325,21.56769921875,29.40584765625,36.76014453125,35.99059375,24.8540859375,32.804078125,35.2634765625,34.95410546875,34.024234375,47.4235390625,37.30543359375,33.5457890625,32.25210546875,50.59373828125,40.0451171875,34.37401953125,31.38226953125,34.8857578125,36.6569921875,37.10516015625,34.06803125,28.61041796875,33.23358984375,31.1649375,38.58595703125,39.678859375,32.284546875
