"Fp1","Fpz","Fp2","F7","F3","Fz","F4","F8","FC5","FC1","FC2","FC6","T7","C3","Cz","C4","T8","CP5","CP1","CP2","CP6","P7","P3","Pz","P4","P8","POz","O1","Oz","O2"
9.42596875,6.75544921875,0.9502109375,6.55317578125,-0.48506640625,-2.26169140625,-2.17671484375,-0.273285156249999,5.6825234375,2.0595703125,-6.678046875,-3.09641796875,-0.00778515625000065,0.0447890625000001,-4.2662578125,-5.40178515625,1.131703125,-4.5153203125,3.107078125,-3.20816796875,-5.52870703125,-2.1688125,-1.77312890625,0.8957265625,-0.9424765625,-4.5040703125,2.9174921875,-2.9225625,5.381546875,4.38555078125
4.41396875,0.76144921875,-2.0617890625,3.49317578125,-6.66206640625,-8.29169140625,-6.83771484375,0.111714843750001,2.4945234375,-3.6404296875,-10.324046875,-6.62741796875,-2.01578515625,-1.6922109375,-8.3122578125,-9.95778515625,6.413703125,-4.3933203125,1.798078125,-6.38516796875,-8.20770703125,-0.6328125,-2.53512890625,-0.9562734375,-2.6154765625,-6.9240703125,1.5804921875,-2.0285625,4.277546875,3.83755078125
1.62196875,-2.15155078125,-3.1347890625,1.50717578125,-9.68306640625,-12.00969140625,-9.58671484375,0.97471484375,1.5355234375,-7.3394296875,-12.276046875,-8.57541796875,-2.83078515625,-2.7722109375,-11.2032578125,-12.57478515625,10.279703125,-3.7113203125,0.559078125,-8.58516796875,-9.07770703125,0.7001875,-3.14612890625,-2.5612734375,-3.7984765625,-7.8290703125,0.4234921875,-1.5295625,2.938546875,3.14455078125
1.32796875,-1.74755078125,-2.1307890625,0.95017578125,-9.27906640625,-12.91069140625,-9.97771484375,2.43771484375,2.7085234375,-8.7784296875,-12.156046875,-8.62541796875,-2.40278515625,-3.1912109375,-12.6612578125,-12.82178515625,12.675703125,-2.5423203125,-0.562921875,-9.54716796875,-7.93170703125,1.8171875,-3.56412890625,-3.8412734375,-4.3674765625,-7.0940703125,-0.5305078125,-1.3185625,1.594546875,2.51055078125
3.19496875,1.28844921875,0.4962109375,1.88217578125,-6.23906640625,-11.12769140625,-8.05071484375,4.44471484375,5.1545234375,-8.2534296875,-10.077046875,-6.88041796875,-0.99578515625,-3.1082109375,-12.6662578125,-10.76578515625,13.948703125,-1.1393203125,-1.459921875,-9.20216796875,-5.15570703125,2.7681875,-3.73312890625,-4.7132734375,-4.2904765625,-5.0990703125,-1.2735078125,-1.1195625,0.609546875,2.22155078125
6.42996875,5.73644921875,3.9872109375,3.98217578125,-2.02706640625,-7.37369140625,-4.31671484375,6.71271484375,7.7475234375,-6.4154296875,-6.610046875,-3.80841796875,0.99121484375,-2.6952109375,-11.4012578125,-6.90878515625,14.604703125,0.2376796875,-1.935921875,-7.66016796875,-1.58670703125,3.6321875,-3.55412890625,-5.0602734375,-3.6284765625,-2.5890703125,-1.7765078125,-0.6675625,0.239546875,2.43755078125
9.99596875,10.28544921875,7.6102109375,6.58917578125,1.82293359375,-2.71269140625,0.35628515625,8.81471484375,9.6505234375,-4.0014296875,-2.591046875,-0.0604179687500004,3.14921484375,-2.0442109375,-9.1812578125,-2.05878515625,15.050703125,1.4276796875,-1.754921875,-5.18716796875,1.78929296875,4.4391875,-2.95012890625,-4.7832734375,-2.5504765625,-0.4280703125,-2.0135078125,0.0694375,0.426546875,3.04055078125
12.87396875,13.85044921875,10.8372109375,8.90917578125,4.25193359375,1.74630859375,4.96928515625,10.43571484375,10.6085234375,-1.6354296875,1.173953125,3.75358203125,5.13421484375,-1.1842109375,-6.3782578125,2.87621484375,15.474703125,2.3706796875,-0.774921875,-2.19216796875,4.19629296875,5.1341875,-1.96712890625,-3.8932734375,-1.3154765625,0.6989296875,-2.0295078125,0.8404375,0.791546875,3.64855078125
14.35696875,15.75544921875,13.3282109375,10.29417578125,4.90393359375,5.13130859375,8.68028515625,11.58771484375,10.8745234375,0.2515703125,4.148953125,7.26258203125,6.70921484375,-0.1822109375,-3.3972578125,7.08221484375,15.876703125,3.0396796875,0.904078125,0.81283203125,5.33129296875,5.6011875,-0.83412890625,-2.6012734375,-0.2064765625,0.5319296875,-1.9575078125,1.2784375,0.856546875,3.82455078125
14.30796875,15.82544921875,14.8462109375,10.44817578125,4.01693359375,6.95030859375,11.03428515625,12.58571484375,10.8695234375,1.4045703125,6.110953125,10.35758203125,7.77421484375,0.7837890625,-0.6902578125,9.98621484375,16.184703125,3.3786796875,2.869078125,3.27583203125,5.40529296875,5.7481875,0.0828710937500001,-1.3192734375,0.5575234375,-0.6670703125,-1.9895078125,1.1704375,0.346546875,3.31755078125
13.16096875,14.37144921875,15.2332109375,9.46617578125,2.12893359375,7.10730859375,12.02028515625,13.79471484375,10.8605234375,1.6885703125,7.035953125,13.03858203125,8.36721484375,1.4207890625,1.2347421875,11.31221484375,16.366703125,3.2986796875,4.475078125,4.69883203125,4.92429296875,5.5851875,0.40387109375,-0.5622734375,0.8645234375,-2.2750703125,-2.2985078125,0.6204375,-0.646453125,2.20355078125
11.64596875,12.04944921875,14.5072109375,7.72517578125,-0.14806640625,5.85630859375,11.94228515625,15.34271484375,10.8345234375,1.0755703125,6.987953125,15.19858203125,8.58921484375,1.4307890625,1.9127421875,11.07621484375,16.477703125,2.7286796875,5.084078125,4.77183203125,4.38529296875,5.2371875,-0.0881289062499997,-0.7352734375,0.7015234375,-3.6300703125,-2.9405078125,-0.00256249999999991,-1.735453125,0.83455078125
10.39496875,9.63944921875,12.9682109375,5.73717578125,-2.25306640625,3.73730859375,11.23328515625,16.99971484375,10.5785234375,-0.2854296875,6.117953125,16.55358203125,8.51721484375,0.6777890625,1.1397421875,9.59021484375,16.679703125,1.6846796875,4.375078125,3.52583203125,4.06129296875,4.8741875,-1.32112890625,-1.8952734375,0.1615234375,-4.3210703125,-3.7565078125,-0.2985625,-2.451453125,-0.33644921875
9.70096875,7.83644921875,11.1832109375,4.04017578125,-3.72406640625,1.48730859375,10.32428515625,18.28871484375,9.8685234375,-1.9984296875,4.701953125,16.78458203125,8.15021484375,-0.6882109375,-0.8232578125,7.45221484375,17.200703125,0.3126796875,2.565078125,1.42883203125,3.99329296875,4.5971875,-2.91012890625,-3.6352734375,-0.5364765625,-4.2980703125,-4.3395078125,-0.0665624999999999,-2.461453125,-0.94944921875
9.54096875,7.09844921875,9.8172109375,3.12317578125,-4.24406640625,-0.11669140625,9.56828515625,18.78271484375,8.6745234375,-3.4424296875,3.154953125,15.77458203125,7.43221484375,-2.2342109375,-3.2272578125,5.43721484375,18.216703125,-1.1573203125,0.362078125,-0.70416796875,4.08929296875,4.3291875,-4.30112890625,-5.1842734375,-1.0604765625,-3.8020703125,-4.1485078125,0.5804375,-1.679453125,-0.85244921875
9.73096875,7.57144921875,9.4012109375,3.34717578125,-3.65206640625,-0.45669140625,9.19228515625,18.36571484375,7.3035234375,-3.9484296875,1.952953125,13.74958203125,6.31721484375,-3.4002109375,-5.0602578125,4.25421484375,19.699703125,-2.5083203125,-1.317921875,-2.00316796875,4.21829296875,3.8141875,-5.02212890625,-5.7452734375,-1.0754765625,-3.2160703125,-2.7735078125,1.2914375,-0.258453125,-0.11444921875
10.09296875,9.10844921875,10.1662109375,4.83417578125,-1.88406640625,0.74530859375,9.31228515625,17.27971484375,6.3965234375,-3.0384296875,1.504953125,11.21858203125,4.87321484375,-3.6952109375,-5.4272578125,4.29021484375,21.342703125,-3.5963203125,-1.730921875,-1.91316796875,4.24929296875,2.7651875,-4.88112890625,-4.8522734375,-0.3884765625,-2.8890703125,-0.1755078125,1.7024375,1.500546875,1.06055078125
10.54296875,11.34044921875,11.9492109375,7.35917578125,1.03593359375,3.34330859375,9.96828515625,15.87471484375,6.6695234375,-0.6044296875,2.031953125,8.79058203125,3.35721484375,-2.8542109375,-3.9092578125,5.46921484375,22.667703125,-4.3303203125,-0.569921875,-0.42416796875,4.07429296875,1.0831875,-3.98712890625,-2.5702734375,0.9495234375,-2.9780703125,3.2484921875,1.6624375,3.280546875,2.44055078125
11.09396875,13.74744921875,14.1772109375,10.36317578125,4.88693359375,6.78730859375,11.13128515625,14.33171484375,8.4935234375,3.0235703125,3.473953125,6.96758203125,2.18221484375,-0.9052109375,-0.7382578125,7.31221484375,23.228703125,-4.6163203125,1.964078125,1.94783203125,3.63629296875,-0.9808125,-2.62412890625,0.5537265625,2.6615234375,-3.3600703125,6.8174921875,1.3364375,4.844546875,3.82555078125
11.78596875,15.72244921875,15.9662109375,13.11617578125,9.07393359375,10.25930859375,12.62428515625,12.59271484375,11.5585234375,7.1195703125,5.491953125,5.97558203125,1.74021484375,1.7997890625,3.2627421875,9.14021484375,22.789703125,-4.3633203125,5.252078125,4.39383203125,2.95029296875,-2.8838125,-1.10012890625,3.7197265625,4.3395234375,-3.7100703125,9.8224921875,1.1064375,6.061546875,5.05855078125
12.60196875,16.66844921875,16.3912109375,14.98217578125,12.58893359375,12.89030859375,14.02528515625,10.53571484375,14.8905234375,10.7115703125,7.555953125,5.68258203125,2.17921484375,4.6367890625,6.9457421875,10.31321484375,21.384703125,-3.5453203125,8.435078125,6.09783203125,2.07629296875,-4.0218125,0.32787109375,6.1417265625,5.5645234375,-3.7260703125,11.7374921875,1.3534375,6.874546875,6.01255078125
13.40196875,16.16944921875,14.8752109375,15.65717578125,14.27493359375,13.99330859375,14.69128515625,8.13771484375,17.2375234375,12.8555703125,9.064953125,5.62558203125,3.32121484375,6.8557890625,9.2237421875,10.39921484375,19.249703125,-2.2653203125,10.664078125,6.49683203125,1.05429296875,-4.0038125,1.47087109375,7.2677265625,6.0225234375,-3.3460703125,12.3314921875,2.2544375,7.279546875,6.58955078125
13.90596875,14.15044921875,11.4712109375,15.22917578125,13.32393359375,13.23030859375,13.93328515625,5.45971484375,17.6105234375,12.9525703125,9.470953125,5.14258203125,4.79021484375,7.8207890625,9.4227421875,9.25121484375,16.699703125,-0.7423203125,11.354078125,5.41783203125,-0.14270703125,-2.7958125,2.21987109375,6.9127265625,5.5815234375,-2.8230703125,11.6744921875,3.7184375,7.331546875,6.73155078125
13.75496875,10.89944921875,6.8562109375,14.06517578125,9.75893359375,10.68730859375,11.28328515625,2.52171484375,15.7435234375,10.9985703125,8.404953125,3.59758203125,6.25021484375,7.2607890625,7.5077421875,6.98421484375,13.988703125,0.7866796875,10.389078125,3.08983203125,-1.61670703125,-0.6758125,2.55587109375,5.2827265625,4.2985234375,-2.6030703125,10.0454921875,5.4544375,7.147546875,6.42355078125
12.66296875,7.00344921875,2.0952109375,12.62017578125,4.62693359375,6.87130859375,6.77228515625,-0.731285156249999,12.2685234375,7.6405703125,5.828953125,0.632582031249999,7.58721484375,5.4257890625,4.0957421875,3.90521484375,11.216703125,2.1666796875,8.169078125,0.0298320312500001,-3.47770703125,1.9101875,2.55387109375,2.8687265625,2.3705234375,-3.1190703125,7.7914921875,7.1064375,6.861546875,5.66855078125
10.63996875,3.25444921875,-1.6857890625,11.28417578125,-0.27606640625,2.63530859375,1.11128515625,-4.34828515625,8.5225234375,4.0105703125,2.131953125,-3.59141796875,8.93021484375,3.0447890625,0.2547421875,0.45821484375,8.365703125,3.3876796875,5.472078125,-3.11916796875,-5.73270703125,4.5151875,2.35187109375,0.2647265625,0.0585234375,-4.5640703125,5.2164921875,8.3774375,6.565546875,4.46555078125
8.15496875,0.522449218749999,-3.6067890625,10.31717578125,-3.11206640625,-1.01669140625,-4.38371484375,-8.21428515625,6.0205234375,1.3405703125,-1.903046875,-8.31141796875,10.50921484375,1.0747890625,-2.8582578125,-2.81078515625,5.459703125,4.5566796875,3.161078125,-5.74316796875,-8.16470703125,6.7951875,2.10287109375,-2.0372734375,-2.3354765625,-6.7380703125,2.5604921875,9.1194375,6.289546875,2.86655078125
6.04996875,-0.496550781250001,-3.3247890625,9.85617578125,-2.84006640625,-3.21569140625,-8.20971484375,-11.95228515625,5.8045234375,0.4835703125,-5.307046875,-12.35641796875,12.43121484375,0.3027890625,-4.4102578125,-5.33478515625,2.744703125,5.8036796875,1.860078125,-7.39116796875,-10.30270703125,8.5531875,1.91487109375,-3.7702734375,-4.4664765625,-9.0470703125,0.0534921874999998,9.3704375,6.044546875,1.07955078125
5.18996875,0.40644921875,-1.1927890625,9.91917578125,0.25693359375,-3.54669140625,-9.29871484375,-14.93228515625,7.9755234375,1.5335703125,-7.254046875,-14.56241796875,14.50121484375,0.9747890625,-4.1832578125,-6.64578515625,0.723703125000002,7.1526796875,1.719078125,-7.87616796875,-11.53870703125,9.7131875,1.80587109375,-4.8972734375,-5.9614765625,-10.6810703125,-2.0585078125,9.3204375,5.865546875,-0.46144921875
5.98896875,2.79944921875,1.8482109375,10.38317578125,4.66393359375,-2.22169140625,-7.52971484375,-16.47128515625,11.6515234375,3.7475703125,-7.366046875,-14.25741796875,16.22421484375,2.6737890625,-2.6472578125,-6.54478515625,-0.0172968749999978,8.4626796875,2.398078125,-7.31616796875,-11.37370703125,10.2891875,1.71287109375,-5.5212734375,-6.4994765625,-10.9490703125,-3.5335078125,9.2094375,5.800546875,-1.20044921875
8.11296875,5.71844921875,4.6432109375,10.95117578125,8.32793359375,-0.0366914062500006,-3.81871484375,-16.14928515625,15.3435234375,5.8565703125,-5.898046875,-11.54341796875,17.02121484375,4.5017890625,-0.7842578125,-5.20978515625,0.880703125000002,9.4616796875,3.247078125,-6.10216796875,-9.68670703125,10.3481875,1.54487109375,-5.7692734375,-5.9584765625,-9.6070703125,-4.2035078125,9.1884375,5.851546875,-0.74144921875
10.51896875,8.02344921875,6.2942109375,11.20817578125,9.56893359375,1.90730859375,0.256285156250001,-14.04228515625,17.5645234375,6.6125703125,-3.686046875,-7.27441796875,16.55321484375,5.4957890625,0.2777421875,-3.19278515625,3.315703125,9.8676796875,3.606078125,-4.78716796875,-6.87270703125,9.9791875,1.23687109375,-5.7432734375,-4.5344765625,-7.0360703125,-4.0565078125,9.2244375,5.905546875,0.83555078125
11.88796875,8.82344921875,6.4812109375,10.80717578125,7.76793359375,2.62730859375,3.12728515625,-10.66328515625,17.4195234375,5.3225703125,-1.814046875,-2.74441796875,14.94421484375,5.0527890625,-0.3012578125,-1.25478515625,6.722703125,9.5436796875,3.078078125,-3.91016796875,-3.75870703125,9.2671875,0.77187109375,-5.5262734375,-2.7494765625,-4.1440703125,-3.2955078125,9.0774375,5.703546875,2.86955078125
11.29096875,7.83444921875,5.5342109375,9.68517578125,3.56693359375,1.68130859375,3.89828515625,-6.67928515625,14.9555234375,2.1425703125,-1.110046875,0.804582031249999,12.77221484375,3.2027890625,-2.6922578125,-0.0657851562499996,10.333703125,8.5866796875,1.688078125,-3.79416796875,-1.29270703125,8.2731875,0.16687109375,-5.2092734375,-1.2814765625,-2.0060703125,-2.3225078125,8.4044375,4.908546875,4.33955078125
8.75996875,5.56444921875,4.2602109375,8.15717578125,-1.47406640625,-0.605691406250001,2.70928515625,-2.64328515625,11.1225234375,-1.9674296875,-1.745046875,2.66058203125,10.79921484375,0.6047890625,-6.2602578125,0.10021484375,13.523703125,7.3176796875,-0.128921875,-4.40216796875,-0.15270703125,7.0481875,-0.54612890625,-4.8792734375,-0.6944765625,-1.3810703125,-1.6165078125,6.9544375,3.268546875,4.33855078125
5.38996875,3.17244921875,3.6182109375,6.76517578125,-5.57806640625,-3.24969140625,0.645285156250001,1.12471484375,7.3125234375,-5.6274296875,-3.164046875,2.91158203125,9.58921484375,-1.7552109375,-9.7702578125,-0.51378515625,16.028703125,6.1216796875,-1.732921875,-5.34016796875,-0.46370703125,5.6631875,-1.33012890625,-4.5842734375,-1.1964765625,-2.3700703125,-1.5775078125,4.7454375,0.788546875,2.51955078125
2.85096875,1.98944921875,4.3532109375,5.98917578125,-7.49206640625,-5.03769140625,-0.78971484375,4.52671484375,4.7055234375,-7.6074296875,-4.396046875,2.33358203125,9.20721484375,-3.0522109375,-11.8942578125,-1.31078515625,17.923703125,5.2116796875,-2.588921875,-6.06516796875,-1.77970703125,4.2191875,-2.18312890625,-4.3342734375,-2.5914765625,-4.4140703125,-2.3905078125,2.1174375,-2.201453125,-0.72244921875
2.55096875,2.92944921875,6.7402109375,5.98317578125,-6.92806640625,-5.06469140625,-0.35871484375,7.63571484375,3.7885234375,-7.3384296875,-4.543046875,1.98658203125,9.18421484375,-3.0242109375,-11.7892578125,-1.67978515625,19.411703125,4.4776796875,-2.543921875,-6.16516796875,-3.33470703125,2.8121875,-3.14812890625,-4.1282734375,-4.3984765625,-6.6070703125,-3.9715078125,-0.3925625,-5.147453125,-4.41344921875
4.93696875,6.10044921875,10.5312109375,6.50117578125,-4.48806640625,-3.09869140625,2.39928515625,10.56571484375,4.2905234375,-5.0664296875,-3.191046875,2.74758203125,8.76321484375,-2.0422109375,-9.4302578125,-1.30078515625,20.628703125,3.5316796875,-1.857921875,-5.54816796875,-4.39670703125,1.4891875,-4.25712890625,-3.9782734375,-6.0624765625,-8.1240703125,-5.9815078125,-2.2735625,-7.462453125,-7.41144921875
9.30096875,10.79244921875,15.0612109375,7.05417578125,-1.21106640625,0.38830859375,7.05628515625,13.30671484375,5.4775234375,-1.6394296875,-0.533046875,4.97958203125,7.29921484375,-0.8352109375,-5.5762578125,-0.22978515625,21.598703125,1.9546796875,-1.021921875,-4.42816796875,-4.54770703125,0.2141875,-5.44912890625,-3.9022734375,-7.1344765625,-8.5200703125,-7.8975078125,-3.2425625,-8.717453125,-8.84244921875
14.11596875,15.73744921875,19.4042109375,7.16117578125,1.93993359375,4.45130859375,12.51828515625,15.63871484375,6.5085234375,1.8925703125,2.748953125,8.42958203125,4.57621484375,-0.0842109375,-1.4322578125,1.20021484375,22.302703125,-0.4363203125,-0.484921875,-3.18016796875,-3.81570703125,-1.1228125,-6.53712890625,-3.9112734375,-7.4094765625,-7.8520703125,-9.1565078125,-3.3315625,-8.767453125,-8.40244921875
17.67296875,19.49644921875,22.5112109375,6.57217578125,4.32193359375,8.01430859375,17.41528515625,17.21071484375,6.6665234375,4.6085703125,5.765953125,12.29758203125,0.88221484375,-0.1672109375,1.7927421875,2.55221484375,22.714703125,-3.4723203125,-0.484921875,-2.19216796875,-2.62770703125,-2.6718125,-7.29512890625,-4.0002734375,-6.9874765625,-6.6130703125,-9.3445078125,-2.8385625,-7.786453125,-6.43644921875
18.73496875,20.88744921875,23.4392109375,5.33917578125,5.59193359375,10.18430859375,20.52828515625,17.71071484375,5.4875234375,5.9295703125,7.701953125,15.48358203125,-3.14478515625,-1.1092109375,3.2817421875,3.42521484375,22.778703125,-6.7023203125,-1.010921875,-1.74516796875,-1.61670703125,-4.5558125,-7.58712890625,-4.1472734375,-6.2304765625,-5.5180703125,-8.3375078125,-2.1975625,-6.205453125,-3.78144921875
16.98096875,19.41544921875,21.7072109375,3.74917578125,5.59593359375,10.51830859375,21.18528515625,17.03171484375,2.9035234375,5.7315703125,8.078953125,16.98258203125,-6.77278515625,-2.6392109375,2.8697421875,3.60021484375,22.386703125,-9.5443203125,-1.843921875,-1.90516796875,-1.31870703125,-6.7718125,-7.41012890625,-4.2672734375,-5.5414765625,-5.1740703125,-6.3045078125,-1.7885625,-4.543453125,-1.42044921875
13.10496875,15.55444921875,17.6772109375,2.20517578125,4.40993359375,9.20030859375,19.49428515625,15.41471484375,-0.6154765625,4.4135703125,6.947953125,16.33058203125,-9.40578515625,-4.2722109375,1.1177421875,3.14221484375,21.476703125,-11.4463203125,-2.607921875,-2.44116796875,-1.89270703125,-9.1018125,-6.84312890625,-4.1612734375,-5.1014765625,-5.7670703125,-3.5885078125,-1.7825625,-3.207453125,-0.06944921875
8.52296875,10.70544921875,12.6712109375,1.12017578125,2.47293359375,7.05430859375,16.31328515625,13.49571484375,-4.0784765625,2.7985703125,4.939953125,13.86458203125,-10.69078515625,-5.4142109375,-0.8662578125,2.41921484375,20.183703125,-12.0093203125,-2.837921875,-2.86516796875,-2.99870703125,-11.1158125,-5.96112890625,-3.5202734375,-4.7264765625,-6.9360703125,-0.5605078125,-2.0715625,-2.348453125,0.10955078125
4.79996875,6.72544921875,8.5962109375,0.84317578125,0.62593359375,5.26230859375,12.91628515625,12.13771484375,-6.2744765625,1.8645703125,3.055953125,10.61458203125,-10.53078515625,-5.5222109375,-1.8462578125,1.96421484375,18.877703125,-11.0763203125,-2.121921875,-2.62116796875,-3.94870703125,-12.3078125,-4.79412890625,-2.0482734375,-3.9784765625,-7.9390703125,2.4644921875,-2.3575625,-1.870453125,-0.47144921875
3.03096875,5.13644921875,7.1022109375,1.55617578125,-0.15406640625,4.82430859375,10.49028515625,12.00871484375,-6.2844765625,2.3295703125,2.225953125,7.83958203125,-9.03078515625,-4.3042109375,-0.9902578125,2.20421484375,18.016703125,-8.7873203125,-0.290921875,-1.38216796875,-4.06370703125,-12.3198125,-3.36612890625,0.3237265625,-2.4654765625,-8.0190703125,5.2344921875,-2.3375625,-1.561453125,-1.09744921875
3.42996875,6.35144921875,8.6442109375,3.12917578125,0.72593359375,6.00130859375,9.64628515625,13.13171484375,-3.9424765625,4.2765703125,2.828953125,6.43658203125,-6.47678515625,-1.9012109375,1.6937421875,3.18921484375,17.892703125,-5.5873203125,2.402078125,0.71483203125,-3.05170703125,-11.1228125,-1.77912890625,3.2657265625,-0.1614765625,-6.7940703125,7.5094921875,-1.8925625,-1.260453125,-1.15144921875
5.27696875,9.34344921875,12.0472109375,5.04117578125,3.03693359375,8.09030859375,10.15428515625,14.77571484375,0.00752343749999973,7.0035703125,4.462953125,6.52358203125,-3.34478515625,1.0437890625,5.2677421875,4.48821484375,18.454703125,-2.1573203125,5.240078125,3.01583203125,-1.19470703125,-9.0488125,-0.27812890625,6.0307265625,2.4605234375,-4.4560703125,8.9884921875,-1.1735625,-0.973453125,-0.42244921875
7.28496875,12.06144921875,14.9722109375,6.47717578125,5.68193359375,9.70130859375,11.05728515625,15.77271484375,4.1695234375,9.2395703125,6.112953125,7.40158203125,-0.26078515625,3.5387890625,8.1877421875,5.33321484375,19.328703125,0.7546796875,7.231078125,4.55583203125,0.78129296875,-6.6198125,0.78187109375,7.6757265625,4.5845234375,-1.6450703125,9.3124921875,-0.4955625,-0.845453125,0.84155078125
8.20796875,12.46144921875,15.1222109375,6.64817578125,7.15093359375,9.44530859375,11.14128515625,15.06871484375,7.0685234375,9.6775703125,6.620953125,7.91558203125,2.16521484375,4.6067890625,8.9397421875,4.98121484375,20.033703125,2.5796796875,7.487078125,4.46283203125,2.07929296875,-4.2808125,1.08987109375,7.4467265625,5.4305234375,0.9189296875,8.1784921875,-0.1235625,-1.022453125,2.13055078125
7.38896875,9.55444921875,11.4742109375,5.17617578125,6.19793359375,6.62630859375,9.51528515625,12.16771484375,7.7585234375,7.5655703125,5.195953125,7.02658203125,3.55421484375,3.7047890625,6.6797421875,3.06821484375,20.200703125,3.1246796875,5.619078125,2.35383203125,2.23329296875,-2.2118125,0.53287109375,5.1217265625,4.6265234375,2.8049296875,5.5074921875,-0.1095625,-1.524453125,2.94055078125
4.95696875,3.85644921875,4.7812109375,2.29017578125,2.40693359375,1.55930859375,5.98228515625,7.30971484375,6.1765234375,3.0225703125,1.729953125,4.27158203125,3.88621484375,0.9517890625,1.5697421875,-0.21678515625,19.672703125,2.5996796875,1.918078125,-1.49016796875,1.27129296875,-0.3568125,-0.76012890625,1.1087265625,2.3465234375,3.9739296875,1.5224921875,-0.3295625,-2.280453125,2.93055078125
1.62996875,-2.96255078125,-2.8817890625,-1.27282421875,-3.61806640625,-4.62969140625,1.03428515625,1.35271484375,3.0995234375,-3.0594296875,-3.212046875,-0.0444179687500004,3.46021484375,-2.9482109375,-5.3082578125,-4.23178515625,18.437703125,1.4766796875,-2.751921875,-6.25116796875,-0.40670703125,1.3941875,-2.51412890625,-3.7352734375,-0.8484765625,4.5949296875,-3.3125078125,-0.6635625,-3.267453125,1.93355078125
-1.70303125,-8.90755078125,-9.1437890625,-4.61382421875,-10.47606640625,-10.54169140625,-4.42371484375,-4.56428515625,-0.250476562499999,-9.4044296875,-8.660046875,-4.99441796875,2.72821484375,-7.0082109375,-12.3812578125,-8.14878515625,16.567703125,0.2726796875,-7.293921875,-10.90016796875,-2.28370703125,3.0361875,-4.42512890625,-8.4422734375,-4.2944765625,4.7859296875,-8.4185078125,-1.1415625,-4.588453125,-0.0584492187499999
-4.34603125,-12.48055078125,-12.3457890625,-7.02782421875,-16.49806640625,-15.07969140625,-9.44071484375,-9.40528515625,-2.7754765625,-14.8024296875,-13.635046875,-9.39641796875,2.08621484375,-10.3232109375,-18.1502578125,-11.24478515625,14.238703125,-0.6233203125,-10.752921875,-14.54816796875,-3.94370703125,4.4211875,-6.23512890625,-12.2232734375,-7.4504765625,4.5339296875,-13.2015078125,-1.8975625,-6.375453125,-2.88544921875
-5.97303125,-13.17155078125,-12.0807890625,-8.20982421875,-20.37906640625,-17.78369140625,-13.31671484375,-12.47328515625,-3.9604765625,-18.4684296875,-17.469046875,-12.27741796875,1.71121484375,-12.3642109375,-21.6652578125,-13.11578515625,11.805703125,-1.0493203125,-12.622921875,-16.70416796875,-5.16070703125,5.3481875,-7.76612890625,-14.6372734375,-9.9754765625,3.7919296875,-17.1185078125,-2.9955625,-8.585453125,-6.17544921875
-6.60903125,-11.48355078125,-9.1597890625,-8.25082421875,-21.59206640625,-18.81569140625,-15.72071484375,-13.43928515625,-4.0114765625,-20.1744296875,-19.893046875,-13.23241796875,1.52121484375,-13.0832109375,-22.7272578125,-13.73978515625,9.816703125,-1.0713203125,-12.938921875,-17.35116796875,-5.87270703125,5.6921875,-8.93112890625,-15.5902734375,-11.6894765625,2.6319296875,-19.7325078125,-4.2925625,-10.890453125,-9.35644921875
-6.47003125,-8.55655078125,-5.0987890625,-7.48382421875,-20.38406640625,-18.65269140625,-16.59871484375,-12.27828515625,-3.5754765625,-20.1144296875,-20.884046875,-12.47441796875,1.29321484375,-12.7732109375,-21.7342578125,-13.34978515625,8.891703125,-0.8863203125,-12.120921875,-16.79516796875,-6.09370703125,5.4891875,-9.70912890625,-15.2022734375,-12.4614765625,1.3239296875,-20.7385078125,-5.4475625,-12.729453125,-11.77244921875
-5.77603125,-5.56455078125,-1.3667890625,-6.26682421875,-17.43606640625,-17.68069140625,-15.94071484375,-9.23828515625,-3.2564765625,-18.6024296875,-20.434046875,-10.56641796875,0.87121484375,-11.7832109375,-19.3082578125,-12.18878515625,9.501703125,-0.6693203125,-10.653921875,-15.38016796875,-5.80970703125,4.9471875,-10.04612890625,-13.6202734375,-12.1374765625,0.2879296875,-19.9645078125,-6.0755625,-13.506453125,-12.85744921875
-4.61103125,-3.17255078125,1.2512109375,-4.84082421875,-13.47706640625,-15.95469140625,-13.64271484375,-4.79628515625,-3.2394765625,-15.8414296875,-18.431046875,-8.02641796875,0.30721484375,-10.2902109375,-15.9562578125,-10.31178515625,11.750703125,-0.4643203125,-8.795921875,-13.25516796875,-4.94170703125,4.3681875,-9.80212890625,-10.9142734375,-10.5504765625,-0.0990703124999999,-17.3815078125,-5.9335625,-12.823453125,-12.32644921875
-2.93203125,-1.34655078125,2.8372109375,-3.31682421875,-9.11506640625,-13.26369140625,-9.60771484375,0.42771484375,-3.2764765625,-11.9534296875,-14.767046875,-5.10141796875,-0.19478515625,-8.3042109375,-11.9812578125,-7.59378515625,15.306703125,-0.2093203125,-6.525921875,-10.35616796875,-3.41570703125,3.9891875,-8.78812890625,-7.1172734375,-7.6624765625,0.2749296875,-13.1495078125,-5.0435625,-10.654453125,-10.29444921875
-0.728031250000001,0.37044921875,3.9872109375,-1.78782421875,-4.90306640625,-9.48269140625,-4.03671484375,5.75671484375,-2.9784765625,-7.2104296875,-9.615046875,-1.82141796875,-0.49378515625,-5.8582109375,-7.6242578125,-3.93878515625,19.503703125,0.1366796875,-3.724921875,-6.60116796875,-1.28370703125,3.8441875,-6.90512890625,-2.3742734375,-3.7054765625,1.1439296875,-7.6535078125,-3.6795625,-7.376453125,-7.25844921875
1.74296875,2.30344921875,5.1402109375,-0.475824218749999,-1.43506640625,-4.95269140625,2.30628515625,10.47671484375,-2.2054765625,-2.2544296875,-3.683046875,1.76458203125,-0.69778515625,-3.2042109375,-3.2832578125,0.46021484375,23.540703125,0.4736796875,-0.437921875,-2.13916796875,1.19529296875,3.7061875,-4.27912890625,2.9357265625,0.7775234375,1.9689296875,-1.4725078125,-2.2415625,-3.639453125,-3.94944921875
3.83096875,4.18444921875,6.0752109375,0.230175781250001,0.67493359375,-0.604691406250001,8.11228515625,13.85871484375,-1.2684765625,1.9335703125,1.807953125,5.40458203125,-1.20178515625,-0.8482109375,0.4377421875,5.02721484375,26.663703125,0.5306796875,2.973078125,2.53783203125,3.59829296875,3.1641875,-1.30312890625,8.1957265625,5.0665234375,2.1929296875,4.6994921875,-1.0925625,-0.145453125,-1.10144921875
4.65296875,5.16944921875,5.9892109375,-0.0838242187499993,0.98193359375,2.34530859375,11.94728515625,15.36271484375,-0.8044765625,4.3595703125,5.534953125,8.66858203125,-2.51578515625,0.5987890625,2.9147421875,8.95921484375,28.299703125,-0.0463203124999999,5.896078125,6.71483203125,5.48529296875,1.7931875,1.43187109375,12.6877265625,8.4815234375,1.5039296875,10.1504921875,-0.4495625,2.558546875,0.78555078125
3.57496875,4.41044921875,4.1922109375,-1.56182421875,-0.53606640625,3.04030859375,12.91328515625,14.98171484375,-1.4024765625,4.5135703125,6.705953125,11.16558203125,-4.98278515625,0.6997890625,3.8527421875,11.59121484375,28.178703125,-1.5133203125,7.729078125,9.72383203125,6.57829296875,-0.6528125,3.30587109375,15.8087265625,10.6115234375,-0.0100703124999999,14.2564921875,-0.3645625,4.197546875,1.60055078125
0.730968749999999,1.83844921875,0.925210937499999,-3.85482421875,-3.30706640625,1.56930859375,11.21828515625,13.39271484375,-3.2194765625,2.7595703125,5.548953125,12.78058203125,-8.51578515625,-0.5382109375,3.5537421875,12.73521484375,26.449703125,-3.8293203125,8.194078125,11.24083203125,6.88229296875,-4.0908125,3.90887109375,17.2897265625,11.4265234375,-1.8950703125,16.6094921875,-0.7815625,4.778546875,1.62155078125
-2.80703125,-1.46655078125,-2.3977890625,-6.16682421875,-6.22206640625,-0.89769140625,8.22328515625,11.69871484375,-5.8754765625,0.3485703125,3.304953125,13.72058203125,-12.49878515625,-2.5752109375,2.8887421875,12.76321484375,23.694703125,-6.5913203125,7.509078125,11.41783203125,6.65929296875,-8.0688125,3.20287109375,17.2667265625,11.2355234375,-3.5100703125,17.1274921875,-1.6175625,4.491546875,1.33755078125
-5.44803125,-3.74155078125,-3.8787890625,-7.62182421875,-7.99306640625,-2.61469140625,5.85728515625,10.83371484375,-8.6384765625,-1.0844296875,1.676953125,14.31958203125,-15.97678515625,-4.5322109375,2.9217421875,12.36521484375,20.748703125,-9.1703203125,6.288078125,10.77683203125,6.26829296875,-11.9028125,1.53487109375,16.1907265625,10.4995234375,-4.3070703125,16.0754921875,-2.8175625,3.575546875,1.17555078125
-5.88203125,-3.58455078125,-2.3417890625,-7.72382421875,-7.66606640625,-2.15069140625,5.67028515625,11.03271484375,-10.7454765625,-0.2874296875,2.017953125,14.76458203125,-18.05178515625,-5.5692109375,4.3887421875,12.14821484375,18.405703125,-10.9683203125,5.254078125,9.94483203125,5.96829296875,-14.9038125,-0.51212890625,14.6267265625,9.6355234375,-4.0510703125,13.9854921875,-4.3155625,2.249546875,1.33855078125
-3.76303125,-0.832550781249999,1.8302109375,-6.60882421875,-5.01706640625,0.86430859375,8.07828515625,11.69171484375,-11.6334765625,3.0085703125,4.695953125,14.96158203125,-18.26178515625,-5.2092109375,7.3357421875,12.33321484375,17.174703125,-11.6383203125,4.931078125,9.38883203125,5.83229296875,-16.5868125,-2.30412890625,13.0647265625,8.8995234375,-2.8430703125,11.5254921875,-5.9165625,0.760546875,1.83755078125
0.124968749999999,3.30744921875,6.8092109375,-4.91682421875,-0.62806640625,5.53230859375,12.17428515625,11.72871484375,-11.0224765625,7.9905703125,8.937953125,14.60058203125,-16.70778515625,-3.4492109375,11.0917421875,12.71221484375,17.180703125,-11.1143203125,5.496078125,9.28183203125,5.78629296875,-16.7508125,-3.28612890625,11.8197265625,8.4055234375,-0.9660703125,9.3544921875,-7.1755625,-0.516453125,2.64655078125
4.27796875,6.91044921875,10.2832109375,-3.38482421875,4.35093359375,10.11330859375,16.15228515625,10.23171484375,-8.9424765625,13.1525703125,13.188953125,13.34558203125,-13.91078515625,-0.6662109375,14.5597421875,12.81721484375,18.203703125,-9.5283203125,6.791078125,9.49983203125,5.72629296875,-15.4468125,-3.07812890625,11.0127265625,8.1715234375,1.2889296875,7.9474921875,-7.4615625,-1.095453125,3.80355078125
7.15796875,8.29744921875,10.6352109375,-2.46282421875,8.59193359375,12.80630859375,18.06528515625,7.02171484375,-5.7444765625,16.9095703125,15.775953125,10.99758203125,-10.54978515625,2.5397890625,16.6367421875,12.15321484375,19.796703125,-7.1173203125,8.420078125,9.70483203125,5.58529296875,-12.9238125,-1.58612890625,10.5757265625,8.1415234375,3.6909296875,7.4254921875,-6.2265625,-0.594453125,5.35855078125
7.81796875,6.82944921875,7.7292109375,-2.17282421875,10.98293359375,12.49530859375,16.63528515625,2.76471484375,-2.0864765625,18.1675703125,15.567953125,7.61058203125,-7.24178515625,5.4887890625,16.5987421875,10.40121484375,21.431703125,-4.1903203125,9.873078125,9.48283203125,5.34029296875,-9.5968125,0.90887109375,10.2857265625,8.1835234375,6.0559296875,7.4994921875,-3.3635625,0.996546875,7.22955078125
6.21896875,3.14744921875,2.9122109375,-2.23182421875,10.90293359375,9.17330859375,11.82328515625,-1.45728515625,1.1865234375,16.6405703125,12.366953125,3.55058203125,-4.42978515625,7.5547890625,14.3357421875,7.56121484375,22.649703125,-1.1363203125,10.665078125,8.52183203125,5.02329296875,-6.0048125,3.77787109375,9.8447265625,8.1375234375,8.2459296875,7.5934921875,0.6134375,3.204546875,9.14155078125
3.17996875,-1.18355078125,-1.7127890625,-2.29582421875,8.34093359375,3.89130859375,4.89928515625,-4.73428515625,3.2725234375,12.8875703125,6.958953125,-0.53541796875,-2.34678515625,8.2947890625,10.3967421875,4.00321484375,23.188703125,1.6036796875,10.476078125,6.77483203125,4.74429296875,-2.7248125,6.21087109375,8.9967265625,7.9065234375,10.2069296875,7.1174921875,4.7004375,5.229546875,10.69755078125
0.0289687499999989,-4.45355078125,-4.3447890625,-2.12582421875,3.87993359375,-1.67269140625,-2.05171484375,-6.65528515625,3.7085234375,8.0625703125,0.833953125,-3.86241796875,-1.02978515625,7.5787890625,5.8317421875,0.40521484375,23.048703125,3.6196796875,9.262078125,4.53283203125,4.68129296875,-0.2278125,7.50687109375,7.6517265625,7.5165234375,11.9719296875,5.7284921875,7.8054375,6.283546875,11.55655078125
-1.91003125,-5.54355078125,-4.2727890625,-1.61582421875,-1.39006640625,-5.82369140625,-6.99371484375,-7.23528515625,2.6175234375,3.5305703125,-4.305046875,-5.73541796875,-0.32378515625,5.6937890625,1.8677421875,-2.43678515625,22.499703125,4.6826796875,7.304078125,2.34383203125,5.01329296875,1.2871875,7.36387109375,5.9647265625,7.1125234375,13.5919296875,3.4754921875,9.2204375,5.919546875,11.56955078125
-1.79603125,-4.28855078125,-2.0227890625,-0.73082421875,-6.07406640625,-7.41769140625,-8.72871484375,-6.71728515625,0.7385234375,0.4765703125,-7.100046875,-5.76241796875,0.0932148437500002,3.3447890625,-0.4692578125,-3.84778515625,21.975703125,4.8696796875,5.170078125,0.83883203125,5.81829296875,1.9721875,6.04087109375,4.3307265625,6.8885234375,15.0309296875,0.7874921875,8.9074375,4.213546875,10.81155078125
0.40796875,-1.41355078125,1.0492109375,0.52317578125,-8.83206640625,-6.21369140625,-7.27171484375,-5.47028515625,-0.882476562499999,-0.4244296875,-6.975046875,-4.00041796875,0.61621484375,1.4617890625,-0.6852578125,-3.50878515625,21.865703125,4.5676796875,3.540078125,0.50483203125,6.97829296875,2.2511875,4.26887109375,3.2457265625,6.9855234375,16.1159296875,-1.6965078125,7.4394375,1.709546875,9.49055078125
3.88096875,1.78544921875,3.3832109375,2.04917578125,-8.86506640625,-2.92269140625,-3.71971484375,-3.98428515625,-1.3824765625,0.7865703125,-4.287046875,-0.98841796875,1.53821484375,0.8107890625,1.0327421875,-1.59678515625,22.247703125,4.2826796875,2.927078125,1.48083203125,8.15829296875,2.5811875,2.90287109375,3.0757265625,7.3905234375,16.5429296875,-3.3975078125,5.6574375,-0.849453125,7.83255078125
7.21096875,3.90644921875,3.8242109375,3.58817578125,-6.27806640625,1.08130859375,0.28428515625,-2.81128515625,-0.4744765625,3.3635703125,-0.121046875,2.36958203125,2.87721484375,1.6377890625,3.9157421875,1.24721484375,22.753703125,4.3966796875,3.440078125,3.47483203125,8.89229296875,3.1941875,2.50887109375,3.8357265625,7.9115234375,15.9829296875,-4.0285078125,4.2464375,-2.824453125,6.00955078125
8.97496875,4.00544921875,2.1042109375,4.75517578125,-2.06706640625,4.30530859375,3.25228515625,-2.41928515625,1.5205234375,6.1595703125,4.140953125,5.09458203125,4.35321484375,3.5597890625,6.9107421875,4.12621484375,22.678703125,4.9996796875,4.726078125,5.83983203125,8.76829296875,3.9941875,3.11887109375,5.1327265625,8.2415234375,14.2349296875,-3.6845078125,3.4904375,-3.891453125,4.13255078125
8.38396875,2.08144921875,-0.9677890625,5.19017578125,2.26693359375,5.70330859375,4.41228515625,-2.99728515625,3.9275234375,8.0845703125,7.276953125,6.50858203125,5.54021484375,5.7647890625,9.0497421875,6.19021484375,21.311703125,5.8836796875,6.119078125,7.77283203125,7.58929296875,4.6261875,4.27187109375,6.3097265625,8.0615234375,11.3249296875,-2.7715078125,3.2404375,-4.116453125,2.23455078125
5.67596875,-0.84955078125,-3.7957890625,4.76317578125,5.29093359375,5.03330859375,3.87928515625,-4.30628515625,6.0455234375,8.4965703125,8.565953125,6.47158203125,6.07821484375,7.3677890625,9.7107421875,6.89021484375,18.323703125,6.6316796875,6.899078125,8.56183203125,5.42429296875,4.6531875,5.25087109375,6.7117265625,7.1265234375,7.4719296875,-1.8485078125,3.0644375,-3.913453125,0.23155078125
2.00596875,-3.20755078125,-4.7257890625,3.69717578125,6.16093359375,2.87630859375,2.44228515625,-5.68228515625,7.3605234375,7.3675703125,7.954953125,5.37458203125,5.81321484375,7.7447890625,8.7637421875,6.13021484375,14.017703125,6.7786796875,6.581078125,7.81683203125,2.55329296875,3.7611875,5.41687109375,5.9627265625,5.3295234375,2.9909296875,-1.4175078125,2.4764375,-3.870453125,-2.05844921875
-1.09803125,-3.61755078125,-2.8557890625,2.51517578125,4.94993359375,0.37230859375,1.15928515625,-6.26428515625,7.6345234375,5.2565703125,6.053953125,3.93158203125,4.83121484375,6.7567890625,6.6127421875,4.30421484375,9.350703125,6.0106796875,5.146078125,5.67683203125,-0.58870703125,1.9341875,4.52087109375,4.1877265625,2.8105234375,-1.7300703125,-1.6825078125,1.2154375,-4.425453125,-4.73344921875
-2.41403125,-1.55655078125,1.4952109375,1.81817578125,2.62793359375,-1.21469140625,0.948285156250001,-5.39328515625,6.9165234375,3.1275703125,3.950953125,2.92158203125,3.40921484375,4.8077890625,4.1377421875,2.23621484375,5.670703125,4.3536796875,3.135078125,2.88383203125,-3.43870703125,-0.4668125,2.86987109375,2.0467265625,0.0625234375,-6.1360703125,-2.3675078125,-0.5625625,-5.553453125,-7.56644921875
-1.53703125,2.36944921875,6.8672109375,1.99917578125,0.63393359375,-0.98569140625,2.26528515625,-2.96028515625,5.4875234375,2.0095703125,2.815953125,2.94658203125,1.89721484375,2.6747890625,2.4287421875,0.93721484375,4.228703125,2.2046796875,1.476078125,0.60583203125,-5.35570703125,-2.8108125,1.20987109375,0.5357265625,-2.1124765625,-9.4750703125,-2.7545078125,-2.3015625,-6.679453125,-9.89944921875
0.993968749999999,6.65544921875,11.2362109375,3.04817578125,0.13593359375,1.21730859375,4.91728515625,0.50371484375,3.7545234375,2.5615703125,3.428953125,4.24658203125,0.56921484375,1.1577890625,2.3657421875,1.22921484375,5.628703125,0.1626796875,1.076078125,-0.0371679687499999,-5.78670703125,-4.4858125,0.35587109375,0.5677265625,-2.8664765625,-10.9620703125,-2.0315078125,-3.2925625,-6.953453125,-10.85444921875
3.98996875,9.54844921875,12.8792109375,4.57117578125,1.40693359375,4.71230859375,8.10628515625,4.01971484375,2.0795234375,4.7435703125,5.823953125,6.59858203125,-0.50378515625,0.7247890625,4.2057421875,3.34721484375,9.504703125,-1.2753203125,2.370078125,1.49483203125,-4.48570703125,-5.2158125,0.76287109375,2.5507265625,-1.6944765625,-10.1220703125,0.2494921875,-3.0245625,-5.726453125,-9.77544921875
6.16696875,9.86244921875,11.1562109375,5.97917578125,3.69193359375,8.26030859375,10.75528515625,6.52171484375,0.6225234375,7.8055703125,9.230953125,9.38058203125,-1.48478515625,1.3317890625,7.4297421875,6.76521484375,14.640703125,-1.9723203125,5.104078125,4.87483203125,-1.67270703125,-5.2078125,2.29687109375,6.1567265625,1.2895234375,-7.0660703125,3.8834921875,-1.4185625,-2.916453125,-6.61344921875
6.67096875,7.51744921875,6.8032109375,6.70517578125,5.62893359375,10.58430859375,11.94628515625,7.25271484375,-0.7464765625,10.5975703125,12.379953125,11.80358203125,-2.70778515625,2.4997890625,10.9367421875,10.36021484375,19.474703125,-2.1893203125,8.434078125,9.02783203125,1.98229296875,-5.0358125,4.32287109375,10.4247265625,5.3475234375,-2.5430703125,8.0684921875,1.1494375,0.933546875,-2.02044921875
5.34096875,3.49544921875,1.5302109375,6.36817578125,5.96193359375,10.86430859375,11.26028515625,6.08571484375,-2.3684765625,12.0185703125,14.018953125,13.18058203125,-4.52278515625,3.5587890625,13.4857421875,12.84821484375,22.718703125,-2.4093203125,11.280078125,12.58383203125,5.55029296875,-5.3248125,6.02687109375,14.1177265625,9.3745234375,2.2909296875,11.7314921875,4.0114375,4.872546875,2.88155078125
2.61196875,-0.72955078125,-2.8307890625,4.84917578125,4.15493359375,8.99330859375,8.87628515625,3.60871484375,-4.5554765625,11.3985703125,13.420953125,13.10858203125,-7.10178515625,3.9277890625,14.1747421875,13.27821484375,23.805703125,-3.0483203125,12.742078125,14.40383203125,8.13429296875,-6.4218125,6.77687109375,16.1667265625,12.2855234375,6.2589296875,13.9374921875,6.4334375,7.898546875,6.90255078125
-0.775031250000001,-3.88555078125,-5.0987890625,2.31517578125,0.62893359375,5.51430859375,5.46828515625,0.85571484375,-7.3164765625,8.7105703125,10.621953125,11.52158203125,-10.28178515625,3.3447890625,12.7317421875,11.38621484375,22.971703125,-4.2033203125,12.415078125,13.98183203125,9.14729296875,-8.2308125,6.36387109375,16.0287265625,13.3735234375,8.5569296875,14.1914921875,7.8264375,9.280546875,9.15655078125
-4.09403125,-5.35655078125,-5.0967890625,-0.811824218749999,-3.45706640625,1.35630859375,1.93928515625,-1.21128515625,-10.2264765625,4.5585703125,6.352953125,8.64258203125,-13.54578515625,1.9377890625,9.5597421875,7.64921484375,20.983703125,-5.5973203125,10.496078125,11.56183203125,8.47329296875,-10.2688125,5.02787109375,13.8297265625,12.5135234375,8.9749296875,12.5454921875,7.8854375,8.766546875,9.29655078125
-6.85003125,-5.29755078125,-3.5287890625,-3.97082421875,-6.75706640625,-2.51769140625,-0.91471484375,-2.18228515625,-12.5644765625,-0.0384296875000001,1.719953125,4.90658203125,-16.18978515625,0.1267890625,5.5387421875,3.07121484375,18.678703125,-6.7423203125,7.650078125,7.97183203125,6.44529296875,-11.8978125,3.29187109375,10.2597265625,10.1365234375,7.8649296875,9.5154921875,6.6654375,6.631546875,7.56055078125
-8.86103125,-4.46655078125,-1.5957890625,-6.62482421875,-8.35706640625,-5.42669140625,-2.71971484375,-2.37428515625,-13.6724765625,-4.0234296875,-2.206046875,0.87558203125,-17.57978515625,-1.5982109375,1.6827421875,-1.20678515625,16.570703125,-7.2173203125,4.719078125,4.26083203125,3.67529296875,-12.5748125,1.70587109375,6.2827265625,7.0325234375,5.9069296875,5.8984921875,4.5934375,3.572546875,4.66755078125
-10.18903125,-3.85255078125,-0.522789062500001,-8.40982421875,-8.12406640625,-7.11369140625,-3.62271484375,-2.61128515625,-13.2954765625,-6.6374296875,-4.720046875,-2.84941796875,-17.37778515625,-2.8692109375,-1.2022578125,-4.27578515625,14.745703125,-6.8593203125,2.425078125,1.33583203125,0.85429296875,-12.0218125,0.66187109375,2.8267265625,4.0755234375,3.8339296875,2.5744921875,2.3954375,0.511546875,1.59255078125
-10.97303125,-4.20855078125,-1.0977890625,-9.15982421875,-6.63506640625,-7.69869140625,-4.08471484375,-3.72128515625,-11.7034765625,-7.5914296875,-5.641046875,-5.70641796875,-15.63278515625,-3.4972109375,-2.7362578125,-5.67478515625,13.041703125,-5.7693203125,1.195078125,-0.27016796875,-1.40770703125,-10.2488125,0.33387109375,0.5397265625,1.9955234375,2.2279296875,0.3344921875,0.8904375,-1.657453125,-0.73344921875
-11.25503125,-5.65855078125,-3.3377890625,-8.83982421875,-4.77106640625,-7.46369140625,-4.51071484375,-5.97628515625,-9.5214765625,-7.0414296875,-5.242046875,-7.28041796875,-12.73878515625,-3.4272109375,-3.0002578125,-5.44178515625,11.305703125,-4.1743203125,1.114078125,-0.47816796875,-2.68870703125,-7.5168125,0.70387109375,-0.3222734375,1.1975234375,1.4159296875,-0.3055078125,0.6764375,-2.354453125,-1.71044921875
-10.93603125,-7.61555078125,-6.4237890625,-7.50482421875,-3.26906640625,-6.67169140625,-5.00671484375,-8.77828515625,-7.4304765625,-5.4634296875,-4.043046875,-7.41541796875,-9.29678515625,-2.7022109375,-2.4162578125,-4.03278515625,9.539703125,-2.3133203125,1.962078125,0.38183203125,-2.85370703125,-4.2718125,1.58587109375,0.0817265625,1.6655234375,1.3899296875,0.7064921875,1.8474375,-1.536453125,-1.26344921875
-9.90303125,-9.10255078125,-9.0457890625,-5.34582421875,-2.49906640625,-5.53569140625,-5.42571484375,-10.89728515625,-5.9224765625,-3.4944296875,-2.623046875,-6.33241796875,-5.93378515625,-1.4962109375,-1.5482578125,-2.18678515625,7.849703125,-0.4203203125,3.274078125,1.67783203125,-2.12970703125,-1.0748125,2.65787109375,1.2247265625,2.9305234375,1.8009296875,2.8724921875,3.9044375,0.259546875,0.11355078125
-8.22403125,-9.31855078125,-10.0557890625,-2.75682421875,-2.50106640625,-4.31069140625,-5.63371484375,-11.17528515625,-5.2094765625,-1.7894296875,-1.529046875,-4.64841796875,-3.12078515625,-0.1642109375,-0.9312578125,-0.74478515625,6.324703125,1.2306796875,4.443078125,2.65583203125,-1.09470703125,1.4941875,3.50587109375,2.3297265625,4.1725234375,2.0459296875,5.2434921875,5.9434375,2.100546875,1.50355078125
-6.25103125,-8.12855078125,-9.0837890625,-0.29382421875,-3.15706640625,-3.37569140625,-5.71871484375,-9.26928515625,-5.2334765625,-0.8934296875,-1.220046875,-3.22141796875,-1.07478515625,0.7997890625,-0.9352578125,-0.43178515625,4.940703125,2.3136796875,4.885078125,2.66183203125,-0.51570703125,2.9761875,3.74687109375,2.6007265625,4.4625234375,1.4519296875,6.7434921875,7.0124375,3.014546875,1.87855078125
-4.56003125,-6.17155078125,-6.7477890625,1.51417578125,-4.32506640625,-3.16469140625,-5.99271484375,-5.91228515625,-5.7154765625,-1.1354296875,-1.978046875,-2.81941796875,0.21121484375,0.9277890625,-1.7102578125,-1.62978515625,3.552703125,2.5616796875,4.240078125,1.35583203125,-1.07070703125,3.1591875,3.16087109375,1.5007265625,3.0965234375,-0.4940703125,6.5724921875,6.4864375,2.359546875,0.48655078125
-3.76103125,-4.53155078125,-4.3267890625,2.32117578125,-5.85306640625,-3.99969140625,-6.78271484375,-2.54428515625,-6.2504765625,-2.5774296875,-3.815046875,-3.75941796875,0.86321484375,0.0017890625000001,-3.2012578125,-4.23478515625,1.949703125,1.9206796875,2.516078125,-1.15916796875,-3.07470703125,2.1441875,1.78987109375,-1.0082734375,-0.0944765625,-3.9360703125,4.5364921875,4.3074375,0.0815468750000004,-2.80944921875
-4.27303125,-4.17355078125,-3.0787890625,2.00517578125,-7.53706640625,-5.91969140625,-8.18871484375,-0.58928515625,-6.4514765625,-5.0114296875,-6.451046875,-5.74241796875,1.01821484375,-1.8302109375,-5.2322578125,-7.66778515625,-0.0332968749999978,0.6216796875,0.084078125,-4.37816796875,-6.33870703125,0.2971875,-0.0681289062499999,-4.4292734375,-4.6184765625,-8.5160703125,1.1274921875,0.9974375,-3.260453125,-7.43644921875
-6.17003125,-5.47855078125,-3.6227890625,0.58317578125,-9.10206640625,-8.62569140625,-9.96871484375,-0.76128515625,-6.1424765625,-8.0314296875,-9.392046875,-8.00441796875,0.75821484375,-4.1132109375,-7.5862578125,-11.07578515625,-2.377296875,-0.9033203125,-2.498921875,-7.57516796875,-10.22470703125,-1.8988125,-1.99212890625,-7.9262734375,-9.4594765625,-13.3910703125,-2.6925078125,-2.5465625,-6.710453125,-12.28644921875
-9.14803125,-8.11655078125,-5.7017890625,-1.86282421875,-10.26606640625,-11.51569140625,-11.60771484375,-2.70428515625,-5.5164765625,-11.1184296875,-12.050046875,-9.71041796875,0.09521484375,-6.3092109375,-10.0152578125,-13.60478515625,-4.794296875,-2.2443203125,-4.724921875,-10.06716796875,-13.84970703125,-4.0088125,-3.62312890625,-10.6452734375,-13.4324765625,-17.4390703125,-5.8705078125,-5.3885625,-9.279453125,-16.09744921875
-12.55703125,-11.23855078125,-8.3727890625,-5.14482421875,-10.84106640625,-13.82469140625,-12.52571484375,-5.13328515625,-5.1194765625,-13.7164296875,-13.834046875,-10.32541796875,-0.97078515625,-8.0172109375,-12.1682578125,-14.64378515625,-6.801296875,-3.2043203125,-6.284921875,-11.38716796875,-16.33870703125,-5.7418125,-4.77612890625,-11.9932734375,-15.5714765625,-19.6150703125,-7.6135078125,-6.8465625,-10.264453125,-17.85044921875
-15.48303125,-13.77855078125,-10.4637890625,-8.81282421875,-10.78706640625,-14.79169140625,-12.27771484375,-6.45428515625,-5.5834765625,-15.2584296875,-14.236046875,-9.74341796875,-2.35378515625,-9.0342109375,-13.5262578125,-13.93678515625,-7.940296875,-3.8413203125,-7.056921875,-11.33616796875,-17.01470703125,-6.9428125,-5.42812890625,-11.7422734375,-15.3934765625,-19.3120703125,-7.5455078125,-6.6595625,-9.423453125,-17.08344921875
-16.89403125,-14.75355078125,-11.0337890625,-12.01282421875,-10.18506640625,-13.86269140625,-10.68871484375,-5.57828515625,-7.1934765625,-15.2154296875,-12.929046875,-8.17641796875,-3.79078515625,-9.2862109375,-13.4802578125,-11.59278515625,-8.047296875,-4.3543203125,-7.010921875,-9.92716796875,-15.53070703125,-7.5608125,-5.61212890625,-9.9962734375,-12.9764765625,-16.5930703125,-5.7085078125,-5.0035625,-6.988453125,-14.02544921875
-15.93603125,-13.52455078125,-9.6867890625,-13.57282421875,-9.13906640625,-10.88469140625,-7.89671484375,-2.46528515625,-9.5624765625,-13.2434296875,-9.880046875,-5.98541796875,-4.87778515625,-8.7372109375,-11.5662578125,-8.05478515625,-7.384296875,-4.9253203125,-6.158921875,-7.35916796875,-11.93670703125,-7.6488125,-5.37012890625,-7.1432734375,-8.9134765625,-12.1950703125,-2.5255078125,-2.4235625,-3.601453125,-9.54544921875
-12.31803125,-10.03655078125,-6.6737890625,-12.40082421875,-7.65406640625,-6.21269140625,-4.32771484375,1.89871484375,-11.6934765625,-9.3884296875,-5.442046875,-3.57941796875,-5.24578515625,-7.4052109375,-7.7662578125,-4.03578515625,-6.510296875,-5.6223203125,-4.603921875,-4.03116796875,-6.70670703125,-7.4188125,-4.79812890625,-3.7972734375,-4.1694765625,-7.2870703125,1.2314921875,0.2784375,-0.187453125,-4.90144921875
-6.58803125,-4.92755078125,-2.7857890625,-8.07082421875,-5.61506640625,-0.68869140625,-0.62771484375,6.03271484375,-12.4584765625,-4.2184296875,-0.363046875,-1.40241796875,-4.78978515625,-5.4392109375,-2.6652578125,-0.38678515625,-5.946296875,-6.4083203125,-2.626921875,-0.54516796875,-0.68170703125,-7.2208125,-4.11412890625,-0.7162734375,0.1405234375,-3.0780703125,4.5674921875,2.2354375,2.282546875,-1.34844921875
-0.0970312500000006,0.57544921875,0.909210937499999,-1.26682421875,-2.94006640625,4.54130859375,2.45228515625,8.62771484375,-11.2224765625,1.2345703125,4.326953125,0.10258203125,-3.79478515625,-3.1852109375,2.6287421875,2.10621484375,-5.879296875,-7.2063203125,-0.693921875,2.40983203125,5.11629296875,-7.4208125,-3.63312890625,1.3947265625,3.0665234375,-0.4010703125,6.5564921875,2.7904375,3.124546875,0.26755078125
5.38496875,5.00844921875,3.4012109375,6.25417578125,0.16593359375,8.32030859375,4.20928515625,9.06271484375,-8.2444765625,5.7135703125,7.559953125,0.59758203125,-2.84678515625,-1.1712109375,6.8057421875,2.94721484375,-6.125296875,-7.9773203125,0.662078125,4.23783203125,9.74329296875,-8.2028125,-3.64912890625,2.1247265625,4.1235234375,0.5219296875,6.7344921875,1.7724375,2.266546875,-0.19844921875
8.26296875,7.15644921875,4.0652109375,12.27717578125,3.10193359375,9.82530859375,4.16328515625,7.55071484375,-4.5994765625,8.1045703125,8.580953125,-0.0254179687500002,-2.58378515625,0.0247890625000001,8.7947421875,2.06621484375,-6.371296875,-8.7453203125,1.052078125,4.63983203125,12.60229296875,-9.4448125,-4.27312890625,1.5287265625,3.4575234375,0.0559296874999999,5.3584921875,-0.3655625,0.351546875,-2.14644921875
7.68896875,6.50344921875,2.8512109375,15.02217578125,5.03693359375,8.83230859375,2.26128515625,4.88771484375,-1.6874765625,7.8135703125,7.235953125,-1.59141796875,-3.39178515625,-0.0092109374999999,8.1547421875,-0.15078515625,-6.478296875,-9.5403203125,0.422078125,3.73183203125,13.59729296875,-10.7408125,-5.32712890625,0.1257265625,1.7815234375,-1.0520703125,3.3414921875,-2.6815625,-1.480453125,-4.47144921875
3.88496875,3.45244921875,0.2932109375,13.86617578125,5.29393359375,5.79030859375,-1.00571484375,1.94071484375,-0.610476562499999,5.0205703125,4.069953125,-3.67841796875,-5.25078515625,-1.3022109375,5.2697421875,-2.96378515625,-6.572296875,-10.3193203125,-0.868921875,2.03983203125,13.10329296875,-11.5698125,-6.37412890625,-1.3132734375,0.0995234375,-1.9530703125,1.8514921875,-4.1485625,-2.100453125,-5.99544921875
-1.93903125,-0.84655078125,-2.7087890625,9.48917578125,3.66893359375,1.66130859375,-4.67271484375,-0.73328515625,-1.7704765625,0.6495703125,0.146953125,-5.73641796875,-7.80378515625,-3.4442109375,1.2237421875,-5.47678515625,-6.908296875,-10.9633203125,-2.184921875,0.32583203125,11.76329296875,-11.5318125,-6.89712890625,-2.0782734375,-0.6954765625,-1.9520703125,1.7424921875,-4.1355625,-0.945453125,-5.93744921875
-8.05303125,-5.00455078125,-5.2637890625,3.43217578125,0.49393359375,-2.43169140625,-7.60571484375,-2.95028515625,-4.8294765625,-3.9814296875,-3.320046875,-7.24041796875,-10.60978515625,-5.7512109375,-2.6042578125,-6.92478515625,-7.646296875,-11.3463203125,-2.900921875,-0.70816796875,10.21829296875,-10.5368125,-6.57312890625,-1.8322734375,-0.1774765625,-0.7190703125,3.1424921875,-2.7155625,1.678546875,-4.19144921875
-12.82703125,-7.96855078125,-6.8687890625,-2.64582421875,-3.53506640625,-5.58269140625,-8.92671484375,-4.70228515625,-8.9584765625,-7.6634296875,-5.394046875,-7.85041796875,-13.37978515625,-7.5662109375,-5.0702578125,-6.92278515625,-8.722296875,-11.4243203125,-2.693921875,-0.70416796875,8.89829296875,-8.8358125,-5.45012890625,-0.7272734375,1.4715234375,1.6039296875,5.4304921875,-0.5975625,4.746546875,-1.32544921875
-15.26203125,-9.36055078125,-7.5787890625,-7.57682421875,-7.61806640625,-7.33669140625,-8.34571484375,-5.97928515625,-13.2004765625,-9.6884296875,-5.730046875,-7.51441796875,-16.04278515625,-8.4902109375,-5.6552578125,-5.58778515625,-9.871296875,-11.2313203125,-1.657921875,0.25083203125,7.95729296875,-6.8868125,-3.89712890625,0.7287265625,3.6175234375,4.4639296875,7.6434921875,1.2744375,7.062546875,1.71755078125
-15.20803125,-9.44755078125,-7.8767890625,-10.88582421875,-11.04206640625,-7.71469140625,-6.26371484375,-6.73428515625,-16.7344765625,-9.9674296875,-4.638046875,-6.45441796875,-18.61678515625,-8.4292109375,-4.5422578125,-3.45578515625,-10.768296875,-10.7863203125,-0.164921875,1.73783203125,7.32229296875,-5.0898125,-2.34412890625,1.9907265625,5.5295234375,7.1109296875,9.0424921875,2.2404375,7.898546875,4.06055078125
-13.28703125,-8.85855078125,-8.3157890625,-12.60082421875,-13.27606640625,-7.04969140625,-3.59171484375,-6.91128515625,-19.0144765625,-8.8874296875,-2.853046875,-5.05141796875,-21.00178515625,-7.4962109375,-2.3962578125,-1.24078515625,-11.199296875,-9.9953203125,1.390078125,3.25283203125,6.78129296875,-3.5788125,-1.02812890625,2.7697265625,6.7195234375,8.8919296875,9.4664921875,2.2444375,7.337546875,5.27655078125
-10.56903125,-8.24855078125,-9.1847890625,-12.94082421875,-14.00706640625,-5.78069140625,-1.36871484375,-6.51328515625,-19.8004765625,-7.0514296875,-1.159046875,-3.66541796875,-22.87078515625,-5.8832109375,-0.00825781249999991,0.43321484375,-11.173296875,-8.6583203125,2.781078125,4.39983203125,6.08629296875,-2.1818125,0.10487109375,3.1137265625,7.0875234375,9.4709296875,9.2814921875,1.7964375,6.136546875,5.50955078125
-8.15103125,-8.01955078125,-10.3357890625,-12.12082421875,-13.14706640625,-4.30669140625,-0.32671484375,-5.65028515625,-19.1294765625,-5.0374296875,-0.0800468750000001,-2.48941796875,-23.74178515625,-3.7932109375,1.9817421875,1.22421484375,-10.880296875,-6.5893203125,3.965078125,4.97183203125,5.07029296875,-0.5818125,1.27487109375,3.2667265625,6.8395234375,8.9279296875,9.0214921875,1.6324375,5.235546875,5.29255078125
-6.79703125,-8.19555078125,-11.2447890625,-10.37182421875,-10.83306640625,-2.92469140625,-0.62771484375,-4.54528515625,-17.2474765625,-3.2614296875,0.213953125,-1.52441796875,-23.18378515625,-1.4522109375,3.1847421875,1.11421484375,-10.522296875,-3.7763203125,4.957078125,4.92883203125,3.74029296875,1.4221875,2.65387109375,3.4487265625,6.3035234375,7.6849296875,9.0254921875,2.2964375,5.231546875,5.17155078125
-6.77703125,-8.48955078125,-11.2897890625,-8.04482421875,-7.44506640625,-1.85169140625,-1.91471484375,-3.43128515625,-14.5084765625,-1.9654296875,-0.186046875,-0.68841796875,-21.05478515625,0.8407890625,3.4267421875,0.33921484375,-10.177296875,-0.4793203125,5.691078125,4.34683203125,2.31629296875,3.7311875,4.21187109375,3.7297265625,5.7675234375,6.3129296875,9.3004921875,3.8754375,6.115546875,5.40255078125
-7.90303125,-8.54855078125,-10.1407890625,-5.65882421875,-3.61506640625,-1.25169140625,-3.62171484375,-2.43528515625,-11.3014765625,-1.2794296875,-1.078046875,0.0335820312499999,-17.59378515625,2.7087890625,2.7047421875,-0.74178515625,-9.785296875,2.8216796875,5.999078125,3.39483203125,1.15529296875,5.9661875,5.70887109375,4.0747265625,5.4185234375,5.2969296875,9.6554921875,5.9964375,7.375546875,5.88855078125
-9.68403125,-8.21555078125,-8.0527890625,-3.78782421875,-0.18606640625,-1.23469140625,-5.26371484375,-1.56228515625,-8.0154765625,-1.2564296875,-2.241046875,0.550582031249999,-13.34178515625,3.7967890625,1.2167421875,-1.74178515625,-9.286296875,5.5996796875,5.749078125,2.36683203125,0.61729296875,7.6601875,6.84487109375,4.4837265625,5.3955234375,4.8839296875,9.9694921875,8.0424375,8.345546875,6.36055078125
-11.49003125,-7.62455078125,-5.8307890625,-2.82882421875,1.97193359375,-1.80369140625,-6.54071484375,-0.811285156249999,-5.0304765625,-1.8254296875,-3.444046875,0.77658203125,-8.91978515625,3.9497890625,-0.5742578125,-2.28778515625,-8.735296875,7.4746796875,5.028078125,1.68283203125,0.93729296875,8.4991875,7.45587109375,5.0917265625,5.8375234375,5.0499296875,10.3454921875,9.4324375,8.573546875,6.60655078125
-12.72003125,-7.09855078125,-4.4627890625,-2.78782421875,2.24893359375,-2.78169140625,-7.25371484375,-0.25528515625,-2.6804765625,-2.7434296875,-4.390046875,0.78658203125,-4.83578515625,3.3417890625,-1.9872578125,-2.06578515625,-8.319296875,8.3266796875,4.204078125,1.78083203125,2.12129296875,8.4291875,7.59287109375,6.1167265625,6.8455234375,5.5609296875,11.0304921875,9.8254375,7.975546875,6.59555078125
-12.95703125,-6.94455078125,-4.5967890625,-3.24882421875,0.60293359375,-3.80069140625,-7.20971484375,0.0067148437500002,-1.2004765625,-3.6144296875,-4.709046875,0.84158203125,-1.39978515625,2.4327890625,-2.3332578125,-0.91378515625,-8.257296875,8.2706796875,3.798078125,2.90983203125,3.90629296875,7.6261875,7.44687109375,7.6817265625,8.3675234375,6.0609296875,12.1534921875,9.1964375,6.781546875,6.43555078125
-12.09703125,-7.25455078125,-6.1717890625,-3.57382421875,-2.30706640625,-4.39269140625,-6.23271484375,-0.00928515624999982,-0.657476562499999,-4.0304296875,-4.059046875,1.23958203125,1.25621484375,1.7547890625,-1.2472578125,1.06521484375,-8.687296875,7.5676796875,4.196078125,4.92283203125,5.79729296875,6.3751875,7.19787109375,9.6307265625,10.0915234375,6.1979296875,13.5064921875,7.7854375,5.361546875,6.27555078125
-10.38403125,-7.82055078125,-8.3997890625,-3.25682421875,-5.30106640625,-4.18169140625,-4.29771484375,-0.13128515625,-0.940476562499999,-3.7464296875,-2.357046875,2.08458203125,3.08721484375,1.6497890625,1.0267421875,3.42721484375,-9.620296875,6.4966796875,5.390078125,7.23283203125,7.21029296875,4.9471875,6.88087109375,11.4647265625,11.4785234375,5.7579296875,14.5484921875,5.9644375,4.058546875,6.21055078125
-8.34203125,-8.25455078125,-10.1757890625,-2.22582421875,-7.16106640625,-3.10369140625,-1.71071484375,-0.12728515625,-1.7994765625,-2.8394296875,0.025953125,3.11858203125,4.05621484375,2.0807890625,3.5927421875,5.43221484375,-10.970296875,5.2556796875,6.887078125,8.96883203125,7.65529296875,3.5361875,6.36887109375,12.4707265625,11.9365234375,4.7489296875,14.6254921875,4.0814375,3.067546875,6.22955078125
-6.61603125,-8.26455078125,-10.6957890625,-0.882824218749999,-7.19106640625,-1.50169140625,0.815285156250001,0.14871484375,-2.9304765625,-1.7284296875,2.295953125,3.76658203125,4.11821484375,2.6367890625,5.2057421875,6.26621484375,-12.631296875,3.9246796875,7.879078125,9.29683203125,6.91129296875,2.2471875,5.45887109375,12.0137265625,11.0615234375,3.4009296875,13.2864921875,2.3514375,2.387546875,6.23755078125
-5.71903125,-7.87855078125,-9.9077890625,0.17317578125,-5.54706640625,-0.00269140625000031,2.34028515625,0.65171484375,-4.0654765625,-0.9884296875,3.553953125,3.40458203125,3.30121484375,2.7387890625,4.8387421875,5.38621484375,-14.495296875,2.5056796875,7.616078125,7.79383203125,5.11929296875,1.1501875,4.03087109375,9.8737265625,8.8515234375,2.0889296875,10.5434921875,0.8674375,1.889546875,6.13055078125
-5.78203125,-7.38855078125,-8.4687890625,0.53417578125,-3.13206640625,0.78730859375,2.13628515625,1.11471484375,-5.0054765625,-1.0364296875,3.255953125,1.74058203125,1.80921484375,1.9617890625,2.2567421875,2.84021484375,-16.427296875,1.0256796875,5.810078125,4.70983203125,2.77429296875,0.3411875,2.18487109375,6.4487265625,5.7805234375,1.2299296875,6.9304921875,-0.3015625,1.449546875,5.87255078125
-6.44803125,-7.07955078125,-7.2517890625,0.22117578125,-1.12206640625,0.61630859375,0.14928515625,1.16371484375,-5.6084765625,-1.8544296875,1.525953125,-0.93741796875,0.0382148437499996,0.2947890625,-1.7572578125,-0.63078515625,-18.229296875,-0.3973203125,2.824078125,0.94283203125,0.58829296875,-0.0668125000000002,0.26787109375,2.6707265625,2.6715234375,1.1529296875,3.3294921875,-1.0365625,1.081546875,5.51455078125
-7.02303125,-6.95655078125,-6.7487890625,-0.37982421875,-0.35906640625,-0.24769140625,-2.85671484375,0.533714843749999,-5.7594765625,-2.9524296875,-0.827046875,-3.80541796875,-1.55378515625,-1.8182109375,-5.6582578125,-3.83478515625,-19.668296875,-1.5653203125,-0.446921875,-2.28216796875,-0.76970703125,-0.0288125000000001,-1.26412890625,-0.3472734375,0.3945234375,1.9539296875,0.6294921875,-1.1995625,0.940546875,5.16255078125
-6.82803125,-6.68555078125,-6.7747890625,-0.811824218749999,-0.91106640625,-1.11469140625,-5.57771484375,-0.71428515625,-5.3844765625,-3.5804296875,-2.633046875,-5.85241796875,-2.62378515625,-3.6582109375,-7.7782578125,-5.60078515625,-20.517296875,-2.2943203125,-2.940921875,-3.90316796875,-0.94270703125,0.3281875,-2.04712890625,-1.7572734375,-0.4744765625,3.4209296875,-0.6005078125,-0.7635625,1.203546875,4.90455078125
-5.54903125,-5.80555078125,-6.6437890625,-0.84882421875,-2.05306640625,-1.20969140625,-6.74671484375,-2.17328515625,-4.5094765625,-3.0794296875,-2.866046875,-6.32541796875,-3.04978515625,-4.5392109375,-7.0422578125,-5.25278515625,-20.584296875,-2.5033203125,-3.845921875,-3.43216796875,-0.0247070312500001,0.6981875,-1.96512890625,-1.3092734375,0.1265234375,5.0819296875,-0.2905078125,0.0804375000000001,1.914546875,4.76055078125
-3.42203125,-4.09355078125,-5.7027890625,-0.62182421875,-2.70306640625,-0.10369140625,-5.72571484375,-3.27228515625,-3.3404765625,-1.2264296875,-1.148046875,-5.08441796875,-2.91778515625,-4.1022109375,-3.4692578125,-2.89778515625,-19.751296875,-2.2763203125,-2.908921875,-1.13116796875,1.48929296875,0.7051875,-1.18512890625,0.5787265625,1.7385234375,6.3889296875,1.1634921875,0.9264375,2.886546875,4.65755078125
-1.20303125,-1.87755078125,-3.8747890625,-0.54682421875,-2.09006640625,1.95930859375,-2.86671484375,-3.56328515625,-2.2894765625,1.5595703125,2.010953125,-2.72541796875,-2.47478515625,-2.5182109375,1.7517421875,0.59221484375,-18.070296875,-1.8713203125,-0.555921875,2.07083203125,2.90929296875,0.0611874999999997,-0.10512890625,2.9857265625,3.5485234375,6.9149296875,3.0604921875,1.3034375,3.740546875,4.44455078125
0.10996875,-0.0435507812499996,-1.8337890625,-1.08482421875,-0.24606640625,4.08330859375,0.57128515625,-2.92828515625,-1.8684765625,4.2795703125,5.373953125,-0.372417968750001,-2.05078515625,-0.4552109375,6.6767421875,3.88721484375,-15.853296875,-1.6493203125,2.251078125,4.91083203125,3.61529296875,-1.3078125,0.78487109375,4.8427265625,4.6975234375,6.4839296875,4.6474921875,0.8954375,4.059546875,3.96755078125
-0.272031250000001,0.391449218750001,-0.6627890625,-2.47782421875,2.00093359375,5.12730859375,2.98428515625,-1.62528515625,-2.4364765625,5.7475703125,7.505953125,0.82358203125,-1.93878515625,1.2157890625,9.3817421875,5.74621484375,-13.624296875,-1.8853203125,4.405078125,6.27283203125,3.30729296875,-3.1908125,1.10987109375,5.3487265625,4.6235234375,5.2269296875,5.3924921875,-0.2515625,3.634546875,3.16755078125
-2.48603125,-1.10155078125,-1.1897890625,-4.55582421875,3.50593359375,4.33330859375,3.22328515625,-0.15328515625,-3.9744765625,5.1775703125,7.440953125,0.28058203125,-2.25978515625,1.8617890625,8.7827421875,5.55521484375,-11.901296875,-2.5753203125,5.133078125,5.65383203125,2.15329296875,-5.1238125,0.81687109375,4.2987265625,3.3365234375,3.5589296875,5.2124921875,-1.6835625,2.634546875,2.16655078125
-5.87703125,-4.17855078125,-3.4667890625,-6.75582421875,3.45893359375,1.77830859375,1.17828515625,0.98871484375,-6.0264765625,2.6195703125,5.154953125,-1.70441796875,-2.88678515625,1.3967890625,5.1217421875,3.59721484375,-10.941296875,-3.3793203125,4.325078125,3.37383203125,0.74329296875,-6.5188125,0.21787109375,2.1677265625,1.4395234375,2.0499296875,4.4984921875,-2.7235625,1.576546875,1.26755078125
-9.25503125,-7.73955078125,-6.7047890625,-8.34382421875,1.80493359375,-1.59569140625,-2.20671484375,1.51671484375,-7.8694765625,-1.0134296875,1.609953125,-4.14741796875,-3.52378515625,0.2737890625,-0.1372578125,0.87821484375,-10.651296875,-3.7823203125,2.513078125,0.41583203125,-0.18570703125,-6.8878125,-0.17112890625,-0.1172734375,-0.1464765625,1.2069296875,3.8924921875,-2.8085625,1.067546875,0.83555078125
-11.40003125,-10.44055078125,-9.6547890625,-8.76182421875,-0.75906640625,-4.39569140625,-5.41271484375,1.40171484375,-8.7924765625,-4.3244296875,-1.656046875,-5.93741796875,-3.85778515625,-0.8002109375,-4.9162578125,-1.37578515625,-10.719296875,-3.3833203125,0.575078125,-2.01616796875,-0.11570703125,-6.0528125,0.0858710937500002,-1.5842734375,-0.6374765625,1.2399296875,3.9324921875,-1.7705625,1.483546875,1.11255078125
-11.55003125,-11.26655078125,-11.1657890625,-7.89682421875,-3.13106640625,-5.39169140625,-7.02271484375,0.75771484375,-8.3324765625,-5.9954296875,-3.201046875,-6.36141796875,-3.69878515625,-1.1902109375,-7.3472578125,-2.25078515625,-10.866296875,-2.0873203125,-0.648921875,-2.97816796875,0.98229296875,-4.2158125,1.15087109375,-1.5952734375,0.2355234375,1.9469296875,4.7904921875,0.1004375,2.781546875,2.03255078125
-9.65703125,-9.90355078125,-10.6117890625,-6.15782421875,-4.25606640625,-4.01869140625,-6.27971484375,-0.22328515625,-6.3794765625,-5.2684296875,-2.273046875,-5.32441796875,-3.01978515625,-0.5472109375,-6.4382578125,-1.45978515625,-11.047296875,-0.1213203125,-0.625921875,-2.09716796875,2.64529296875,-1.8568125,2.86487109375,-0.0512734375,2.1075234375,2.7829296875,6.2084921875,2.2324375,4.520546875,3.16855078125
-6.36903125,-6.78555078125,-8.0447890625,-4.31282421875,-3.49806640625,-0.56269140625,-3.34471484375,-1.21128515625,-3.1884765625,-2.1714296875,0.932953125,-3.22541796875,-1.94878515625,1.1357890625,-2.3462578125,0.65821484375,-11.473296875,2.1106796875,0.759078125,0.35783203125,4.16229296875,0.4721875,4.86287109375,2.6267265625,4.1735234375,3.0899296875,7.6214921875,4.0394375,6.048546875,3.87055078125
-2.74703125,-2.86555078125,-4.0737890625,-3.15582421875,-0.81806640625,3.99730859375,0.80828515625,-1.68428515625,0.6735234375,2.5415703125,5.431953125,-0.69541796875,-0.730785156250001,3.5797890625,3.7797421875,3.36421484375,-12.421296875,4.1996796875,3.239078125,3.63983203125,4.93029296875,2.3501875,6.72287109375,5.6887265625,5.5715234375,2.3819296875,8.3954921875,5.1044375,6.740546875,3.57655078125
0.15496875,0.773449218750001,0.375210937499999,-3.15182421875,3.23493359375,8.38030859375,4.81628515625,-1.13728515625,4.4075234375,7.6825703125,9.868953125,1.65158203125,0.33921484375,6.3167890625,10.2517421875,5.85121484375,-13.957296875,5.8436796875,6.271078125,6.81683203125,4.71629296875,3.5821875,8.09887109375,8.3137265625,5.7605234375,0.5739296875,8.0634921875,5.2414375,6.226546875,2.09655078125
1.66796875,3.25144921875,4.2632109375,-4.20382421875,7.67293359375,11.42030859375,7.46728515625,0.52071484375,7.1235234375,11.9915703125,12.992953125,3.36258203125,1.02921484375,8.7947890625,15.3837421875,7.49321484375,-15.749296875,6.8726796875,9.162078125,9.06383203125,3.70729296875,4.1781875,8.77787109375,9.8457265625,4.7015234375,-1.9640703125,6.4794921875,4.4694375,4.513546875,-0.27844921875
1.68296875,4.06744921875,6.6092109375,-5.68182421875,11.32193359375,12.39930859375,8.12028515625,2.74771484375,8.0975234375,14.4485703125,14.015953125,4.17258203125,1.27721484375,10.4647890625,17.9447421875,7.96021484375,-17.153296875,7.2086796875,11.205078125,9.85483203125,2.33529296875,4.2521875,8.67187109375,9.9337265625,2.7845234375,-4.5760703125,3.8444921875,2.9824375,1.984546875,-2.91344921875
0.62396875,3.17344921875,6.7242109375,-6.69882421875,13.16293359375,11.21630859375,6.84928515625,4.62871484375,7.0845234375,14.5075703125,12.805953125,3.99058203125,1.21921484375,10.9127890625,17.4577421875,7.21321484375,-17.522296875,6.8576796875,11.859078125,9.04783203125,1.01829296875,3.9431875,7.80787109375,8.5797265625,0.5815234375,-6.5950703125,0.6294921875,1.1314375,-0.728453125,-5.10644921875
-0.72903125,1.03344921875,4.5382109375,-6.51082421875,12.70693359375,8.40730859375,4.36228515625,5.46271484375,4.5285234375,12.2445703125,9.895953125,2.89358203125,1.13721484375,10.0217890625,14.3007421875,5.46721484375,-16.569296875,5.9396796875,10.951078125,6.89083203125,-0.0147070312500001,3.3861875,6.34787109375,6.1107265625,-1.3894765625,-7.5790703125,-2.5585078125,-0.6315625,-2.957453125,-6.35644921875
-1.51203125,-1.41155078125,0.8072109375,-4.85382421875,10.24093359375,4.97030859375,1.70628515625,5.21371484375,1.4725234375,8.3805703125,6.269953125,1.12658203125,1.31021484375,8.0727890625,9.5827421875,3.12621484375,-14.550296875,4.7086796875,8.780078125,3.96683203125,-0.78170703125,2.7281875,4.60487109375,3.0817265625,-2.8254765625,-7.4550703125,-5.1355078125,-1.8965625,-4.244453125,-6.54344921875
-1.10103125,-3.01755078125,-3.0557890625,-2.04482421875,6.75793359375,2.02630859375,-0.15171484375,4.49471484375,-0.853476562499999,4.0685703125,3.010953125,-0.92741796875,1.86621484375,5.6637890625,4.7597421875,0.68221484375,-12.170296875,3.4866796875,6.017078125,1.01383203125,-1.49870703125,2.1121875,2.95987109375,0.0957265625,-3.7074765625,-6.5390703125,-6.7435078125,-2.4875625,-4.529453125,-5.94344921875
0.62696875,-2.90255078125,-5.5107890625,1.18117578125,3.54993359375,0.41030859375,-0.708714843749999,4.13071484375,-1.5474765625,0.4785703125,0.923953125,-2.83341796875,2.70621484375,3.4667890625,1.1217421875,-1.41378515625,-10.296296875,2.5266796875,3.411078125,-1.33416796875,-2.44670703125,1.6461875,1.71787109375,-2.3902734375,-4.2504765625,-5.4050703125,-7.4065078125,-2.5315625,-4.148453125,-5.06544921875
3.22496875,-0.84655078125,-5.4957890625,4.00117578125,1.66493359375,0.39330859375,-0.0797148437499997,4.62671484375,-0.350476562499999,-1.6214296875,0.284953125,-4.19341796875,3.56521484375,1.9757890625,-0.6522578125,-2.85878515625,-9.607296875,1.9166796875,1.488078125,-2.75516796875,-3.77270703125,1.3871875,0.99187109375,-4.1812734375,-4.7594765625,-4.5920703125,-7.5005078125,-2.3415625,-3.605453125,-4.34744921875
5.83696875,2.58344921875,-2.8627890625,5.79417578125,1.50793359375,1.61430859375,1.15428515625,5.84271484375,2.3385234375,-2.0924296875,0.813953125,-4.74441796875,4.16121484375,1.3567890625,-0.6812578125,-3.53278515625,-10.341296875,1.5786796875,0.386078125,-3.30216796875,-5.31670703125,1.3331875,0.68687109375,-5.3262734375,-5.4074765625,-4.2800703125,-7.5215078125,-2.1905625,-3.262453125,-3.91744921875
7.48796875,6.19744921875,1.5012109375,6.27117578125,2.76393359375,3.25830859375,2.25128515625,7.07371484375,5.6805234375,-1.3964296875,1.836953125,-4.44441796875,4.30221484375,1.4197890625,0.2277421875,-3.49178515625,-12.220296875,1.3196796875,-0.132921875,-3.29716796875,-6.60470703125,1.4151875,0.55987109375,-6.0062734375,-6.1164765625,-4.1680703125,-7.8005078125,-2.1815625,-3.185453125,-3.57944921875
7.42196875,8.57744921875,5.8972109375,5.47717578125,4.62093359375,4.38730859375,2.60228515625,7.43971484375,8.6825234375,-0.3474296875,2.605953125,-3.51441796875,3.91221484375,1.7057890625,0.9847421875,-2.92478515625,-14.579296875,0.8966796875,-0.538921875,-3.14016796875,-7.03670703125,1.4711875,0.30487109375,-6.3902734375,-6.5714765625,-3.6520703125,-8.3295078125,-2.2845625,-3.237453125,-3.04044921875
5.42196875,8.63144921875,8.4262109375,3.73817578125,6.15093359375,4.34730859375,1.92928515625,6.36071484375,10.4695234375,0.2635703125,2.635953125,-2.35141796875,3.02821484375,1.6857890625,0.7417421875,-2.05678515625,-16.582296875,0.1066796875,-1.301921875,-3.07716796875,-6.16570703125,1.2831875,-0.31912890625,-6.5162734375,-6.3664765625,-2.1870703125,-8.7755078125,-2.4485625,-3.259453125,-2.14544921875
1.99796875,6.13444921875,7.8412109375,1.60717578125,6.67393359375,3.07130859375,0.392285156250001,3.85171484375,10.5025234375,0.0275703125,1.924953125,-1.33141796875,1.80521484375,1.0267890625,-0.6712578125,-1.03078515625,-17.483296875,-1.0913203125,-2.658921875,-3.06016796875,-3.89170703125,0.7061875,-1.33212890625,-6.2432734375,-5.1864765625,0.4219296875,-8.6485078125,-2.6635625,-3.172453125,-0.95144921875
-1.71403125,1.93644921875,4.2092109375,-0.27182421875,5.96093359375,1.11630859375,-1.45171484375,0.55471484375,8.7255234375,-0.9164296875,0.923953125,-0.638417968750001,0.49021484375,-0.2242109375,-2.6622578125,0.13321484375,-16.875296875,-2.5153203125,-4.505921875,-2.79216796875,-0.53170703125,-0.2158125,-2.48012890625,-5.3452734375,-2.9784765625,3.8909296875,-7.5625078125,-2.9385625,-2.954453125,0.36755078125
-4.40803125,-2.36555078125,-1.0437890625,-1.37082421875,4.25493359375,-0.61669140625,-2.88371484375,-2.48128515625,5.5995234375,-2.0274296875,0.270953125,-0.244417968750001,-0.67578515625,-1.6722109375,-4.2122578125,1.45021484375,-14.900296875,-3.8133203125,-6.482921875,-1.96616796875,3.23729296875,-1.2308125,-3.34312890625,-3.7222734375,-0.0714765625,7.5089296875,-5.4895078125,-3.2585625,-2.598453125,1.63455078125
-5.21503125,-5.16955078125,-5.7727890625,-1.50382421875,2.16193359375,-1.32969140625,-3.34571484375,-4.19128515625,2.0145234375,-2.6974296875,0.439953125,-0.0204179687500003,-1.57978515625,-2.7792109375,-4.4242578125,2.83221484375,-12.269296875,-4.6103203125,-8.169921875,-0.53216796875,6.54929296875,-2.0038125,-3.55912890625,-1.5792734375,2.8435234375,10.3459296875,-2.8615078125,-3.5635625,-2.117453125,2.70955078125
-4.12403125,-5.59955078125,-8.0967890625,-0.92882421875,0.43893359375,-0.70069140625,-2.66271484375,-3.96028515625,-0.9474765625,-2.5584296875,1.491953125,0.162582031249999,-2.24878515625,-3.1132109375,-2.9842578125,4.03421484375,-9.999296875,-4.6463203125,-9.254921875,1.19583203125,8.63029296875,-2.2638125,-2.99912890625,0.5757265625,4.9455234375,11.6219296875,-0.4165078125,-3.7605625,-1.554453125,3.47055078125
-1.98203125,-3.85855078125,-7.2287890625,-0.26182421875,-0.27506640625,0.97630859375,-1.08671484375,-1.96328515625,-2.3734765625,-1.6324296875,3.029953125,0.390582031249999,-2.73078515625,-2.5102109375,-0.3122578125,4.73921484375,-8.961296875,-3.8523203125,-9.632921875,2.67483203125,9.09129296875,-1.9038125,-1.79812890625,2.1327265625,5.6375234375,11.0829296875,1.1424921875,-3.7495625,-0.966453125,3.83555078125
-0.0600312499999998,-1.05855078125,-3.7537890625,-0.199824218749999,0.23693359375,2.94530859375,0.794285156250001,0.889714843750001,-1.9294765625,-0.3194296875,4.391953125,0.69758203125,-2.97478515625,-1.1562109375,2.6357421875,4.69721484375,-9.486296875,-2.3723203125,-9.435921875,3.37083203125,8.06029296875,-0.9978125,-0.28612890625,2.6397265625,4.8045234375,9.1609296875,1.4574921875,-3.4835625,-0.405453125,3.80755078125
0.582968749999999,1.36944921875,0.7322109375,-1.19782421875,1.61893359375,4.33130859375,2.24528515625,3.38171484375,-0.0654765624999989,0.7535703125,4.948953125,1.06258203125,-2.83378515625,0.4587890625,4.7567421875,3.82621484375,-11.228296875,-0.5503203125,-9.005921875,2.96483203125,6.08229296875,0.2391875,1.11287109375,1.9717265625,2.8205234375,6.7639296875,0.6134921875,-3.0235625,0.0585468750000002,3.50055078125
-0.36703125,2.38944921875,4.4142109375,-3.22182421875,3.05893359375,4.52730859375,2.64128515625,4.53771484375,2.1305234375,0.9775703125,4.392953125,1.42758203125,-2.19678515625,1.7047890625,5.2307421875,2.24821484375,-13.315296875,1.1416796875,-8.755921875,1.45883203125,3.85629296875,1.5101875,2.00187109375,0.3497265625,0.3515234375,4.8249296875,-0.9655078125,-2.5465625,0.321546875,3.08455078125
-2.33803125,1.83744921875,6.0692109375,-5.73682421875,3.67293359375,3.45830859375,1.77228515625,4.00371484375,3.4335234375,0.0505703124999999,2.872953125,1.75058203125,-1.13478515625,2.0897890625,3.8327421875,0.27821484375,-14.726296875,2.2486796875,-8.963921875,-0.79916796875,1.97429296875,2.5131875,2.14287109375,-1.7622734375,-1.9144765625,3.8919296875,-2.7255078125,-2.2805625,0.267546875,2.70055078125
-4.20803125,0.39944921875,5.5422109375,-7.92482421875,2.95593359375,1.60130859375,0.0122851562500008,2.16371484375,3.0665234375,-1.8554296875,0.946953125,2.07758203125,0.0762148437499999,1.4687890625,1.0107421875,-1.62678515625,-14.715296875,2.4906796875,-9.620921875,-3.20816796875,0.76229296875,3.0081875,1.51187109375,-3.8152734375,-3.5034765625,3.9389296875,-4.2025078125,-2.4165625,-0.190453125,2.36855078125
-4.91603125,-0.835550781249999,3.6962109375,-9.04982421875,1.04793359375,-0.22469140625,-1.77771484375,0.0157148437500005,1.0335234375,-4.1254296875,-0.613046875,2.54458203125,1.06021484375,0.0967890625000001,-2.2842578125,-2.98778515625,-13.137296875,1.8246796875,-10.440921875,-5.10016796875,0.23129296875,2.8381875,0.26387109375,-5.3672734375,-4.2744765625,4.4389296875,-5.1915078125,-3.0665625,-1.088453125,1.96255078125
-3.96803125,-0.961550781250001,1.9372109375,-8.74182421875,-1.33806640625,-1.21069140625,-2.62971484375,-1.21328515625,-1.9554765625,-5.9364296875,-1.120046875,3.31458203125,1.52421484375,-1.5122109375,-4.9412578125,-3.44778515625,-10.476296875,0.4286796875,-11.033921875,-5.96016796875,0.13129296875,1.9471875,-1.36612890625,-6.2192734375,-4.4114765625,4.6369296875,-5.7965078125,-4.2935625,-2.431453125,1.25955078125
-1.60703125,0.34844921875,1.5282109375,-7.09282421875,-3.29106640625,-0.89269140625,-1.94771484375,-0.61828515625,-4.9054765625,-6.5904296875,-0.243046875,4.45058203125,1.38621484375,-2.8012109375,-6.0692578125,-2.88578515625,-7.572296875,-1.3813203125,-11.101921875,-5.58416796875,0.10829296875,0.3781875,-3.13612890625,-6.4342734375,-4.2514765625,3.9349296875,-6.3135078125,-6.1005625,-4.160453125,0.10055078125
1.35996875,2.72644921875,2.9942109375,-4.56382421875,-4.16906640625,0.65730859375,0.18028515625,1.90571484375,-7.0224765625,-5.8124296875,1.821953125,5.80858203125,0.76521484375,-3.3862109375,-5.2992578125,-1.45978515625,-5.206296875,-3.2303203125,-10.572921875,-4.11216796875,-0.09770703125,-1.6978125,-4.80912890625,-6.2252734375,-4.0584765625,2.2409296875,-6.9985078125,-8.3555625,-6.068453125,-1.41344921875
3.89496875,5.27544921875,5.8752109375,-1.84682421875,-3.88006640625,2.85330859375,2.98328515625,5.55871484375,-8.0044765625,-3.9004296875,4.408953125,7.00458203125,-0.17678515625,-3.1952109375,-2.9152578125,0.43021484375,-3.833296875,-4.7773203125,-9.627921875,-1.95816796875,-0.49270703125,-3.9788125,-6.15512890625,-5.8122734375,-3.8704765625,0.0599296874999999,-7.8805078125,-10.7105625,-7.757453125,-2.81644921875
5.06296875,6.94344921875,8.9692109375,0.275175781250001,-2.82906640625,4.82330859375,5.33828515625,8.95371484375,-8.0364765625,-1.6264296875,6.615953125,7.53058203125,-1.37678515625,-2.4902109375,0.2207421875,2.24321484375,-3.584296875,-5.7963203125,-8.626921875,0.31383203125,-0.84770703125,-6.0598125,-6.97712890625,-5.3222734375,-3.5354765625,-1.7450703125,-8.7175078125,-12.6205625,-8.718453125,-3.43144921875
4.30096875,6.98844921875,10.9572109375,1.10517578125,-1.57706640625,5.76630859375,6.27128515625,10.70271484375,-7.5614765625,0.1005703125,7.622953125,6.98358203125,-2.86978515625,-1.7272109375,2.9567421875,3.44121484375,-4.453296875,-6.2263203125,-7.947921875,2.13683203125,-0.87970703125,-7.5058125,-7.14512890625,-4.7802734375,-2.8834765625,-2.4250703125,-9.1195078125,-13.5245625,-8.545453125,-2.74444921875
1.59896875,5.31744921875,11.0232109375,0.26917578125,-0.49606640625,5.26430859375,5.38028515625,9.94471484375,-6.9884765625,0.6345703125,6.964953125,5.27058203125,-4.64878515625,-1.3322109375,4.2617421875,3.62721484375,-6.468296875,-6.1403203125,-7.815921875,3.09283203125,-0.48870703125,-7.9618125,-6.61912890625,-4.1482734375,-1.9114765625,-1.7800703125,-8.7335078125,-13.0725625,-7.142453125,-0.77544921875
-2.49203125,2.46944921875,9.0862109375,-2.09282421875,0.34593359375,3.39630859375,2.91528515625,6.62871484375,-6.5344765625,-0.1724296875,4.661953125,2.62858203125,-6.52678515625,-1.5032109375,3.6147421875,2.64821484375,-9.680296875,-5.6843203125,-8.204921875,2.99683203125,0.09429296875,-7.2838125,-5.46912890625,-3.3942734375,-0.8554765625,-0.2960703125,-7.4285078125,-11.2945625,-4.801453125,1.80955078125
-7.04003125,-0.75355078125,5.5742109375,-5.33282421875,1.01293359375,0.61230859375,-0.45971484375,1.47471484375,-6.2454765625,-2.0134296875,1.172953125,-0.550417968750001,-8.16278515625,-2.1772109375,1.1917421875,0.62521484375,-13.983296875,-5.0173203125,-8.872921875,1.93683203125,0.38029296875,-5.6318125,-3.87912890625,-2.5322734375,-0.0904765625,1.1119296875,-5.3725078125,-8.6025625,-2.107453125,3.97455078125
-11.05003125,-3.73055078125,1.0372109375,-8.52882421875,1.46793359375,-2.50869140625,-4.04071484375,-4.35028515625,-6.1374765625,-4.3454296875,-2.767046875,-3.91041796875,-9.20478515625,-3.1132109375,-2.2212578125,-2.06778515625,-18.883296875,-4.2923203125,-9.498921875,0.25383203125,-0.10670703125,-3.4618125,-2.13112890625,-1.6312734375,0.0895234375,1.6189296875,-2.9755078125,-5.6375625,0.301546875,4.82255078125
-13.79903125,-6.27055078125,-4.0787890625,-10.83782421875,1.46593359375,-5.47669140625,-7.33971484375,-9.67628515625,-6.2834765625,-6.6174296875,-6.372046875,-7.20341796875,-9.47678515625,-4.0292109375,-5.5562578125,-4.87878515625,-23.456296875,-3.6503203125,-9.824921875,-1.53116796875,-1.52670703125,-1.3948125,-0.54312890625,-0.7902734375,-0.3434765625,0.9609296875,-0.7045078125,-3.0425625,1.982546875,4.06155078125
-15.05103125,-8.56455078125,-9.3997890625,-11.78382421875,0.66493359375,-7.98669140625,-10.15971484375,-13.68628515625,-6.7844765625,-8.4254296875,-9.011046875,-10.26241796875,-9.06478515625,-4.7242109375,-7.8792578125,-7.23078515625,-26.651296875,-3.2193203125,-9.763921875,-2.88016796875,-3.58670703125,0.0141874999999998,0.60287109375,-0.1272734375,-1.1364765625,-0.4520703125,1.0954921875,-1.2575625,2.834546875,2.14355078125
-15.05303125,-10.88655078125,-14.4517890625,-11.34982421875,-1.13006640625,-9.89269140625,-12.48771484375,-16.05428515625,-7.6344765625,-9.5734296875,-10.341046875,-12.91941796875,-8.28778515625,-5.1422109375,-8.7262578125,-8.69878515625,-27.790296875,-3.0893203125,-9.416921875,-3.44816796875,-5.66470703125,0.4721875,1.11587109375,0.2317265625,-1.9164765625,-1.8300703125,2.2784921875,-0.4325625,3.050546875,0.00655078125000008
-14.28803125,-13.22455078125,-18.5267890625,-9.87682421875,-3.75306640625,-11.11769140625,-14.29071484375,-16.87228515625,-8.6534765625,-10.0374296875,-10.356046875,-14.94641796875,-7.53678515625,-5.3542109375,-8.2032578125,-9.14578515625,-26.953296875,-3.2703203125,-9.006921875,-3.23016796875,-7.10370703125,0.0541874999999998,0.92987109375,0.1597265625,-2.4174765625,-2.4800703125,2.8664921875,-0.4635625,2.946546875,-1.43844921875
-13.15603125,-15.08055078125,-20.7687890625,-7.84882421875,-6.61006640625,-11.56669140625,-15.35271484375,-16.48628515625,-9.5354765625,-9.8894296875,-9.340046875,-16.05741796875,-7.08478515625,-5.4712109375,-6.8402578125,-8.71378515625,-24.922296875,-3.6593203125,-8.765921875,-2.55416796875,-7.48770703125,-0.8678125,0.12787109375,-0.4202734375,-2.6004765625,-2.1450703125,2.9394921875,-1.1035625,2.750546875,-1.76944921875
-11.78803125,-15.64355078125,-20.4907890625,-5.69982421875,-8.86206640625,-11.12769140625,-15.31071484375,-15.32228515625,-9.9854765625,-9.2284296875,-7.733046875,-15.98841796875,-6.94878515625,-5.5752109375,-5.3042578125,-7.71178515625,-22.720296875,-4.0473203125,-8.835921875,-1.90916796875,-6.78370703125,-1.7888125,-1.07612890625,-1.4862734375,-2.6314765625,-1.0360703125,2.5354921875,-2.0925625,2.496546875,-1.23044921875
-10.08803125,-14.25955078125,-17.5667890625,-3.71582421875,-9.73806640625,-9.74769140625,-13.87471484375,-13.75628515625,-9.8164765625,-8.1494296875,-5.972046875,-14.64241796875,-6.87878515625,-5.6692109375,-4.1242578125,-6.48378515625,-21.064296875,-4.1823203125,-9.220921875,-1.72516796875,-5.30070703125,-2.2738125,-2.39112890625,-2.8992734375,-2.7534765625,0.3589296875,1.6104921875,-3.1985625,2.059546875,-0.53444921875
-7.91403125,-10.86055078125,-12.5997890625,-2.06782421875,-8.83806640625,-7.53369140625,-11.08571484375,-12.04828515625,-8.9674765625,-6.7334296875,-4.376046875,-12.20841796875,-6.48278515625,-5.6842109375,-3.5332578125,-5.32578515625,-20.079296875,-3.8583203125,-9.804921875,-2.20716796875,-3.54770703125,-2.0878125,-3.52812890625,-4.4512734375,-3.1494765625,1.5389296875,0.0964921875,-4.2115625,1.303546875,-0.44244921875
-5.26903125,-6.08955078125,-6.7637890625,-0.907824218749999,-6.30106640625,-4.81669140625,-7.43071484375,-10.34828515625,-7.4894765625,-5.0864296875,-3.146046875,-9.16241796875,-5.42878515625,-5.5162109375,-3.4912578125,-4.48878515625,-19.409296875,-3.0033203125,-10.425921875,-3.31316796875,-2.06570703125,-1.2558125,-4.28912890625,-5.9622734375,-3.8934765625,2.1449296875,-2.0065078125,-4.9635625,0.204546875,-1.39044921875
-2.42503125,-1.10355078125,-1.4207890625,-0.42882421875,-2.80406640625,-2.14069140625,-3.76271484375,-8.72328515625,-5.5784765625,-3.4094296875,-2.447046875,-6.15341796875,-3.64078515625,-5.1162109375,-3.8212578125,-4.19478515625,-18.611296875,-1.7443203125,-10.972921875,-4.84016796875,-1.30770703125,-0.0578125000000003,-4.65712890625,-7.3612734375,-4.9794765625,1.9819296875,-4.5595078125,-5.4215625,-1.146453125,-3.34344921875
0.0819687499999997,2.79844921875,2.2842109375,-0.79382421875,0.61793359375,-0.16069140625,-1.06571484375,-7.15828515625,-3.6124765625,-2.0604296875,-2.429046875,-3.79341796875,-1.38178515625,-4.5762109375,-4.3442578125,-4.60378515625,-17.548296875,-0.4033203125,-11.453921875,-6.53916796875,-1.53670703125,1.0511875,-4.82512890625,-8.6822734375,-6.3664765625,0.9849296875,-7.2955078125,-5.7735625,-2.617453125,-5.86844921875
1.64696875,4.63344921875,3.7432109375,-1.97882421875,2.93293359375,0.58430859375,-0.0797148437499997,-5.56128515625,-2.0794765625,-1.4574296875,-3.129046875,-2.41841796875,0.85521484375,-4.1032109375,-4.8982578125,-5.68978515625,-16.478296875,0.6306796875,-11.941921875,-8.14516796875,-2.71670703125,1.6321875,-5.08312890625,-9.9422734375,-7.9504765625,-0.7710703125,-9.8695078125,-6.3535625,-4.076453125,-8.32144921875
1.93896875,4.14544921875,3.0742109375,-3.64282421875,3.54193359375,-0.0636914062500002,-0.910714843749999,-3.83528515625,-1.3774765625,-1.8384296875,-4.323046875,-1.91841796875,2.61721484375,-3.8722109375,-5.2682578125,-7.11178515625,-15.781296875,1.1146796875,-12.430921875,-9.33716796875,-4.43970703125,1.4821875,-5.61712890625,-11.0112734375,-9.4924765625,-3.0020703125,-11.9275078125,-7.4185625,-5.376453125,-10.06644921875
1.17896875,1.98644921875,1.0942109375,-5.15882421875,2.55493359375,-1.71269140625,-2.86171484375,-1.95028515625,-1.5734765625,-3.0244296875,-5.477046875,-1.77941796875,3.74521484375,-3.8442109375,-5.1602578125,-8.21678515625,-15.568296875,1.1136796875,-12.728921875,-9.74216796875,-5.99870703125,0.7751875,-6.34912890625,-11.5922734375,-10.6064765625,-5.2220703125,-13.2085078125,-8.9465625,-6.353453125,-10.71744921875
0.120968749999999,-0.54255078125,-0.990789062500001,-5.78282421875,0.71393359375,-3.51669140625,-4.70371484375,0.0337148437499994,-2.3214765625,-4.4404296875,-5.910046875,-1.36241796875,4.46021484375,-3.7452109375,-4.3192578125,-8.28078515625,-15.510296875,0.9676796875,-12.517921875,-9.08216796875,-6.65070703125,-0.00981250000000022,-6.98612890625,-11.3892734375,-10.8984765625,-6.9030703125,-13.6815078125,-10.6365625,-6.924453125,-10.32644921875
-0.318031250000001,-2.09955078125,-2.0867890625,-4.93982421875,-1.02206640625,-4.56069140625,-5.31071484375,1.98371484375,-3.0114765625,-5.4164296875,-5.117046875,-0.27341796875,5.18321484375,-3.2532109375,-2.7382578125,-6.88678515625,-15.065296875,1.0726796875,-11.587921875,-7.38916796875,-5.98170703125,-0.3508125,-7.23812890625,-10.3622734375,-10.2064765625,-7.7150703125,-13.6245078125,-12.1065625,-7.191453125,-9.41044921875
0.447968749999999,-1.91355078125,-1.6487890625,-2.49782421875,-1.96706640625,-4.32069140625,-4.28671484375,3.66471484375,-3.0924765625,-5.5544296875,-3.100046875,1.40158203125,6.24421484375,-2.2502109375,-0.8032578125,-4.23078515625,-13.898296875,1.6206796875,-10.062921875,-5.13516796875,-4.15370703125,0.0111874999999997,-7.04012890625,-8.8752734375,-8.7724765625,-7.6830703125,-13.5515078125,-13.1195625,-7.430453125,-8.74544921875
2.34996875,-0.0745507812500001,0.163210937499999,1.08717578125,-1.99006640625,-2.93169140625,-2.15971484375,4.71571484375,-2.3774765625,-4.9134296875,-0.465046875,3.14858203125,7.64021484375,-0.9562109375,0.7917421875,-1.13878515625,-12.155296875,2.4596796875,-8.423921875,-3.10816796875,-1.88970703125,0.9061875,-6.60612890625,-7.5862734375,-7.2244765625,-7.1500703125,-13.9595078125,-13.6595625,-7.913453125,-9.00144921875
4.68796875,2.58944921875,2.6472109375,4.87317578125,-1.42506640625,-1.08869140625,-0.0587148437499998,4.76971484375,-1.1364765625,-3.9094296875,1.801953125,4.28558203125,9.00721484375,0.1527890625,1.3517421875,1.23121484375,-10.379296875,3.1856796875,-7.274921875,-2.09416796875,-0.18270703125,1.8261875,-6.26812890625,-7.1312734375,-6.3124765625,-6.5790703125,-15.0255078125,-13.8235625,-8.693453125,-10.37744921875
6.46696875,4.95244921875,4.9202109375,7.76617578125,-0.74506640625,0.36430859375,0.921285156250001,3.72171484375,0.0945234375000013,-3.0154296875,2.813953125,4.28258203125,9.82121484375,0.6187890625,0.5647421875,1.89321484375,-9.146296875,3.4006796875,-6.972921875,-2.48816796875,0.16029296875,2.2251875,-6.21212890625,-7.7432734375,-6.5414765625,-6.2920703125,-16.4365078125,-13.6205625,-9.475453125,-12.42244921875
6.89896875,6.11944921875,6.3092109375,8.92917578125,-0.20706640625,0.88930859375,0.30028515625,1.93371484375,0.8635234375,-2.4534296875,2.238953125,3.00658203125,9.69221484375,0.3007890625,-1.2532578125,0.48921484375,-8.703296875,3.0016796875,-7.357921875,-4.04516796875,-1.07970703125,1.8621875,-6.27712890625,-9.0502734375,-7.8534765625,-6.2810703125,-17.4505078125,-12.8515625,-9.693453125,-14.15244921875
5.77196875,5.81844921875,6.5942109375,8.08217578125,0.30393359375,0.52430859375,-1.54071484375,0.126714843749999,1.0345234375,-2.0474296875,0.476953125,0.79758203125,8.56621484375,-0.4902109375,-3.2102578125,-2.49878515625,-8.865296875,2.2706796875,-7.759921875,-5.92316796875,-3.39570703125,0.9511875,-5.98212890625,-10.1842734375,-9.5674765625,-6.1780703125,-17.2045078125,-11.1875625,-8.756453125,-14.44644921875
3.53296875,4.45244921875,6.0012109375,5.56617578125,1.16693359375,-0.17669140625,-3.56671484375,-0.98728515625,0.784523437500001,-1.3464296875,-1.525046875,-1.67441796875,6.71721484375,-1.1122109375,-4.1882578125,-5.91878515625,-9.220296875,1.7156796875,-7.326921875,-7.01116796875,-5.77170703125,0.0161874999999998,-4.78312890625,-10.1662734375,-10.6534765625,-5.4510703125,-15.1275078125,-8.4135625,-6.375453125,-12.57244921875
1.03296875,2.80644921875,4.9582109375,2.19217578125,2.75293359375,-0.44569140625,-4.60371484375,-1.08928515625,0.4175234375,0.0815703125,-2.667046875,-3.66841796875,4.56521484375,-0.9362109375,-3.3102578125,-8.39678515625,-9.476296875,1.7406796875,-5.485921875,-6.41816796875,-7.15070703125,-0.4098125,-2.43612890625,-8.3642734375,-10.2174765625,-3.7450703125,-11.2555078125,-4.6625625,-2.790453125,-8.58844921875
-0.863031250000001,1.60244921875,3.8012109375,-1.06382421875,5.14393359375,0.30030859375,-3.92171484375,-0.40728515625,0.159523437500001,2.3455703125,-2.163046875,-4.65541796875,2.51121484375,0.3197890625,-0.3332578125,-8.87878515625,-9.695296875,2.3926796875,-2.270921875,-3.87516796875,-6.92670703125,-0.0428125000000001,0.80187109375,-4.8072734375,-7.9424765625,-1.1370703125,-6.2795078125,-0.4685625,1.275546875,-3.38644921875
-1.64203125,1.14844921875,2.5992109375,-3.41382421875,7.97993359375,2.13730859375,-1.58371484375,0.389714843750001,0.0605234375000006,5.0975703125,0.092953125,-4.48941796875,0.85321484375,2.4397890625,4.1957421875,-7.05378515625,-10.243296875,3.3526796875,1.651078125,0.13383203125,-5.18870703125,1.1071875,4.24387109375,-0.1932734375,-4.2534765625,1.8299296875,-1.2765078125,3.4324375,4.911546875,1.65555078125
-1.35603125,1.19244921875,1.1342109375,-4.53682421875,10.48493359375,4.50030859375,1.52828515625,0.511714843750001,-0.00247656250000006,7.5895703125,3.393953125,-3.44441796875,-0.20578515625,4.8027890625,9.0587421875,-3.48678515625,-11.501296875,4.1586796875,5.256078125,4.53483203125,-2.66270703125,2.8551875,7.09187109375,4.3637265625,-0.1234765625,4.3769296875,2.7364921875,6.3924375,7.404546875,5.24255078125
-0.62303125,1.01344921875,-0.9897890625,-4.63782421875,11.70393359375,6.33930859375,4.01528515625,-0.59628515625,-0.2424765625,8.9245703125,6.426953125,-2.13741796875,-0.544785156250001,6.6507890625,12.7337421875,0.55721484375,-13.546296875,4.5206796875,7.589078125,8.05983203125,-0.37670703125,4.9941875,8.79987109375,7.7437265625,3.3385234375,5.8109296875,5.1974921875,8.1034375,8.507546875,6.68155078125
-0.37303125,-0.25155078125,-4.1277890625,-4.26682421875,10.89493359375,6.56230859375,4.51628515625,-3.02828515625,-0.831476562499999,8.4205703125,7.804953125,-1.34441796875,-0.12078515625,7.4227890625,13.9477421875,3.59921484375,-16.008296875,4.5246796875,8.157078125,9.71983203125,0.79229296875,7.3811875,9.32487109375,9.2477265625,5.3545234375,5.8159296875,6.1904921875,8.6984375,8.492546875,6.14055078125
-1.38603125,-3.11655078125,-8.2957890625,-3.99582421875,7.93693359375,4.59730859375,2.32628515625,-6.44928515625,-1.7624765625,6.0045703125,6.706953125,-1.71841796875,1.05021484375,7.0087890625,12.2347421875,4.55521484375,-18.202296875,4.6026796875,7.135078125,9.20783203125,0.52229296875,9.9321875,9.14187109375,8.8697265625,5.7865234375,4.6119296875,6.3624921875,8.6854375,8.009546875,4.52655078125
-3.85203125,-7.32355078125,-12.9317890625,-4.13182421875,3.52293359375,0.79230859375,-2.19171484375,-10.27028515625,-2.7684765625,2.3885703125,3.302953125,-3.49441796875,2.90621484375,5.7977890625,8.2307421875,3.21621484375,-19.458296875,5.2866796875,5.280078125,7.05183203125,-0.79970703125,12.5431875,9.01987109375,7.3097265625,5.1605234375,2.9019296875,6.5884921875,8.7524375,7.808546875,3.06455078125
-7.21303125,-11.81655078125,-16.9607890625,-4.60882421875,-1.04306640625,-3.64069140625,-7.68071484375,-13.81728515625,-3.3784765625,-1.1434296875,-1.275046875,-6.33241796875,5.28821484375,4.4747890625,3.4867421875,0.32721484375,-19.434296875,6.8666796875,3.585078125,4.38683203125,-2.28670703125,15.0061875,9.61687109375,5.6387265625,4.3695234375,1.5939296875,7.5164921875,9.4524375,8.397546875,2.73755078125
-10.40703125,-15.20055078125,-19.2217890625,-5.12082421875,-4.36106640625,-7.15069140625,-12.34771484375,-16.43028515625,-3.1144765625,-3.3074296875,-5.432046875,-9.42441796875,7.87221484375,3.6617890625,-0.1752578125,-2.79078515625,-18.234296875,9.1596796875,2.809078125,2.42983203125,-3.00770703125,16.9741875,11.11087109375,4.7847265625,4.1945234375,1.3969296875,9.2204921875,10.9254375,9.784546875,3.86655078125
-12.37103125,-16.39555078125,-19.0157890625,-5.38482421875,-5.50606640625,-8.57369140625,-14.73771484375,-17.60128515625,-1.7394765625,-3.4124296875,-7.849046875,-11.82141796875,10.16421484375,3.6367890625,-1.4832578125,-4.86578515625,-16.286296875,11.5396796875,3.134078125,1.91283203125,-2.44770703125,18.0171875,13.06387109375,5.0847265625,4.9135234375,2.5119296875,11.1574921875,12.7794375,11.448546875,6.00955078125
-12.51703125,-15.12255078125,-16.4667890625,-5.33482421875,-4.35506640625,-7.64569140625,-14.32671484375,-17.17228515625,0.578523437500001,-1.6614296875,-8.045046875,-12.82641796875,11.64921484375,4.2567890625,-0.2772578125,-5.22878515625,-14.110296875,13.1896796875,4.122078125,2.77683203125,-0.72570703125,17.7721875,14.60087109375,6.1547265625,6.1805234375,4.5769296875,12.4514921875,14.2294375,12.564546875,8.20655078125
-10.94703125,-11.99555078125,-12.4917890625,-5.11482421875,-1.56906640625,-5.05869140625,-11.67471484375,-15.46528515625,3.2825234375,0.9865703125,-6.501046875,-12.25341796875,12.03721484375,5.0897890625,2.4637421875,-4.02378515625,-12.159296875,13.4666796875,4.961078125,4.25183203125,1.51429296875,16.0971875,14.80687109375,7.1217265625,7.2405234375,6.8379296875,12.3264921875,14.4264375,12.370546875,9.41855078125
-8.34603125,-8.21455078125,-8.4277890625,-4.90682421875,1.69293359375,-2.07169140625,-8.10671484375,-13.21228515625,5.6405234375,3.2625703125,-4.310046875,-10.43841796875,11.41721484375,5.6417890625,5.1347421875,-2.01378515625,-10.790296875,12.1726796875,4.864078125,5.27283203125,3.40329296875,13.1681875,13.13587109375,7.0877265625,7.3245234375,8.4579296875,10.4614921875,12.8374375,10.516546875,8.95755078125
-5.64903125,-5.04755078125,-5.4807890625,-4.74182421875,4.21393359375,0.0613085937499998,-5.09971484375,-11.30628515625,7.0495234375,4.1415703125,-2.605046875,-8.03141796875,10.24021484375,5.5837890625,6.2477421875,-0.16178515625,-10.287296875,9.6276796875,3.426078125,4.98383203125,4.22629296875,9.4471875,9.66287109375,5.5557265625,6.0275234375,8.8279296875,7.1094921875,9.4874375,7.213546875,6.75055078125
-3.65403125,-3.34255078125,-4.2837890625,-4.48282421875,5.15293359375,0.58330859375,-3.66671484375,-10.49628515625,7.2815234375,3.2455703125,-2.121046875,-5.70241796875,9.09121484375,4.8687890625,5.0497421875,0.79921484375,-10.841296875,6.5206796875,0.772078125,3.11383203125,3.67229296875,5.5281875,5.07287109375,2.6077265625,3.4655234375,7.7729296875,2.9324921875,4.9504375,3.141546875,3.32755078125
-2.75103125,-3.29955078125,-4.7757890625,-3.95182421875,4.32693359375,-0.55069140625,-4.03171484375,-11.12428515625,6.5095234375,0.9295703125,-3.023046875,-3.95241796875,8.39721484375,3.7077890625,1.7367421875,0.57921484375,-12.442296875,3.6226796875,-2.543921875,0.0258320312500001,1.89629296875,1.9341875,0.37087109375,-1.2132734375,0.1715234375,5.5629296875,-1.3595078125,0.0784375,-0.877453125,-0.44244921875
-2.78703125,-4.51755078125,-6.4067890625,-3.04182421875,2.23793359375,-2.73769140625,-5.69371484375,-12.95928515625,5.1675234375,-1.9254296875,-4.977046875,-3.05441796875,8.26221484375,2.4487890625,-2.7162578125,-0.68378515625,-14.732296875,1.5086796875,-5.783921875,-3.50316796875,-0.61670703125,-1.0148125,-3.51712890625,-5.1882734375,-3.2014765625,2.7479296875,-5.3385078125,-4.3425625,-4.245453125,-3.72744921875
-3.11603125,-6.18455078125,-8.3977890625,-1.73182421875,-0.11006640625,-4.97569140625,-7.74771484375,-15.22228515625,3.7715234375,-4.2584296875,-7.316046875,-3.06741796875,8.56021484375,1.4587890625,-6.9432578125,-2.55278515625,-16.947296875,0.4486796875,-8.265921875,-6.59416796875,-3.23770703125,-3.1718125,-6.03412890625,-8.6752734375,-6.1194765625,-0.0580703124999999,-8.9495078125,-7.8075625,-6.762453125,-6.01644921875
-2.83003125,-7.29555078125,-9.8917890625,-0.0198242187499993,-1.57206640625,-6.20569140625,-9.25771484375,-16.88428515625,2.8205234375,-5.1614296875,-9.238046875,-3.81641796875,9.17521484375,1.0627890625,-9.6322578125,-4.42678515625,-18.103296875,0.4666796875,-9.499921875,-8.53216796875,-5.35570703125,-4.4328125,-7.03512890625,-11.2112734375,-8.2654765625,-2.3270703125,-12.3335078125,-10.0825625,-8.537453125,-7.18644921875
-1.19003125,-6.94855078125,-10.0637890625,2.08217578125,-1.28106640625,-5.68669140625,-9.57371484375,-17.11328515625,2.7485234375,-4.1554296875,-10.039046875,-4.88941796875,10.16121484375,1.4867890625,-9.9142578125,-5.69778515625,-17.426296875,1.4436796875,-9.257921875,-8.92116796875,-6.51270703125,-4.6648125,-6.67912890625,-12.5302734375,-9.5014765625,-3.7070703125,-15.5505078125,-11.0895625,-9.741453125,-7.38444921875
1.94196875,-4.71655078125,-8.3397890625,4.45617578125,1.00493359375,-3.29969140625,-8.50771484375,-15.60928515625,3.8515234375,-1.3664296875,-9.325046875,-5.72241796875,11.63521484375,2.7577890625,-7.6362578125,-5.91978515625,-14.814296875,3.1576796875,-7.620921875,-7.78316796875,-6.53070703125,-3.7698125,-5.29312890625,-12.5652734375,-9.8324765625,-4.0810703125,-18.4365078125,-10.8335625,-10.446453125,-6.86844921875
5.93896875,-0.89855078125,-4.6847890625,6.79317578125,4.80293359375,0.37430859375,-6.34771484375,-12.67628515625,6.1915234375,2.4785703125,-7.145046875,-5.79341796875,13.54421484375,4.6317890625,-3.4152578125,-4.96778515625,-10.965296875,5.2496796875,-4.986921875,-5.54316796875,-5.57970703125,-1.8388125,-3.29312890625,-11.4672734375,-9.4034765625,-3.6000703125,-20.6465078125,-9.4315625,-10.615453125,-5.89044921875
9.67196875,3.57244921875,0.278210937499999,8.59917578125,9.12693359375,4.28630859375,-3.67271484375,-9.07428515625,9.5045234375,6.3155703125,-3.990046875,-4.83241796875,15.51421484375,6.6217890625,1.5657421875,-3.09278515625,-7.053296875,7.2326796875,-1.991921875,-2.90916796875,-4.12270703125,0.7621875,-1.11512890625,-9.5942734375,-8.4914765625,-2.6190703125,-21.7995078125,-7.1785625,-10.210453125,-4.66844921875
12.05396875,7.54744921875,5.4452109375,9.35417578125,12.90793359375,7.36730859375,-1.07071484375,-5.75928515625,13.1935234375,9.1675703125,-0.645046875,-2.94041796875,16.95321484375,8.1657890625,5.9417421875,-0.83878515625,-4.171296875,8.5746796875,0.654078125,-0.64216796875,-2.74170703125,3.4561875,0.83987109375,-7.4402734375,-7.4554765625,-1.5460703125,-21.6255078125,-4.5275625,-9.287453125,-3.41344921875
12.51996875,10.12444921875,9.6162109375,8.76217578125,15.39793359375,8.97830859375,1.09128515625,-3.51928515625,16.4265234375,10.4985703125,2.074953125,-0.53541796875,17.32021484375,8.8337890625,8.5857421875,1.16521484375,-2.888296875,8.8776796875,2.362078125,0.67583203125,-1.90970703125,5.6711875,2.26687109375,-5.5092734375,-6.6234765625,-0.6730703125,-20.0295078125,-1.9545625,-7.990453125,-2.32744921875
11.24296875,10.94744921875,11.9062109375,6.96517578125,16.34293359375,9.13230859375,2.73628515625,-2.62228515625,18.3615234375,10.3525703125,3.615953125,1.84158203125,16.41521484375,8.4917890625,8.9387421875,2.46321484375,-3.127296875,8.0526796875,2.837078125,0.82583203125,-1.80570703125,7.0741875,3.01187109375,-4.1562734375,-6.1544765625,-0.0770703125000001,-17.0995078125,0.2324375,-6.468453125,-1.54644921875
9.01696875,10.24144921875,11.9902109375,4.57017578125,15.91193359375,8.39230859375,3.99128515625,-2.70028515625,18.4425234375,9.2335703125,3.868953125,3.75258203125,14.49221484375,7.3467890625,7.1517421875,2.94621484375,-4.339296875,6.3956796875,2.167078125,0.00583203125000009,-2.24370703125,7.6851875,3.12487109375,-3.4702734375,-5.9514765625,0.3769296875,-13.0635078125,2.0084375,-4.771453125,-1.06544921875
6.89196875,8.63344921875,10.1272109375,2.41417578125,14.48093359375,7.50830859375,5.00028515625,-3.00228515625,16.6325234375,7.8255703125,3.144953125,4.97658203125,12.12221484375,5.8397890625,3.9997421875,2.86421484375,-5.829296875,4.4856796875,0.787078125,-1.25916796875,-2.77370703125,7.7841875,2.85287109375,-3.2582734375,-5.7124765625,0.9149296875,-8.2825078125,3.5504375,-2.865453125,-0.73944921875
5.65796875,6.81244921875,6.9702109375,1.16017578125,12.48793359375,7.02730859375,5.73228515625,-2.89028515625,13.4845234375,6.6885703125,2.001953125,5.47758203125,9.87421484375,4.4447890625,0.6207421875,2.63621484375,-7.089296875,2.9216796875,-0.689921875,-2.32916796875,-2.91170703125,7.6691875,2.54187109375,-3.1572734375,-5.0934765625,1.6709296875,-3.2555078125,5.0334375,-0.760453125,-0.35344921875
5.41996875,5.17444921875,3.2552109375,0.97117578125,10.40393359375,7.08330859375,5.90628515625,-2.22728515625,9.9565234375,6.0655703125,1.043953125,5.28058203125,8.02521484375,3.4567890625,-1.8402578125,2.59921484375,-7.997296875,2.0736796875,-1.681921875,-2.69316796875,-2.37570703125,7.4551875,2.49187109375,-2.7882734375,-3.8914765625,2.5759296875,1.4064921875,6.4774375,1.392546875,0.32155078125
5.56396875,3.66044921875,-0.4697890625,1.47017578125,8.71393359375,7.44930859375,5.11328515625,-1.42328515625,7.0345234375,5.8845703125,0.753953125,4.39658203125,6.48421484375,2.9047890625,-2.5552578125,2.85621484375,-8.793296875,1.9766796875,-1.815921875,-2.11416796875,-1.18470703125,7.0531875,2.85887109375,-1.8922734375,-2.1074765625,3.4079296875,5.1224921875,7.7644375,3.341546875,1.51255078125
5.18696875,1.90744921875,-3.9807890625,2.02617578125,7.79093359375,7.77030859375,3.07028515625,-1.11628515625,5.3295234375,5.9005703125,1.376953125,2.84558203125,4.96121484375,2.6227890625,-1.2272578125,3.30821484375,-9.861296875,2.4256796875,-1.001921875,-0.64216796875,0.42529296875,6.3061875,3.65187109375,-0.3882734375,0.1185234375,3.9499296875,7.5594921875,8.7714375,4.884546875,3.40555078125
3.72996875,-0.387550781250001,-7.3187890625,2.17817578125,7.69393359375,7.80130859375,-0.168714843749999,-1.70528515625,4.8625234375,5.8885703125,2.840953125,0.72558203125,3.22321484375,2.4077890625,1.8387421875,3.79521484375,-11.447296875,3.1466796875,0.580078125,1.47583203125,2.18729296875,5.1521875,4.76387109375,1.6217265625,2.6065234375,4.1319296875,8.7914921875,9.4804375,5.998546875,6.01355078125
1.37096875,-3.17755078125,-10.6267890625,1.90617578125,8.09093359375,7.53130859375,-4.16071484375,-3.02428515625,5.1335234375,5.7495703125,4.780953125,-1.72741796875,1.25021484375,2.1437890625,5.8427421875,4.23021484375,-13.481296875,3.9306796875,2.556078125,3.89483203125,3.94329296875,3.7031875,6.03087109375,3.9037265625,5.1995234375,4.0629296875,9.3194921875,9.9894375,6.844546875,9.07955078125
1.37096875,-3.17755078125,-10.6267890625,1.90617578125,8.09093359375,7.53130859375,-4.16071484375,-3.02428515625,5.1335234375,5.7495703125,4.780953125,-1.72741796875,1.25021484375,2.1437890625,5.8427421875,4.23021484375,-13.481296875,3.9306796875,2.556078125,3.89483203125,3.94329296875,3.7031875,6.03087109375,3.9037265625,5.1995234375,4.0629296875,9.3194921875,9.9894375,6.844546875,9.07955078125
