"Fp1","Fpz","Fp2","F7","F3","Fz","F4","F8","FC5","FC1","FC2","FC6","T7","C3","Cz","C4","T8","CP5","CP1","CP2","CP6","P7","P3","Pz","P4","P8","POz","O1","Oz","O2"
-1.43985546875,-7.12737890625,-14.1458046875,16.53351171875,-3.07301953125,-6.78471875,-5.00178125,13.87839453125,2.025890625,1.0312734375,-3.35564453125,-2.441328125,3.21362109375,-6.29004296875,0.351046874999999,5.8357265625,3.13593359375,-8.52886328125,0.43355859375,-1.07159375,29.732203125,4.32966015625,-4.92715234375,-2.44896484375,28.49044921875,-30.61436328125,-4.17771875,-17.4135546875,-5.0511015625,3.10599609375
-5.46585546875,-14.51337890625,-14.5198046875,14.96851171875,-4.12901953125,-6.33171875,-8.80278125,10.53439453125,2.045890625,0.9252734375,-2.60964453125,-1.802328125,3.42762109375,-5.46504296875,1.459046875,6.5307265625,4.91293359375,-7.14386328125,2.84855859375,-1.26859375,31.465203125,5.17166015625,-3.64815234375,-0.40796484375,28.84944921875,-28.82536328125,-3.70371875,-16.3775546875,-4.3831015625,4.00099609375
-8.92785546875,-20.89737890625,-15.5938046875,13.54151171875,-5.09001953125,-6.47671875,-11.37278125,7.66239453125,2.052890625,0.9982734375,-2.56464453125,-1.696328125,3.64862109375,-5.17104296875,1.753046875,6.5667265625,6.12393359375,-6.47986328125,4.09055859375,-1.90759375,32.154203125,5.30866015625,-3.20615234375,0.25303515625,28.94444921875,-27.65836328125,-4.01971875,-16.2245546875,-4.5821015625,4.02599609375
-11.41085546875,-25.53237890625,-17.0638046875,12.44551171875,-5.74301953125,-7.05371875,-12.65978125,5.45939453125,2.103890625,1.2482734375,-3.15964453125,-2.127328125,3.96262109375,-5.36704296875,1.223046875,5.9667265625,6.94593359375,-6.47586328125,4.08855859375,-2.97659375,31.803203125,4.82566015625,-3.56315234375,-0.39996484375,28.69644921875,-27.31036328125,-5.16471875,-16.8745546875,-5.5701015625,3.23899609375
-12.58785546875,-27.82037890625,-18.3128046875,11.85351171875,-5.86101953125,-7.65871875,-12.95078125,4.07639453125,2.256890625,1.6442734375,-4.05964453125,-2.882328125,4.45262109375,-5.82404296875,0.151046875,5.0207265625,7.71093359375,-6.79686328125,3.14455859375,-4.24559375,30.774203125,4.06366015625,-4.40615234375,-1.82896484375,28.09644921875,-27.76736328125,-6.90171875,-17.9215546875,-6.9461015625,2.02899609375
-12.42785546875,-27.67337890625,-18.7818046875,11.82651171875,-5.35601953125,-7.88971875,-12.65078125,3.58539453125,2.508890625,2.1472734375,-4.83464453125,-3.614328125,5.10562109375,-6.26804296875,-1.024953125,4.1587265625,8.63993359375,-7.01486328125,1.76055859375,-5.32759375,29.577203125,3.41566015625,-5.33315234375,-3.32596484375,27.19744921875,-28.75536328125,-8.82271875,-18.8555546875,-8.2031015625,0.90999609375
-11.27485546875,-25.67337890625,-18.2998046875,12.28751171875,-4.36501953125,-7.55971875,-12.08078125,3.91139453125,2.782890625,2.7152734375,-5.18764453125,-3.997328125,5.77262109375,-6.51704296875,-1.904953125,3.7247265625,9.69593359375,-6.83086328125,0.412558593749999,-5.85859375,28.606203125,3.14166015625,-6.06015234375,-4.36096484375,26.07344921875,-29.84136328125,-10.50571875,-19.3295546875,-8.9811015625,0.26199609375
-9.78785546875,-22.95737890625,-17.1538046875,13.06651171875,-3.21001953125,-6.74871875,-11.43678125,4.73439453125,2.966890625,3.2942734375,-5.07064453125,-3.879328125,6.22562109375,-6.55204296875,-2.270953125,3.7977265625,10.63993359375,-6.20386328125,-0.606441406250001,-5.67759375,27.978203125,3.27366015625,-6.51615234375,-4.77896484375,24.76044921875,-30.63336328125,-11.66771875,-19.3115546875,-9.2221015625,0.16899609375
-8.72185546875,-20.82737890625,-15.9048046875,13.95051171875,-2.24501953125,-5.69771875,-10.81578125,5.49939453125,2.982890625,3.8272734375,-4.63864453125,-3.343328125,6.28162109375,-6.47804296875,-2.126953125,4.1537265625,11.19693359375,-5.34686328125,-1.24044140625,-4.91059375,27.553203125,3.65566015625,-6.82015234375,-4.77796484375,23.24944921875,-30.95536328125,-12.23871875,-19.0645546875,-9.1451015625,0.43999609375
-8.59385546875,-20.20837890625,-15.0818046875,14.74051171875,-1.69801953125,-4.67671875,-10.17378125,5.69339453125,2.837890625,4.2952734375,-4.11964453125,-2.632328125,5.89462109375,-6.44904296875,-1.662953125,4.4197265625,11.22093359375,-4.60986328125,-1.63344140625,-3.90859375,27.080203125,4.03166015625,-7.19015234375,-4.75196484375,21.51944921875,-30.85936328125,-12.36671875,-18.9775546875,-9.0931015625,0.76199609375
-9.44985546875,-21.24537890625,-14.9338046875,15.29751171875,-1.59201953125,-3.87571875,-9.30278125,5.15139453125,2.611890625,4.7352734375,-3.68664453125,-1.989328125,5.14962109375,-6.59504296875,-1.158953125,4.3047265625,10.74293359375,-4.33186328125,-2.03044140625,-3.07759375,26.377203125,4.14266015625,-7.82815234375,-5.07496484375,19.60444921875,-30.48936328125,-12.32671875,-19.3615546875,-9.3291015625,0.88699609375
-10.93685546875,-23.31037890625,-15.3448046875,15.52351171875,-1.78201953125,-3.35671875,-7.98678125,4.09939453125,2.382890625,5.1932734375,-3.39564453125,-1.564328125,4.19462109375,-6.99604296875,-0.867953125000001,3.7557265625,9.92193359375,-4.71486328125,-2.65744140625,-2.71059375,25.444203125,3.81666015625,-8.83115234375,-5.93196484375,17.62244921875,-29.92536328125,-12.38271875,-20.2895546875,-9.9021015625,0.74299609375
-12.60085546875,-25.38837890625,-15.9438046875,15.33251171875,-2.07901953125,-3.06671875,-6.23378125,2.93539453125,2.147890625,5.6312734375,-3.20064453125,-1.402328125,3.14762109375,-7.67804296875,-0.936953125,2.9707265625,8.94093359375,-5.77586328125,-3.62844140625,-2.89559375,24.454203125,3.00666015625,-10.14015234375,-7.25496484375,15.74744921875,-29.14036328125,-12.67071875,-21.5565546875,-10.6321015625,0.41899609375
-14.10485546875,-26.55437890625,-16.3088046875,14.66051171875,-2.36801953125,-2.90671875,-4.31978125,2.03339453125,1.805890625,5.8892734375,-3.04764453125,-1.490328125,2.03762109375,-8.63204296875,-1.387953125,2.2737265625,7.94393359375,-7.34986328125,-4.91244140625,-3.50659375,23.646203125,1.79566015625,-11.55215234375,-8.78796484375,14.15244921875,-28.08436328125,-13.14971875,-22.7725546875,-11.2081015625,0.0759960937500001
-15.23085546875,-26.26137890625,-16.1478046875,13.52251171875,-2.64901953125,-2.79571875,-2.60178125,1.72739453125,1.240890625,5.7472734375,-2.93364453125,-1.781328125,0.82562109375,-9.79504296875,-2.150953125,1.9657265625,7.07893359375,-9.15386328125,-6.36544140625,-4.28259375,23.195203125,0.37866015625,-12.78115234375,-10.20896484375,12.97344921875,-26.78736328125,-13.64571875,-23.5405546875,-11.3461015625,-0.16400390625
-15.78585546875,-24.43537890625,-15.3448046875,12.06251171875,-2.96701953125,-2.66971875,-1.29978125,2.30239453125,0.428890625,5.0542734375,-2.88364453125,-2.210328125,-0.51937890625,-11.04004296875,-3.087953125,2.2067265625,6.58093359375,-10.87686328125,-7.78444140625,-4.93459375,23.140203125,-0.97133984375,-13.55015234375,-11.25296484375,12.30744921875,-25.39236328125,-13.95571875,-23.6215546875,-10.9111015625,-0.26400390625
-15.57885546875,-21.44137890625,-13.9438046875,10.52951171875,-3.30901953125,-2.44571875,-0.438781249999998,3.86039453125,-0.510109375,3.8512734375,-2.87964453125,-2.718328125,-1.94637890625,-12.17804296875,-4.012953125,2.9727265625,6.76593359375,-12.26186328125,-8.96244140625,-5.25459375,23.381203125,-1.95733984375,-13.68715234375,-11.77296484375,12.20744921875,-24.10536328125,-13.95271875,-23.0185546875,-9.9521015625,-0.26800390625
-14.48485546875,-17.92637890625,-12.1248046875,9.22151171875,-3.56001953125,-2.03771875,0.129218750000001,6.18839453125,-1.349109375,2.4052734375,-2.84564453125,-3.271328125,-3.28137890625,-13.02004296875,-4.745953125,4.0607265625,7.86693359375,-13.15886328125,-9.76144140625,-5.19059375,23.702203125,-2.33433984375,-13.20815234375,-11.77296484375,12.65344921875,-23.11436328125,-13.66071875,-21.9345546875,-8.6751015625,-0.26600390625
-12.50285546875,-14.57237890625,-10.2038046875,8.42651171875,-3.54201953125,-1.44071875,0.651218750000002,8.79139453125,-1.855109375,1.1402734375,-2.71364453125,-3.860328125,-4.27737890625,-13.44004296875,-5.185953125,5.1557265625,9.80093359375,-13.51086328125,-10.14944140625,-4.83859375,23.816203125,-1.97433984375,-12.32315234375,-11.39696484375,13.52644921875,-22.52036328125,-13.23971875,-20.6485546875,-7.3491015625,-0.36200390625
-9.86285546875,-11.90937890625,-8.5718046875,8.34251171875,-3.12001953125,-0.76671875,1.31921875,11.04239453125,-1.889109375,0.4802734375,-2.49264453125,-4.470328125,-4.70037890625,-13.41904296875,-5.343953125,5.9357265625,12.07193359375,-13.31086328125,-10.18644140625,-4.38259375,23.451203125,-0.88933984375,-11.33715234375,-10.84596484375,14.61244921875,-22.32036328125,-12.89471875,-19.3815546875,-6.2171015625,-0.62900390625
-7.14185546875,-10.28737890625,-7.5568046875,8.96051171875,-2.30101953125,-0.199718750000001,2.10221875,12.34739453125,-1.473109375,0.6562734375,-2.26664453125,-5.079328125,-4.43337890625,-13.02504296875,-5.321953125,6.1777265625,13.94093359375,-12.56786328125,-9.97544140625,-4.02059375,22.444203125,0.79466015625,-10.50915234375,-10.28996484375,15.63544921875,-22.45136328125,-12.77971875,-18.2435546875,-5.4371015625,-1.09000390625
-5.18985546875,-9.92237890625,-7.3138046875,10.02451171875,-1.28001953125,0.0912812499999993,2.75621875,12.32039453125,-0.789109375,1.6002734375,-2.15664453125,-5.669328125,-3.54237890625,-12.38404296875,-5.262953125,5.8157265625,14.76193359375,-11.34386328125,-9.61444140625,-3.91259375,20.798203125,2.85966015625,-9.96515234375,-9.81796484375,16.30744921875,-22.87836328125,-12.95471875,-17.2775546875,-5.0721015625,-1.71700390625
-4.76585546875,-10.84437890625,-7.7788046875,11.15051171875,-0.35601953125,0.0312812499999993,3.07221875,10.95939453125,-0.0801093749999997,3.0032734375,-2.25564453125,-6.213328125,-2.25437890625,-11.63204296875,-5.287953125,4.9607265625,14.28393359375,-9.79286328125,-9.18244140625,-4.14559375,18.664203125,5.01566015625,-9.69515234375,-9.45896484375,16.39644921875,-23.61136328125,-13.41271875,-16.5105546875,-5.0981015625,-2.45800390625
-6.10085546875,-12.77337890625,-8.6908046875,12.07251171875,0.23798046875,-0.29871875,3.09521875,8.71039453125,0.501890625,4.5082734375,-2.55564453125,-6.659328125,-0.84337890625,-10.84304296875,-5.425953125,3.8767265625,12.74293359375,-8.13186328125,-8.70844140625,-4.69259375,16.309203125,6.94966015625,-9.58815234375,-9.21496484375,15.82244921875,-24.65536328125,-14.12271875,-15.9605546875,-5.3941015625,-3.25300390625
-8.71185546875,-15.09137890625,-9.6388046875,12.80451171875,0.51298046875,-0.622718750000001,3.09221875,6.32339453125,1.018890625,5.9232734375,-2.88264453125,-6.902328125,0.53562109375,-9.96604296875,-5.548953125,2.9167265625,10.72093359375,-6.54786328125,-8.14044140625,-5.38359375,14.090203125,8.40966015625,-9.47615234375,-9.04696484375,14.72344921875,-25.91636328125,-15.03471875,-15.5855546875,-5.7511015625,-4.03200390625
-11.57885546875,-16.95137890625,-10.1618046875,13.62151171875,0.77098046875,-0.529718750000001,3.35121875,4.59439453125,1.734890625,7.2822734375,-2.92464453125,-6.798328125,1.89662109375,-8.84704296875,-5.402953125,2.4077265625,8.87193359375,-5.12986328125,-7.35444140625,-5.91959375,12.385203125,9.27666015625,-9.18315234375,-8.85696484375,13.42444921875,-27.17836328125,-16.06971875,-15.2785546875,-5.9191015625,-4.71200390625
-13.50485546875,-17.51337890625,-9.8878046875,14.88151171875,1.45098046875,0.34228125,4.08021875,4.17939453125,2.960890625,8.7572734375,-2.36664453125,-6.177328125,3.32762109375,-7.32804296875,-4.723953125,2.5447265625,7.66993359375,-3.88086328125,-6.23544140625,-5.94959375,11.490203125,9.57866015625,-8.60115234375,-8.51396484375,12.33244921875,-28.18436328125,-17.09071875,-14.9215546875,-5.7141015625,-5.20600390625
-13.52185546875,-16.23737890625,-8.6788046875,16.78551171875,2.88398046875,2.10128125,5.42821875,5.45939453125,4.856890625,10.4662734375,-1.06164453125,-4.871328125,4.82662109375,-5.37604296875,-3.393953125,3.3467265625,7.28793359375,-2.79886328125,-4.78744140625,-5.19559375,11.507203125,9.44266015625,-7.73415234375,-7.90096484375,11.78644921875,-28.75336328125,-17.89571875,-14.4715546875,-5.1121015625,-5.43900390625
-11.25985546875,-13.16837890625,-6.6778046875,19.17651171875,5.06198046875,4.51328125,7.45021875,8.37639453125,7.275890625,12.3192734375,0.88735546875,-2.791328125,6.22062109375,-3.15004296875,-1.521953125,4.6817265625,7.63393359375,-1.94286328125,-3.16944140625,-3.57359375,12.305203125,9.02766015625,-6.69915234375,-6.97396484375,11.94644921875,-28.87436328125,-18.25771875,-14.0025546875,-4.2751015625,-5.36700390625
-7.16385546875,-9.03237890625,-4.2658046875,21.48851171875,7.56998046875,7.07128125,9.98421875,12.32439453125,9.736890625,13.9752734375,3.15235546875,-0.0423281250000005,7.23662109375,-0.982042968749999,0.564046874999999,6.3247265625,8.45693359375,-1.44986328125,-1.66444140625,-1.28059375,13.572203125,8.44766015625,-5.67715234375,-5.79796484375,12.73344921875,-28.72336328125,-18.00671875,-13.6645546875,-3.4881015625,-5.00900390625
-2.39385546875,-5.04437890625,-1.9638046875,22.91951171875,9.68698046875,9.14028125,12.63121875,16.32539453125,11.559890625,14.9612734375,5.25135546875,3.008671875,7.64762109375,0.71095703125,2.381046875,8.0017265625,9.42893359375,-1.48286328125,-0.590441406250001,1.21040625,14.918203125,7.73666015625,-4.86215234375,-4.57596484375,13.86044921875,-28.59036328125,-17.15171875,-13.5995546875,-3.0531015625,-4.48300390625
1.58914453125,-2.46437890625,-0.311804687499999,22.78951171875,10.64498046875,10.13728125,14.88721875,19.43539453125,12.101890625,14.8832734375,6.65635546875,5.766671875,7.41062109375,1.54595703125,3.414046875,9.4137265625,10.19193359375,-2.13686328125,-0.21644140625,3.27840625,15.969203125,6.88366015625,-4.41215234375,-3.61196484375,14.93244921875,-28.76536328125,-15.93071875,-13.8475546875,-3.1571015625,-3.99900390625
3.53714453125,-2.15137890625,0.287195312500002,20.87851171875,9.92698046875,9.71828125,16.29021875,21.09539453125,11.008890625,13.6002734375,6.94735546875,7.585671875,6.68762109375,1.28595703125,3.269046875,10.2657265625,10.39993359375,-3.33986328125,-0.67744140625,4.35340625,16.453203125,5.91666015625,-4.39815234375,-3.21196484375,15.59644921875,-29.42636328125,-14.73771875,-14.3035546875,-3.7831015625,-3.77900390625
2.85314453125,-4.25037890625,-0.292804687499999,17.57151171875,7.49198046875,7.91528125,16.48121875,21.19939453125,8.349890625,11.2772734375,5.94235546875,8.003671875,5.75462109375,-0.0990429687499983,1.807046875,10.3067265625,9.79693359375,-4.83086328125,-1.95144140625,4.10140625,16.220203125,4.97966015625,-4.79015234375,-3.56096484375,15.63444921875,-30.59636328125,-13.98071875,-14.7655546875,-4.7121015625,-3.97000390625
-0.146855468749999,-8.11137890625,-1.8498046875,13.73251171875,3.80198046875,5.12128125,15.29021875,20.00739453125,4.586890625,8.2982734375,3.75935546875,6.952671875,4.85162109375,-2.45504296875,-0.826953125000001,9.3757265625,8.32693359375,-6.27686328125,-3.92744140625,2.49740625,15.217203125,4.28766015625,-5.52315234375,-4.68896484375,14.98244921875,-32.21636328125,-13.95171875,-15.0675546875,-5.6651015625,-4.60900390625
-4.28585546875,-12.46337890625,-3.9348046875,10.38951171875,-0.34801953125,1.93328125,12.90121875,18.05839453125,0.409890625,5.1152734375,0.75535546875,4.849671875,4.09762109375,-5.51204296875,-4.264953125,7.4627265625,6.21193359375,-7.45486328125,-6.50044140625,-0.201593749999999,13.450203125,3.98666015625,-6.60115234375,-6.51996484375,13.69144921875,-34.23436328125,-14.78171875,-15.2275546875,-6.4871015625,-5.65800390625
-7.96685546875,-15.91337890625,-6.0138046875,8.35251171875,-4.11501953125,-1.04071875,9.91221875,16.04039453125,-3.461109375,2.1372734375,-2.55764453125,2.493671875,3.50762109375,-8.94704296875,-8.012953125,4.7747265625,3.92593359375,-8.38686328125,-9.60144140625,-3.54759375,11.013203125,4.01466015625,-8.17315234375,-8.94496484375,11.86544921875,-36.63336328125,-16.44771875,-15.4875546875,-7.2491015625,-7.06300390625
-9.88885546875,-17.57837890625,-7.6208046875,7.89651171875,-6.86201953125,-3.30371875,7.13821875,14.55339453125,-6.458109375,-0.3307265625,-5.60164453125,0.790671874999999,3.05962109375,-12.40704296875,-11.531953125,1.7537265625,2.03093359375,-9.31486328125,-13.13244140625,-7.02659375,8.142203125,4.08466015625,-10.46715234375,-11.84396484375,9.63644921875,-39.34936328125,-18.80171875,-16.1915546875,-8.1901015625,-8.76600390625
-9.60085546875,-17.45737890625,-8.4808046875,8.70651171875,-8.29601953125,-4.53671875,5.30121875,13.88239453125,-8.269109375,-2.0977265625,-7.83764453125,0.426671874999999,2.75262109375,-15.52404296875,-14.327953125,-1.0022734375,0.94593359375,-10.54686328125,-16.88744140625,-10.17159375,5.235203125,3.80466015625,-13.62515234375,-15.05796484375,7.14244921875,-42.15236328125,-21.60571875,-17.5905546875,-9.5501015625,-10.67600390625
-7.53185546875,-16.26837890625,-8.5588046875,10.11351171875,-8.45401953125,-4.65371875,4.81521875,13.95839453125,-8.848109375,-3.0557265625,-8.90064453125,1.628671875,2.60362109375,-17.95804296875,-16.058953125,-2.9202734375,0.793933593750001,-12.25386328125,-20.52144140625,-12.66659375,2.743203125,2.86466015625,-17.54015234375,-18.36796484375,4.55044921875,-44.60336328125,-24.58571875,-19.6825546875,-11.4191015625,-12.64800390625
-4.58185546875,-14.88037890625,-8.0298046875,11.48351171875,-7.58101953125,-3.79671875,5.70221875,14.46539453125,-8.365109375,-3.1677265625,-8.71364453125,4.121671875,2.61962109375,-19.45004296875,-16.614953125,-3.6552734375,1.42593359375,-14.36086328125,-23.60644140625,-14.38859375,1.010203125,1.18666015625,-21.78215234375,-21.49396484375,2.09244921875,-46.18836328125,-27.48671875,-22.1885546875,-13.6601015625,-14.48000390625
-1.64185546875,-13.81437890625,-7.1788046875,12.47751171875,-5.99301953125,-2.27471875,7.55121875,14.96539453125,-7.132109375,-2.4827265625,-7.51664453125,7.250671875,2.76362109375,-19.88004296875,-16.123953125,-3.2222734375,2.56093359375,-16.56386328125,-25.74744140625,-15.39959375,0.152203125000003,-1.03133984375,-25.69715234375,-24.11796484375,0.0844492187500023,-46.54836328125,-30.10171875,-24.6525546875,-15.9531015625,-15.94100390625
0.69814453125,-13.11837890625,-6.3078046875,13.06951171875,-3.99601953125,-0.469718750000001,9.57121875,15.01339453125,-5.530109375,-1.1847265625,-5.78764453125,10.223671875,2.94262109375,-19.31204296875,-14.914953125,-1.9972734375,3.91793359375,-18.46786328125,-26.71544140625,-15.88559375,0.0442031250000028,-3.41333984375,-28.64615234375,-25.95196484375,-1.12855078125,-45.69136328125,-32.26471875,-26.6135546875,-17.9061015625,-16.82500390625
2.25414453125,-12.56037890625,-5.6898046875,13.39851171875,-1.88301953125,1.22028125,10.89821875,14.33539453125,-3.939109375,0.3862734375,-4.10064453125,12.385671875,3.00962109375,-18.00804296875,-13.443953125,-0.549273437500001,5.27093359375,-19.75286328125,-26.53744140625,-16.06759375,0.390203125000003,-5.56233984375,-30.25915234375,-26.82496484375,-1.28755078125,-44.01536328125,-33.81271875,-27.7585546875,-19.1931015625,-17.00200390625
3.17914453125,-11.95637890625,-5.5408046875,13.61651171875,0.0499804687499998,2.44628125,11.01621875,12.98839453125,-2.650109375,1.8052734375,-2.93164453125,13.424671875,2.80862109375,-16.35104296875,-12.172953125,0.612726562499999,6.44193359375,-20.27186328125,-25.47144140625,-16.08659375,0.862203125000004,-7.17533984375,-30.53515234375,-26.73096484375,-0.329550781249999,-42.15036328125,-34.57371875,-27.9845546875,-19.6441015625,-16.43900390625
3.72114453125,-11.44237890625,-5.9608046875,13.79151171875,1.50698046875,3.00128125,9.99021875,11.30139453125,-1.801109375,2.6832734375,-2.47164453125,13.407671875,2.25762109375,-14.71004296875,-11.404953125,1.2727265625,7.27993359375,-20.04386328125,-23.86044140625,-15.93759375,1.242203125,-8.06933984375,-29.73815234375,-25.78996484375,1.57244921875,-40.68536328125,-34.39671875,-27.3765546875,-19.2481015625,-15.19200390625
3.92914453125,-11.51837890625,-6.8748046875,13.86951171875,2.21498046875,2.89028125,8.31821875,9.65139453125,-1.394109375,2.8002734375,-2.57064453125,12.667671875,1.41662109375,-13.31504296875,-11.171953125,1.5807265625,7.66493359375,-19.17886328125,-21.97844140625,-15.47959375,1.506203125,-8.14633984375,-28.18315234375,-24.17496484375,4.06544921875,-39.96136328125,-33.23571875,-26.1235546875,-18.1091015625,-13.39700390625
3.59614453125,-12.71037890625,-8.0268046875,13.69451171875,1.97598046875,2.29428125,6.61021875,8.29539453125,-1.353109375,2.1672734375,-2.86464453125,11.629671875,0.48962109375,-12.22304296875,-11.274953125,1.9107265625,7.51793359375,-17.81786328125,-19.99044140625,-14.56459375,1.786203125,-7.38133984375,-26.09315234375,-22.08396484375,6.71344921875,-39.98136328125,-31.23071875,-24.4475546875,-16.3971015625,-11.26200390625
2.53114453125,-15.02937890625,-9.0528046875,13.10651171875,0.75298046875,1.45828125,5.33621875,7.34539453125,-1.598109375,1.0082734375,-3.02764453125,10.667671875,-0.26937890625,-11.37004296875,-11.443953125,2.6027265625,6.83493359375,-16.10386328125,-18.02044140625,-13.19259375,2.242203125,-5.84733984375,-23.58515234375,-19.75996484375,9.09944921875,-40.47436328125,-28.70471875,-22.5615546875,-14.3271015625,-9.05700390625
0.888144531250001,-17.69137890625,-9.5808046875,12.03951171875,-1.25701953125,0.60828125,4.68121875,6.77539453125,-2.070109375,-0.3397265625,-2.93764453125,10.012671875,-0.64537890625,-10.65204296875,-11.496953125,3.7307265625,5.74093359375,-14.18586328125,-16.22544140625,-11.58459375,2.927203125,-3.72133984375,-20.74915234375,-17.49196484375,10.91644921875,-41.03236328125,-26.07271875,-20.6375546875,-12.1461015625,-7.05500390625
-0.803855468749999,-19.45337890625,-9.3548046875,10.56951171875,-3.63401953125,-0.0827187500000006,4.51621875,6.38339453125,-2.744109375,-1.5777265625,-2.68364453125,9.701671875,-0.52437890625,-10.00504296875,-11.393953125,5.0567265625,4.52593359375,-12.21786328125,-14.78844140625,-10.10759375,3.743203125,-1.26233984375,-17.74815234375,-15.55396484375,12.01644921875,-41.26536328125,-23.69171875,-18.7985546875,-10.1031015625,-5.45000390625
-1.93285546875,-19.35537890625,-8.3518046875,8.86551171875,-5.91201953125,-0.530718750000001,4.53721875,5.87039453125,-3.646109375,-2.5707265625,-2.45564453125,9.582671875,0.0736210937500001,-9.47404296875,-11.208953125,6.1667265625,3.60593359375,-10.37786328125,-13.86544140625,-9.09459375,4.481203125,1.25266015625,-14.85915234375,-14.12196484375,12.44644921875,-40.92836328125,-21.77171875,-17.1215546875,-8.4061015625,-4.29500390625
-2.16785546875,-17.33837890625,-6.8298046875,7.10851171875,-7.82001953125,-0.799718750000001,4.51521875,5.08339453125,-4.858109375,-3.4047265625,-2.44564453125,9.430671875,0.98462109375,-9.24604296875,-11.075953125,6.7117265625,3.36693359375,-8.86686328125,-13.53844140625,-8.67159375,4.931203125,3.57666015625,-12.45215234375,-13.24296484375,12.41444921875,-39.96736328125,-20.36671875,-15.6585546875,-7.1791015625,-3.52200390625
-1.66385546875,-14.31637890625,-5.2348046875,5.41851171875,-9.41501953125,-1.10271875,4.44221875,4.20239453125,-6.475109375,-4.3347265625,-2.76064453125,9.101671875,1.95262109375,-9.59604296875,-11.128953125,6.6127265625,3.98193359375,-7.88486328125,-13.80544140625,-8.70559375,5.000203125,5.54066015625,-10.87815234375,-12.84096484375,12.22044921875,-38.48936328125,-19.42371875,-14.4355546875,-6.4291015625,-3.01400390625
-0.979855468749999,-11.68037890625,-3.9868046875,3.83951171875,-10.98501953125,-1.67271875,4.42521875,3.65639453125,-8.498109375,-5.6367265625,-3.36764453125,8.627671875,2.74462109375,-10.72804296875,-11.439953125,6.1067265625,5.32993359375,-7.56386328125,-14.57144140625,-8.89359375,4.777203125,7.06566015625,-10.32315234375,-12.76796484375,12.13644921875,-36.68536328125,-18.85971875,-13.4435546875,-6.0601015625,-2.66800390625
-0.771855468749999,-10.55537890625,-3.2678046875,2.37751171875,-12.78201953125,-2.60571875,4.52721875,3.88039453125,-10.732109375,-7.4267265625,-4.08264453125,8.187671875,3.23662109375,-12.60504296875,-11.962953125,5.6227265625,7.06793359375,-7.91486328125,-15.68144140625,-8.93159375,4.498203125,8.13766015625,-10.73315234375,-12.87996484375,12.28044921875,-34.76536328125,-18.62371875,-12.6525546875,-5.9461015625,-2.43500390625
-1.39485546875,-11.19737890625,-2.9588046875,1.06851171875,-14.78701953125,-3.76671875,4.76121875,5.11439453125,-12.784109375,-9.5267265625,-4.64064453125,7.989671875,3.42862109375,-14.91004296875,-12.544953125,5.5597265625,8.81293359375,-8.82586328125,-16.96744140625,-8.67359375,4.413203125,8.72466015625,-11.86715234375,-13.11496484375,12.55044921875,-32.92936328125,-18.73771875,-12.0635546875,-6.0201015625,-2.32500390625
-2.69585546875,-12.88937890625,-2.7558046875,-0.0124882812500022,-16.66901953125,-4.83871875,5.19021875,7.31739453125,-14.201109375,-11.4987265625,-4.80564453125,8.132671875,3.36262109375,-17.14504296875,-13.002953125,6.0757265625,10.29493359375,-10.10686328125,-18.29044140625,-8.18659375,4.625203125,8.70366015625,-13.43215234375,-13.52596484375,12.69244921875,-31.34636328125,-19.28971875,-11.7575546875,-6.3271015625,-2.39100390625
-4.18085546875,-14.43237890625,-2.3678046875,-0.818488281250001,-17.96801953125,-5.46271875,5.89621875,10.08439453125,-14.701109375,-12.8367265625,-4.47064453125,8.501671875,3.04962109375,-18.84404296875,-13.201953125,7.0067265625,11.39993359375,-11.55986328125,-19.55244140625,-7.69359375,5.022203125,7.86766015625,-15.20115234375,-14.21796484375,12.44444921875,-30.10736328125,-20.36371875,-11.8945546875,-6.9831015625,-2.68900390625
-5.45685546875,-14.93437890625,-1.7238046875,-1.42948828125,-18.38701953125,-5.42971875,6.82221875,12.66539453125,-14.348109375,-13.2437265625,-3.70864453125,8.758671875,2.43462109375,-19.76604296875,-13.131953125,7.9197265625,12.10993359375,-13.04486328125,-20.68844140625,-7.45959375,5.303203125,6.02966015625,-17.05415234375,-15.26396484375,11.65844921875,-29.19936328125,-21.95971875,-12.6465546875,-8.0901015625,-3.25600390625
-6.52285546875,-14.33237890625,-1.0438046875,-2.04748828125,-17.99801953125,-4.82671875,7.72821875,14.21739453125,-13.562109375,-12.8067265625,-2.78564453125,8.467671875,1.41862109375,-19.98904296875,-12.934953125,8.2967265625,12.40693359375,-14.51986328125,-21.68144140625,-7.67659375,5.110203125,3.15466015625,-18.95315234375,-16.64596484375,10.33844921875,-28.50536328125,-23.95071875,-14.1095546875,-9.6361015625,-4.09300390625
-7.65985546875,-13.29337890625,-0.740804687499999,-2.88348828125,-17.20001953125,-4.02971875,8.30921875,14.19739453125,-12.913109375,-11.9487265625,-2.07964453125,7.315671875,-0.10137890625,-19.84504296875,-12.840953125,7.7807265625,12.24193359375,-16.01786328125,-22.55944140625,-8.38159375,4.199203125,-0.52333984375,-20.87615234375,-18.25396484375,8.62644921875,-27.87536328125,-26.08371875,-16.2075546875,-11.4551015625,-5.15900390625
-9.08985546875,-12.68937890625,-1.1718046875,-4.02448828125,-16.48301953125,-3.49871875,8.31821875,12.59639453125,-12.840109375,-11.2017265625,-1.91064453125,5.290671875,-2.16837890625,-19.72504296875,-13.026953125,6.3627265625,11.57293359375,-17.58086328125,-23.34944140625,-9.42259375,2.603203125,-4.47233984375,-22.73915234375,-19.87696484375,6.78544921875,-27.19936328125,-28.02871875,-18.6495546875,-13.2321015625,-6.32900390625
-10.72385546875,-13.09637890625,-2.4238046875,-5.42348828125,-16.16701953125,-3.53171875,7.58621875,9.86639453125,-13.452109375,-10.9427265625,-2.38064453125,2.716671875,-4.71537890625,-19.86504296875,-13.495953125,4.4177265625,10.41793359375,-19.17086328125,-24.01344140625,-10.49559375,0.662203125000001,-7.96833984375,-24.35215234375,-21.22296484375,5.17844921875,-26.45536328125,-29.45571875,-20.9565546875,-14.5821015625,-7.38400390625
-12.19585546875,-14.58437890625,-4.2748046875,-6.96648828125,-16.29101953125,-4.14271875,6.06221875,6.68939453125,-14.516109375,-11.2327265625,-3.34164453125,0.125671875,-7.51437890625,-20.24504296875,-14.064953125,2.5427265625,8.86093359375,-20.63486328125,-24.42944140625,-11.25059375,-1.112796875,-10.29633984375,-25.44815234375,-21.99596484375,4.21244921875,-25.70436328125,-30.11871875,-22.5815546875,-15.1881015625,-8.05900390625
-13.06385546875,-16.77437890625,-6.3118046875,-8.54048828125,-16.68301953125,-5.12171875,3.90821875,3.77439453125,-15.594109375,-11.8257265625,-4.49764453125,-1.940328125,-10.15637890625,-20.63204296875,-14.498953125,1.2817265625,7.00993359375,-21.71286328125,-24.43644140625,-11.44259375,-2.304796875,-10.98633984375,-25.78415234375,-22.01496484375,4.20844921875,-25.06836328125,-29.92371875,-23.0755546875,-14.9281015625,-8.16500390625
-13.07585546875,-19.03937890625,-8.0938046875,-10.04448828125,-17.12201953125,-6.16771875,1.51821875,1.65439453125,-16.266109375,-12.3277265625,-5.55264453125,-3.120328125,-12.07537890625,-20.72204296875,-14.637953125,0.891726562499999,4.98193359375,-22.10086328125,-23.91744140625,-11.05259375,-2.790796875,-9.95233984375,-25.22715234375,-21.30396484375,5.24744921875,-24.69636328125,-28.93871875,-22.2315546875,-13.9251015625,-7.70300390625
-12.38685546875,-20.76737890625,-9.2728046875,-11.41848828125,-17.48801953125,-7.02071875,-0.695781249999999,0.486394531249999,-16.324109375,-12.4297265625,-6.32064453125,-3.364328125,-12.67637890625,-20.30004296875,-14.480953125,1.2517265625,2.92193359375,-21.54186328125,-22.85944140625,-10.30559375,-2.781796875,-7.51233984375,-23.80715234375,-20.07496484375,7.07944921875,-24.71836328125,-27.35071875,-20.1575546875,-12.4851015625,-6.88000390625
-11.56085546875,-21.58637890625,-9.6818046875,-12.66448828125,-17.85201953125,-7.58171875,-2.53578125,0.0223945312499998,-15.869109375,-12.0997265625,-6.78164453125,-2.958328125,-11.59437890625,-19.35204296875,-14.172953125,1.9337265625,1.04293359375,-19.93686328125,-21.38244140625,-9.58859375,-2.692796875,-4.28033984375,-21.72315234375,-18.64496484375,9.16844921875,-25.17736328125,-25.39471875,-17.2575546875,-10.9611015625,-6.01300390625
-11.28785546875,-21.44237890625,-9.3798046875,-13.84448828125,-18.42301953125,-7.96371875,-4.04978125,-0.15560546875,-15.257109375,-11.6047265625,-7.07564453125,-2.398328125,-8.95337890625,-18.08804296875,-13.944953125,2.4127265625,-0.40006640625,-17.42686328125,-19.73444140625,-9.28059375,-2.926796875,-0.999339843750001,-19.30215234375,-17.30596484375,10.90044921875,-25.95036328125,-23.27971875,-14.1195546875,-9.6101015625,-5.35800390625
-11.95885546875,-20.53537890625,-8.6198046875,-15.01848828125,-19.40901953125,-8.42171875,-5.39278125,-0.32560546875,-14.917109375,-11.3447265625,-7.42264453125,-2.190328125,-5.42937890625,-16.83404296875,-13.989953125,2.3227265625,-1.21606640625,-14.39886328125,-18.21144140625,-9.57659375,-3.671796875,1.66766015625,-16.91515234375,-16.22696484375,11.84244921875,-26.74536328125,-21.13571875,-11.3425546875,-8.5131015625,-4.96500390625
-13.40985546875,-19.21837890625,-7.7388046875,-16.18148828125,-20.84701953125,-9.17871875,-6.71378125,-0.49360546875,-15.145109375,-11.6097265625,-7.97564453125,-2.670328125,-2.01337890625,-15.87504296875,-14.347953125,1.6127265625,-1.39606640625,-11.39386328125,-17.04444140625,-10.40359375,-4.821796875,3.31266015625,-14.88115234375,-15.40796484375,11.91944921875,-27.18836328125,-19.03071875,-9.3585546875,-7.6001015625,-4.66000390625
-15.01685546875,-17.90437890625,-7.0468046875,-17.24548828125,-22.55401953125,-10.28571875,-8.10778125,-0.481605468750001,-15.996109375,-12.4377265625,-8.74364453125,-3.916328125,0.38062109375,-15.35004296875,-14.892953125,0.539726562499999,-1.13906640625,-8.98186328125,-16.33044140625,-11.47759375,-6.049796875,3.85566015625,-13.41915234375,-14.73596484375,11.38844921875,-26.98636328125,-17.05271875,-8.3195546875,-6.7691015625,-4.17800390625
-16.07085546875,-16.94737890625,-6.7658046875,-18.06448828125,-24.23401953125,-11.63071875,-9.58478125,-0.0706054687500002,-17.316109375,-13.6347265625,-9.62564453125,-5.749328125,1.22162109375,-15.27604296875,-15.453953125,-0.511273437500001,-0.75806640625,-7.63186328125,-16.07244140625,-12.46059375,-6.987796875,3.48666015625,-12.66715234375,-14.12796484375,10.66544921875,-26.04936328125,-15.39571875,-8.1045546875,-6.0111015625,-3.37100390625
-16.22185546875,-16.56237890625,-7.0128046875,-18.51248828125,-25.64301953125,-13.06671875,-11.05178125,0.87439453125,-18.876109375,-14.9317265625,-10.51164453125,-7.808328125,0.44462109375,-15.62604296875,-15.960953125,-1.2402734375,-0.49206640625,-7.60486328125,-16.24844140625,-13.12559375,-7.397796875,2.51666015625,-12.69615234375,-13.62396484375,10.11444921875,-24.49136328125,-14.34371875,-8.4095546875,-5.4471015625,-2.33400390625
-15.75385546875,-16.83037890625,-7.7638046875,-18.56548828125,-26.68801953125,-14.48771875,-12.38978125,2.28139453125,-20.506109375,-16.1487265625,-11.33564453125,-9.689328125,-1.65737890625,-16.38304296875,-16.484953125,-1.5612734375,-0.36406640625,-8.88986328125,-16.83544140625,-13.42759375,-7.229796875,1.25166015625,-13.47615234375,-13.35196484375,9.91244921875,-22.51636328125,-14.12971875,-8.8425546875,-5.2291015625,-1.34000390625
-15.45585546875,-17.72437890625,-8.8478046875,-18.34248828125,-27.40701953125,-15.83171875,-13.55678125,3.82639453125,-22.147109375,-17.2637265625,-12.06464453125,-11.104328125,-4.63137890625,-17.51204296875,-17.141953125,-1.5822734375,-0.173066406249999,-11.19186328125,-17.76444140625,-13.45659375,-6.580796875,-0.0893398437499999,-14.82715234375,-13.40096484375,10.03244921875,-20.31236328125,-14.76871875,-9.0265546875,-5.4051015625,-0.65300390625
-16.10485546875,-19.07737890625,-9.9888046875,-18.06948828125,-27.88701953125,-17.05171875,-14.53978125,5.11439453125,-23.821109375,-18.3597265625,-12.67264453125,-11.959328125,-8.05337890625,-18.93004296875,-17.995953125,-1.4962734375,0.36693359375,-14.03086328125,-18.90144140625,-13.34259375,-5.643796875,-1.38433984375,-16.43315234375,-13.73696484375,10.29844921875,-18.02636328125,-15.99371875,-8.6975546875,-5.8491015625,-0.36600390625
-17.90885546875,-20.53637890625,-10.8888046875,-17.96748828125,-28.18901953125,-18.07371875,-15.22678125,5.95239453125,-25.524109375,-19.4857265625,-13.13064453125,-12.319328125,-11.61137890625,-20.49404296875,-18.991953125,-1.4512734375,1.44293359375,-16.88786328125,-20.06744140625,-13.16359375,-4.645796875,-2.58733984375,-17.93215234375,-14.22596484375,10.48044921875,-15.82536328125,-17.35771875,-7.7955546875,-6.3081015625,-0.37800390625
-20.31085546875,-21.61737890625,-11.2868046875,-18.15948828125,-28.29501953125,-18.75071875,-15.38378125,6.46739453125,-27.134109375,-20.5327265625,-13.36964453125,-12.302328125,-15.05237890625,-21.99204296875,-19.949953125,-1.4812734375,3.00893359375,-19.32286328125,-21.08044140625,-12.90559375,-3.791796875,-3.65933984375,-19.01115234375,-14.71296484375,10.38144921875,-13.94036328125,-18.44971875,-6.4865546875,-6.5251015625,-0.48800390625
-22.28085546875,-21.87237890625,-10.9738046875,-18.60448828125,-28.09701953125,-18.83571875,-14.81778125,6.97139453125,-28.375109375,-21.1937265625,-13.25264453125,-11.986328125,-18.08137890625,-23.15504296875,-20.587953125,-1.5272734375,4.77693359375,-21.02186328125,-21.78344140625,-12.51459375,-3.216796875,-4.52233984375,-19.46615234375,-15.09896484375,9.89844921875,-12.63836328125,-19.09271875,-5.0995546875,-6.3611015625,-0.53800390625
-22.78985546875,-20.97537890625,-9.8098046875,-19.08548828125,-27.42701953125,-18.02971875,-13.50278125,7.77139453125,-28.881109375,-21.0387265625,-12.59764453125,-11.353328125,-20.33437890625,-23.68604296875,-20.597953125,-1.4962734375,6.31293359375,-21.78086328125,-22.05944140625,-11.98359375,-2.988796875,-5.06633984375,-19.24615234375,-15.39396484375,9.03144921875,-12.12136328125,-19.43671875,-4.0145546875,-5.8561015625,-0.51500390625
-21.16385546875,-18.68137890625,-7.7478046875,-19.24648828125,-26.11901953125,-16.11171875,-11.53878125,9.08739453125,-28.336109375,-19.6537265625,-11.25664453125,-10.285328125,-21.49737890625,-23.32704296875,-19.751953125,-1.3242734375,7.18493359375,-21.47086328125,-21.85544140625,-11.41159375,-3.138796875,-5.20233984375,-18.45615234375,-15.71696484375,7.86344921875,-12.44336328125,-19.88271875,-3.5425546875,-5.2211015625,-0.58100390625
-17.27885546875,-14.80737890625,-4.8618046875,-18.72448828125,-24.08901953125,-13.05171875,-9.07778125,11.01139453125,-26.616109375,-16.8197265625,-9.19264453125,-8.637328125,-21.44337890625,-21.94404296875,-17.985953125,-0.986273437500001,7.10993359375,-20.02786328125,-21.16944140625,-10.96759375,-3.672796875,-4.90833984375,-17.32715234375,-16.22196484375,6.51644921875,-13.48736328125,-20.84071875,-3.8295546875,-4.7571015625,-0.99400390625
-11.68585546875,-9.43637890625,-1.3688046875,-17.35748828125,-21.39101953125,-9.07571875,-6.33278125,13.41039453125,-23.862109375,-12.6597265625,-6.51364453125,-6.377328125,-20.31037890625,-19.57704296875,-15.416953125,-0.475273437500001,6.05193359375,-17.47886328125,-20.03144140625,-10.77359375,-4.520796875,-4.21433984375,-16.11215234375,-16.94096484375,5.12444921875,-15.00136328125,-22.41571875,-4.7875546875,-4.7071015625,-1.94500390625
-5.55485546875,-3.19237890625,2.3471953125,-15.32048828125,-18.26001953125,-4.66771875,-3.60278125,15.90839453125,-20.446109375,-7.6957265625,-3.48964453125,-3.698328125,-18.43737890625,-16.46204296875,-12.323953125,0.221726562499999,4.23693359375,-13.99286328125,-18.47744140625,-10.76959375,-5.494796875,-3.16633984375,-14.97615234375,-17.67096484375,3.83744921875,-16.63036328125,-24.21271875,-6.0835546875,-5.1001015625,-3.38700390625
-0.33485546875,2.72162109375,5.7271953125,-13.06648828125,-15.09601953125,-0.52771875,-1.19478125,18.02239453125,-16.849109375,-2.7687265625,-0.55164453125,-1.016328125,-16.22937890625,-13.00704296875,-9.122953125,1.1117265625,2.09593359375,-9.92486328125,-16.56944140625,-10.69259375,-6.305796875,-1.81933984375,-13.94715234375,-17.98696484375,2.82744921875,-17.94636328125,-25.39671875,-7.2245546875,-5.7001015625,-4.97700390625
2.78414453125,6.87762109375,8.1201953125,-11.09848828125,-12.37701953125,2.57728125,0.656218750000002,19.35639453125,-13.520109375,1.1862734375,1.76835546875,1.160671875,-14.02637890625,-9.70604296875,-6.313953125,2.1567265625,0.16093359375,-5.78886328125,-14.42044140625,-10.18959375,-6.663796875,-0.26333984375,-12.95215234375,-17.41096484375,2.26344921875,-18.51436328125,-25.03571875,-7.7365546875,-6.0951015625,-6.19300390625
3.28614453125,8.14862109375,8.9451953125,-9.74148828125,-10.52201953125,4.03628125,1.74121875,19.63439453125,-10.791109375,3.4042734375,2.97735546875,2.366671875,-12.04537890625,-7.00304296875,-4.374953125,3.2217265625,-1.08006640625,-2.14386328125,-12.20544140625,-9.01159375,-6.417796875,1.33166015625,-11.90515234375,-15.63896484375,2.25344921875,-18.02636328125,-22.55271875,-7.3685546875,-5.9081015625,-6.57300390625
1.43214453125,6.15362109375,7.8891953125,-9.04948828125,-9.75901953125,3.60028125,1.82621875,18.66439453125,-8.847109375,3.5192734375,2.78835546875,2.274671875,-10.41037890625,-5.15704296875,-3.626953125,4.0637265625,-1.36706640625,0.556136718749999,-10.13144140625,-7.18459375,-5.634796875,2.71266015625,-10.79515234375,-12.72196484375,2.78344921875,-16.44736328125,-18.03471875,-6.2325546875,-5.0011015625,-5.94100390625
-1.92685546875,1.45462109375,5.0271953125,-8.86248828125,-10.06901953125,1.45128125,0.772218750000001,16.41639453125,-7.733109375,1.6562734375,1.23135546875,0.769671874999999,-9.21937890625,-4.19104296875,-4.129953125,4.4117265625,-0.802066406249999,2.08213671875,-8.39744140625,-5.02359375,-4.586796875,3.59666015625,-9.70615234375,-9.09696484375,3.72744921875,-14.04036328125,-12.21771875,-4.7615546875,-3.5491015625,-4.48200390625
-5.67885546875,-4.59337890625,0.846195312500001,-8.95648828125,-11.20801953125,-1.87471875,-1.25778125,13.15639453125,-7.364109375,-1.6197265625,-1.35264453125,-1.979328125,-8.56237890625,-3.93004296875,-5.656953125,4.0877265625,0.155933593750001,2.46413671875,-7.14244140625,-2.99559375,-3.627796875,3.76866015625,-8.76715234375,-5.43796484375,4.93444921875,-11.25936328125,-6.17671875,-3.5115546875,-1.9331015625,-2.61400390625
-8.84185546875,-10.35137890625,-3.8588046875,-9.22848828125,-12.81201953125,-5.65771875,-3.79878125,9.41939453125,-7.576109375,-5.5167265625,-4.41064453125,-5.502328125,-8.47837890625,-4.12104296875,-7.763953125,3.1067265625,0.91093359375,1.94513671875,-6.41244140625,-1.51859375,-3.024796875,3.17366015625,-8.06315234375,-2.39596484375,6.32444921875,-8.55736328125,-0.885718750000001,-2.8925546875,-0.5421015625,-0.75900390625
-10.82885546875,-14.53837890625,-8.2058046875,-9.80548828125,-14.53501953125,-9.19971875,-6.32978125,5.77439453125,-8.213109375,-9.3007265625,-7.35864453125,-9.118328125,-8.91337890625,-4.57804296875,-9.957953125,1.6537265625,1.04293359375,0.854136718749999,-6.17444140625,-0.82059375,-2.869796875,1.93466015625,-7.59415234375,-0.37196484375,7.88944921875,-6.27336328125,3.07528125,-3.0085546875,0.373898437499999,0.82499609375
-11.47985546875,-16.65437890625,-11.5238046875,-10.97648828125,-16.17301953125,-12.04671875,-8.52678125,2.60239453125,-9.211109375,-12.5147265625,-9.79064453125,-12.111328125,-9.72937890625,-5.28004296875,-11.900953125,-0.0292734375000006,0.51093359375,-0.519863281250001,-6.37944140625,-0.926593749999999,-3.104796875,0.29866015625,-7.31115234375,0.52903515625,9.61044921875,-4.62536328125,5.56328125,-3.6815546875,0.7418984375,2.06299609375
-10.94485546875,-17.01437890625,-13.5718046875,-12.98048828125,-17.72001953125,-14.10371875,-10.36278125,0.0483945312499996,-10.611109375,-15.0317265625,-11.60964453125,-13.929328125,-10.76037890625,-6.34604296875,-13.517953125,-1.7672734375,-0.373066406249999,-2.00086328125,-7.00444140625,-1.70859375,-3.613796875,-1.44633984375,-7.18515234375,0.42603515625,11.36244921875,-3.75136328125,6.73428125,-4.6035546875,0.6228984375,2.97699609375
-9.62885546875,-16.50137890625,-14.5378046875,-15.81648828125,-19.30401953125,-15.56671875,-12.05778125,-1.92360546875,-12.476109375,-16.9437265625,-12.95964453125,-14.347328125,-11.88037890625,-7.90404296875,-14.914953125,-3.4752734375,-1.16706640625,-3.50386328125,-8.01544140625,-2.94759375,-4.256796875,-3.02333984375,-7.20615234375,-0.44296484375,12.92344921875,-3.70636328125,6.89028125,-5.4815546875,0.1738984375,3.61999609375
-8.21285546875,-16.17937890625,-14.8058046875,-19.20248828125,-21.05401953125,-16.68471875,-13.93178125,-3.47060546875,-14.774109375,-18.3637265625,-13.99664453125,-13.515328125,-13.05337890625,-9.92904296875,-16.159953125,-5.0852734375,-1.52106640625,-4.95886328125,-9.27944140625,-4.35359375,-4.849796875,-4.19133984375,-7.33215234375,-1.75696484375,14.08644921875,-4.39436328125,6.40828125,-6.0935546875,-0.3751015625,4.05999609375
-7.49185546875,-16.79437890625,-14.6458046875,-22.66048828125,-22.94701953125,-17.53371875,-16.12078125,-4.71860546875,-17.295109375,-19.2627265625,-14.69064453125,-11.834328125,-14.31237890625,-12.16304296875,-17.107953125,-6.4492734375,-1.30706640625,-6.27786328125,-10.52544140625,-5.56759375,-5.145796875,-4.77233984375,-7.45115234375,-3.13396484375,14.76244921875,-5.52636328125,5.70628125,-6.2445546875,-0.7741015625,4.38499609375
-7.89785546875,-18.29937890625,-14.0328046875,-25.63148828125,-24.71801953125,-17.92871875,-18.29178125,-5.59660546875,-19.651109375,-19.4377265625,-14.78764453125,-9.714328125,-15.69937890625,-14.17704296875,-17.407953125,-7.3092734375,-0.60106640625,-7.36886328125,-11.40544140625,-6.20459375,-4.903796875,-4.71033984375,-7.41415234375,-4.19096484375,14.99844921875,-6.64636328125,5.18928125,-5.7275546875,-0.8401015625,4.67799609375
-9.03185546875,-19.72437890625,-12.6908046875,-27.58448828125,-25.87901953125,-17.50971875,-19.67978125,-5.83360546875,-21.374109375,-18.6247265625,-13.95864453125,-7.370328125,-17.18137890625,-15.51804296875,-16.680953125,-7.3842734375,0.399933593750001,-8.18186328125,-11.62144140625,-5.95859375,-3.994796875,-4.10233984375,-7.10815234375,-4.62596484375,14.90444921875,-7.26336328125,5.16128125,-4.3375546875,-0.5401015625,4.98999609375
-9.66585546875,-19.60437890625,-10.3388046875,-28.14148828125,-25.88101953125,-15.95371875,-19.56478125,-5.23460546875,-22.103109375,-16.7087265625,-12.02464453125,-4.826328125,-18.64837890625,-15.87704296875,-14.742953125,-6.5122734375,1.46293359375,-8.72786328125,-11.03844140625,-4.74359375,-2.501796875,-3.20133984375,-6.50715234375,-4.29996484375,14.57944921875,-7.01936328125,5.73928125,-1.9855546875,0.00189843749999952,5.31899609375
-8.38585546875,-16.80137890625,-6.9988046875,-27.22548828125,-24.39101953125,-13.22171875,-17.80178125,-3.96860546875,-21.762109375,-13.9017265625,-9.15964453125,-2.099328125,-19.98137890625,-15.21704296875,-11.787953125,-4.7952734375,2.36293359375,-9.06986328125,-9.76244140625,-2.78159375,-0.734796874999997,-2.34433984375,-5.69415234375,-3.27796484375,14.08844921875,-5.81036328125,6.82328125,1.1584453125,0.582898437499999,5.61699609375
-4.49385546875,-11.26437890625,-3.1738046875,-25.13748828125,-21.53401953125,-9.73671875,-14.97378125,-2.57060546875,-20.620109375,-10.7807265625,-5.94864453125,0.615671874999999,-21.11037890625,-13.79904296875,-8.418953125,-2.6282734375,2.92093359375,-9.29286328125,-8.12744140625,-0.565593749999999,0.852203125000003,-1.84533984375,-4.82415234375,-1.82196484375,13.49444921875,-3.80636328125,8.15828125,4.6284453125,1.0628984375,5.81199609375
1.36714453125,-4.29037890625,0.2671953125,-22.50648828125,-17.92801953125,-6.31471875,-12.07778125,-1.69360546875,-19.161109375,-8.1127265625,-3.21664453125,2.942671875,-21.98537890625,-12.06204296875,-5.466953125,-0.577273437500001,3.05393359375,-9.43786328125,-6.57644140625,1.31540625,1.825203125,-1.84833984375,-4.04115234375,-0.29496484375,12.91944921875,-1.37436328125,9.47828125,7.8064453125,1.4738984375,5.86799609375
7.30214453125,1.88862109375,2.4611953125,-20.08148828125,-14.43701953125,-3.82571875,-10.05878125,-1.85560546875,-17.829109375,-6.5377265625,-1.66764453125,4.474671875,-22.46837890625,-10.40204296875,-3.630953125,0.861726562499999,2.81393359375,-9.44086328125,-5.45544140625,2.43240625,1.974203125,-2.21533984375,-3.37515234375,1.01203515625,12.54744921875,1.04463671875,10.65128125,10.2124453125,2.0458984375,5.84499609375
11.07014453125,5.11562109375,2.9741953125,-18.43848828125,-11.78301953125,-2.77671875,-9.43078125,-3.28260546875,-16.808109375,-6.2817265625,-1.53464453125,4.993671875,-22.29237890625,-8.98404296875,-3.145953125,1.4837265625,2.36093359375,-9.11286328125,-4.83144140625,2.70440625,1.415203125,-2.54833984375,-2.70315234375,2.02603515625,12.57244921875,3.03663671875,11.73328125,11.7254453125,3.0958984375,5.90399609375
11.36514453125,4.43662109375,1.9991953125,-17.70248828125,-10.23401953125,-3.08671875,-10.06178125,-5.80460546875,-15.965109375,-7.0527265625,-2.45964453125,4.598671875,-21.18837890625,-7.70304296875,-3.680953125,1.4817265625,1.88693359375,-8.23886328125,-4.47544140625,2.43540625,0.539203125000004,-2.36833984375,-1.82815234375,2.90503515625,13.09744921875,4.30463671875,12.86428125,12.5804453125,4.8248984375,6.21099609375
8.69014453125,0.717621093749997,0.266195312500001,-17.47848828125,-9.54001953125,-4.14971875,-11.22578125,-8.81260546875,-14.983109375,-8.1717265625,-3.66464453125,3.691671875,-19.08737890625,-6.30504296875,-4.524953125,1.3617265625,1.55093359375,-6.73286328125,-4.00344140625,2.16540625,-0.176796874999997,-1.38633984375,-0.62415234375,3.91303515625,14.07444921875,4.73263671875,14.11428125,13.1704453125,7.1468984375,6.80299609375
5.12214453125,-3.77637890625,-1.2838046875,-17.07548828125,-9.13201953125,-5.13271875,-12.01078125,-11.45960546875,-13.583109375,-8.8827265625,-4.31164453125,2.796671875,-16.24037890625,-4.57704296875,-4.919953125,1.6887265625,1.44793359375,-4.75586328125,-3.08344140625,2.40140625,-0.374796874999998,0.31366015625,0.86384765625,5.26003515625,15.29044921875,4.42363671875,15.36328125,13.7864453125,9.6478984375,7.52099609375
3.06214453125,-6.66037890625,-1.9288046875,-15.93348828125,-8.46201953125,-5.37271875,-11.88678125,-13.05160546875,-11.732109375,-8.7177265625,-3.88764453125,2.299671875,-13.16337890625,-2.50004296875,-4.412953125,2.7677265625,1.58993359375,-2.71086328125,-1.61544140625,3.35540625,0.0382031250000026,2.27566015625,2.40884765625,6.96403515625,16.41844921875,3.67363671875,16.31328125,14.4784453125,11.7338984375,8.06799609375
3.77414453125,-6.75337890625,-1.5158046875,-13.98448828125,-7.34501953125,-4.72171875,-11.01578125,-13.37460546875,-9.716109375,-7.7247265625,-2.48464453125,2.254671875,-10.45237890625,-0.335042968749999,-3.081953125,4.4257265625,1.87593359375,-1.11886328125,0.17255859375,4.80240625,0.848203125000001,3.87366015625,3.67084765625,8.78903515625,17.06844921875,2.86363671875,16.58028125,15.0524453125,12.8668984375,8.14199609375
6.66414453125,-4.60637890625,-0.542804687499999,-11.70648828125,-6.08501953125,-3.65471875,-10.11978125,-12.74360546875,-8.049109375,-6.4557265625,-0.80464453125,2.368671875,-8.57037890625,1.43495703125,-1.528953125,6.0307265625,2.09993359375,-0.41686328125,1.77555859375,6.15440625,1.611203125,4.58266015625,4.29984765625,10.27503515625,16.87044921875,2.31163671875,15.83428125,15.1964453125,12.7758984375,7.57099609375
9.71114453125,-1.95637890625,0.1231953125,-9.84848828125,-5.30301953125,-3.00871875,-10.06178125,-11.81660546875,-7.242109375,-5.6797265625,0.16535546875,2.167671875,-7.70537890625,2.31195703125,-0.586953125,6.7817265625,2.03993359375,-0.763863281250001,2.61255859375,6.72340625,1.853203125,4.21566015625,4.06684765625,10.91103515625,15.59444921875,2.16663671875,13.94128125,14.6604453125,11.5218984375,6.39599609375
10.77214453125,-0.547378906250003,-0.2418046875,-8.99348828125,-5.53101953125,-3.46971875,-11.43978125,-11.30960546875,-7.534109375,-5.9797265625,-0.32264453125,1.273671875,-7.71937890625,2.05295703125,-0.860953125,6.1157265625,1.59093359375,-1.94486328125,2.31855859375,6.06340625,1.294203125,2.99066015625,2.99584765625,10.37903515625,13.27944921875,2.39763671875,11.07028125,13.4114453125,9.4458984375,4.85299609375
8.97414453125,-1.06237890625,-1.7968046875,-9.20548828125,-6.83401953125,-5.14871875,-14.30078125,-11.66360546875,-8.743109375,-7.4187265625,-2.36664453125,-0.362328125,-8.22837890625,0.84595703125,-2.377953125,4.0087265625,0.855933593750001,-3.43686328125,0.96755859375,4.20440625,-0.0317968749999977,1.42566015625,1.39484765625,8.73003515625,10.27344921875,2.85463671875,7.69128125,11.6734453125,7.0158984375,3.25499609375
5.34614453125,-2.81137890625,-4.0628046875,-9.96948828125,-8.70201953125,-7.50171875,-18.04378125,-12.79160546875,-10.321109375,-9.4807265625,-5.36464453125,-2.375328125,-8.76737890625,-0.730042968749999,-4.563953125,1.0027265625,0.121933593750001,-4.60686328125,-0.94244140625,1.65540625,-1.827796875,0.11566015625,-0.227152343749999,6.37703515625,7.11944921875,3.35263671875,4.43728125,9.8584453125,4.6958984375,1.85399609375
2.20114453125,-4.32337890625,-6.1958046875,-10.48748828125,-10.28601953125,-9.63071875,-21.64378125,-14.12860546875,-11.581109375,-11.3147265625,-8.32264453125,-4.124328125,-8.97137890625,-1.96004296875,-6.528953125,-2.0352734375,-0.260066406249999,-4.95186328125,-2.70944140625,-0.825593749999999,-3.684796875,-0.49133984375,-1.36015234375,3.92803515625,4.33544921875,3.73763671875,1.90328125,8.4124453125,2.8648984375,0.76899609375
1.65214453125,-4.41037890625,-7.4108046875,-10.15448828125,-10.83501953125,-10.72271875,-24.13878125,-15.02960546875,-12.019109375,-12.1477265625,-10.30864453125,-4.989328125,-8.68737890625,-2.31104296875,-7.487953125,-4.2822734375,-0.0280664062499998,-4.27786328125,-3.73144140625,-2.56759375,-5.232796875,-0.22533984375,-1.68915234375,1.97303515625,2.22244921875,3.91763671875,0.44428125,7.6704453125,1.7858984375,0.0279960937500001
4.31314453125,-2.88637890625,-7.3258046875,-8.91048828125,-10.06801953125,-10.40671875,-25.07378125,-15.20460546875,-11.530109375,-11.6257265625,-10.84264453125,-4.675328125,-7.99437890625,-1.64704296875,-7.093953125,-5.2642734375,0.841933593750001,-2.73986328125,-3.74044140625,-3.25359375,-6.231796875,0.78866015625,-1.19815234375,0.89103515625,0.80344921875,3.87063671875,0.0942812499999999,7.7594453125,1.5718984375,-0.37100390625
9.10914453125,-0.459378906250002,-6.0718046875,-7.18648828125,-8.26401953125,-8.85671875,-24.55378125,-14.81760546875,-10.405109375,-9.9137265625,-10.02864453125,-3.332328125,-7.13637890625,-0.248042968749999,-5.544953125,-4.9932734375,2.05893359375,-0.73886328125,-2.86644140625,-2.98959375,-6.613796875,2.22166015625,-0.13015234375,0.78203515625,-0.0615507812499985,3.64863671875,0.608281250000001,8.5904453125,2.1448984375,-0.40600390625
14.17814453125,1.98162109375,-4.1358046875,-5.53548828125,-6.02901953125,-6.61971875,-23.00378125,-14.26860546875,-9.119109375,-7.5187265625,-8.40764453125,-1.453328125,-6.40037890625,1.38295703125,-3.408953125,-3.8602734375,3.07193359375,1.25113671875,-1.48644140625,-2.15659375,-6.476796875,3.69766015625,1.18884765625,1.50703515625,-0.493550781249997,3.36963671875,1.63428125,9.9364453125,3.2748984375,-0.0430039062499999
18.06214453125,4.00462109375,-2.0658046875,-4.23848828125,-3.92901953125,-4.27971875,-20.91778125,-13.92760546875,-8.059109375,-4.9987265625,-6.60264453125,0.365671874999999,-5.97537890625,2.78395703125,-1.287953125,-2.4152734375,3.25793359375,2.85213671875,0.0115585937499993,-1.16659375,-6.039796875,4.94066015625,2.53884765625,2.83803515625,-0.462550781249998,3.18063671875,2.89428125,11.5524453125,4.6758984375,0.74999609375
20.34114453125,5.71062109375,-0.228804687499998,-3.19048828125,-2.23401953125,-2.19271875,-18.75378125,-13.99660546875,-7.367109375,-2.7567265625,-5.00964453125,1.657671875,-5.88037890625,3.71195703125,0.470046875,-1.1472734375,2.19593359375,3.86113671875,1.43055859375,-0.247593749999999,-5.577796875,5.85666015625,3.88684765625,4.58203515625,0.200449218750002,3.19263671875,4.26128125,13.2704453125,6.1108984375,1.94799609375
21.45614453125,7.35162109375,1.2341953125,-2.07448828125,-0.91201953125,-0.465718750000001,-16.86078125,-14.46160546875,-6.952109375,-0.9897265625,-3.70364453125,2.204671875,-5.98037890625,4.16295703125,1.839046875,-0.363273437500001,-0.120066406249999,4.23213671875,2.78455859375,0.601406250000001,-5.378796875,6.49066015625,5.29384765625,6.61003515625,1.64544921875,3.39563671875,5.70928125,14.9994453125,7.4198984375,3.41199609375
22.06514453125,8.89962109375,2.3091953125,-0.659488281250001,0.19898046875,0.908281249999999,-15.40578125,-15.13460546875,-6.618109375,0.2482734375,-2.56364453125,2.031671875,-6.08337890625,4.27995703125,2.983046875,-0.168273437500001,-3.21806640625,4.04513671875,4.18255859375,1.51840625,-5.690796875,6.94366015625,6.75884765625,8.79903515625,3.82644921875,3.64263671875,7.20328125,16.6834453125,8.4998984375,4.87099609375
22.43614453125,9.92862109375,3.0201953125,1.00051171875,1.21398046875,1.92828125,-14.36378125,-15.81060546875,-6.186109375,0.9512734375,-1.44164453125,1.328671875,-6.02237890625,4.26195703125,4.074046875,-0.489273437500001,-6.33106640625,3.48613671875,5.68255859375,2.62340625,-6.638796875,7.30466015625,8.14084765625,10.98803515625,6.40244921875,3.73063671875,8.63628125,18.2484453125,9.2768984375,6.00099609375
22.32114453125,9.89262109375,3.4231953125,2.57451171875,2.13798046875,2.59128125,-13.61278125,-16.44760546875,-5.565109375,1.1392734375,-0.25964453125,0.348671875,-5.70537890625,4.29195703125,5.181046875,-1.1002734375,-8.72006640625,2.83713671875,7.22255859375,3.91040625,-8.128796875,7.62666015625,9.22984765625,12.98003515625,8.81044921875,3.57263671875,9.85728125,19.5944453125,9.7278984375,6.56799609375
21.35614453125,8.62162109375,3.6211953125,3.67251171875,2.90198046875,2.94428125,-12.98578125,-17.14160546875,-4.744109375,0.8752734375,0.97735546875,-0.648328125,-5.14237890625,4.48495703125,6.264046875,-1.6612734375,-9.97906640625,2.39713671875,8.64255859375,5.23140625,-9.82879687499999,7.92266015625,9.86784765625,14.59003515625,10.45944921875,3.31963671875,10.72128125,20.5914453125,9.8888984375,6.53399609375
19.64014453125,6.66062109375,3.7621953125,4.11451171875,3.44898046875,3.10528125,-12.26278125,-17.90960546875,-3.754109375,0.2952734375,2.18635546875,-1.416328125,-4.43237890625,4.85295703125,7.216046875,-1.8132734375,-10.14306640625,2.37113671875,9.75055859375,6.36740625,-11.260796875,8.17566015625,10.03184765625,15.67303515625,10.98544921875,3.33763671875,11.12728125,21.0884453125,9.8378984375,6.04799609375
17.93714453125,5.15062109375,3.9881953125,4.06751171875,3.80998046875,3.23728125,-11.23078125,-18.54060546875,-2.644109375,-0.4127265625,3.24935546875,-1.764328125,-3.69837890625,5.31695703125,7.940046875,-1.3042734375,-9.55206640625,2.77613671875,10.41255859375,7.11640625,-11.985796875,8.34966015625,9.82584765625,16.15603515625,10.41244921875,4.01863671875,11.00428125,20.9464453125,9.6368984375,5.34999609375
17.27214453125,5.23862109375,4.4001953125,3.94551171875,4.13498046875,3.51028125,-9.83978125,-18.68760546875,-1.474109375,-1.0607265625,4.06635546875,-1.615328125,-2.99337890625,5.77695703125,8.424046875,-0.109273437500001,-8.61906640625,3.44813671875,10.61355859375,7.36940625,-11.758796875,8.40066015625,9.40084765625,16.06103515625,9.13744921875,5.56163671875,10.30128125,20.0964453125,9.2658984375,4.63899609375
18.19814453125,7.38362109375,5.0031953125,4.13351171875,4.64298046875,4.02028125,-8.26778125,-18.07560546875,-0.335109375,-1.4987265625,4.59735546875,-1.068328125,-2.26737890625,6.16895703125,8.759046875,1.5357265625,-7.64206640625,4.13713671875,10.46155859375,7.15040625,-10.621796875,8.27566015625,8.86784765625,15.49503515625,7.74644921875,7.85163671875,8.98728125,18.5834453125,8.6028984375,3.99399609375
20.31414453125,11.04762109375,5.6831953125,4.74451171875,5.47298046875,4.71128125,-6.77578125,-16.60660546875,0.641890625,-1.6457265625,4.85935546875,-0.353328125,-1.45437890625,6.46895703125,9.068046875,3.2167265625,-6.73406640625,4.62613671875,10.11355859375,6.60840625,-8.866796875,7.89966015625,8.23784765625,14.60003515625,6.74644921875,10.50563671875,7.09228125,16.5814453125,7.4538984375,3.36599609375
22.41714453125,14.95862109375,6.2551953125,5.55951171875,6.57498046875,5.37728125,-5.51978125,-14.36960546875,1.328890625,-1.4787265625,4.90735546875,0.316671874999999,-0.59637890625,6.65295703125,9.424046875,4.5157265625,-5.83906640625,4.81613671875,9.70755859375,5.97540625,-6.901796875,7.19366015625,7.46184765625,13.50503515625,6.38544921875,13.03663671875,4.75728125,14.3534453125,5.6768984375,2.64499609375
23.21014453125,17.78962109375,6.5861953125,6.17451171875,7.73898046875,5.82328125,-4.50278125,-11.62560546875,1.671890625,-1.0297265625,4.86035546875,0.904671874999999,0.10862109375,6.68395703125,9.827046875,5.2097265625,-4.79106640625,4.75313671875,9.34555859375,5.51040625,-5.065796875,6.13966015625,6.53384765625,12.33903515625,6.62744921875,15.04063671875,2.25328125,12.1934453125,3.3308984375,1.77299609375
22.12814453125,18.87662109375,6.7271953125,6.26351171875,8.74898046875,6.04628125,-3.60878125,-8.73460546875,1.740890625,-0.3417265625,4.91035546875,1.617671875,0.40562109375,6.53395703125,10.257046875,5.3737265625,-3.40506640625,4.58713671875,9.12555859375,5.43740625,-3.497796875,4.82666015625,5.58384765625,11.25403515625,7.27444921875,16.32863671875,-0.0447187499999995,10.3634453125,0.7438984375,0.81599609375
19.76914453125,18.57462109375,6.9461953125,5.80551171875,9.55598046875,6.29628125,-2.58478125,-5.96060546875,1.713890625,0.5632734375,5.29435546875,2.826671875,0.15962109375,6.21995703125,10.742046875,5.3307265625,-1.59006640625,4.48813671875,9.14655859375,5.89240625,-2.147796875,3.45366015625,4.86784765625,10.42503515625,8.11544921875,16.96163671875,-1.75371875,9.0304453125,-1.5581015625,-0.0320039062499999
17.60314453125,18.03562109375,7.6271953125,5.09851171875,10.30798046875,6.94928125,-1.04778125,-3.30960546875,1.783890625,1.6972734375,6.20135546875,4.859671875,-0.52737890625,5.81895703125,11.374046875,5.4757265625,0.556933593750001,4.56513671875,9.48955859375,6.87140625,-0.886796874999998,2.25566015625,4.65484765625,10.00503515625,9.02844921875,17.20063671875,-2.59071875,8.2434453125,-3.0641015625,-0.52400390625
17.06814453125,18.47962109375,9.0891953125,4.56551171875,11.23998046875,8.29628125,1.30721875,-0.60060546875,2.046890625,3.0682734375,7.69535546875,7.777671875,-1.33337890625,5.44995703125,12.278046875,6.0577265625,2.72893359375,4.83513671875,10.18255859375,8.20440625,0.369203125000002,1.42566015625,5.10584765625,10.08103515625,9.96444921875,17.39463671875,-2.45171875,7.9554453125,-3.4951015625,-0.46100390625
18.67414453125,20.44662109375,11.4091953125,4.49651171875,12.49598046875,10.37728125,4.43221875,2.28039453125,2.435890625,4.6282734375,9.67335546875,11.260671875,-1.86237890625,5.24195703125,13.531046875,7.0587265625,4.47793359375,5.23213671875,11.19255859375,9.59440625,1.598203125,1.05766015625,6.18984765625,10.65203515625,10.89444921875,17.83563671875,-1.43071875,8.0604453125,-2.9231015625,0.23599609375
21.76814453125,23.52162109375,14.3191953125,4.94551171875,14.01698046875,12.91128125,7.87021875,5.24039453125,2.761890625,6.2592734375,11.86635546875,14.700671875,-1.83237890625,5.29295703125,15.084046875,8.2197265625,5.36893359375,5.65213671875,12.41855859375,10.73140625,2.680203125,1.14066015625,7.68984765625,11.63803515625,11.76344921875,18.62563671875,0.236281249999999,8.4504453125,-1.7061015625,1.49199609375
25.06714453125,26.69162109375,17.2611953125,5.82451171875,15.56798046875,15.36928125,10.96221875,8.05139453125,2.838890625,7.8052734375,13.89435546875,17.467671875,-1.18137890625,5.64195703125,16.728046875,9.1887265625,5.17393359375,5.99613671875,13.71655859375,11.41440625,3.459203125,1.58366015625,9.29484765625,12.89303515625,12.50744921875,19.61663671875,2.25928125,9.0504453125,-0.299101562500001,3.10599609375
27.44214453125,28.93762109375,19.5881953125,7.03851171875,16.86498046875,17.18328125,13.10421875,10.46739453125,2.605890625,9.1012734375,15.36735546875,19.175671875,-0.07037890625,6.25195703125,18.142046875,9.6837265625,4.02393359375,6.20313671875,14.91955859375,11.60640625,3.827203125,2.25666015625,10.72284765625,14.23203515625,13.09244921875,20.45263671875,4.36928125,9.8254453125,0.9658984375,4.81899609375
28.35614453125,29.65162109375,20.8191953125,8.48851171875,17.68098046875,17.95928125,13.85821875,12.25239453125,2.153890625,9.9882734375,16.00735546875,19.789671875,1.20562109375,7.00595703125,19.005046875,9.5607265625,2.41093359375,6.24613671875,15.84855859375,11.39040625,3.762203125,2.99666015625,11.79684765625,15.44503515625,13.51444921875,20.71563671875,6.33928125,10.7514453125,1.9728984375,6.38499609375
27.84314453125,28.73062109375,20.7711953125,9.99051171875,17.87398046875,17.56928125,13.02221875,13.20639453125,1.648890625,10.3242734375,15.68135546875,19.550671875,2.32162109375,7.69895703125,19.070046875,8.7917265625,0.976933593750001,6.11313671875,16.30855859375,10.85140625,3.301203125,3.60366015625,12.43684765625,16.29103515625,13.73444921875,20.13863671875,7.96228125,11.7354453125,2.7798984375,7.60999609375
26.25714453125,26.46962109375,19.5431953125,11.23451171875,17.36198046875,16.10128125,10.71021875,13.24739453125,1.235890625,10.0232734375,14.38235546875,18.808671875,3.02762109375,8.06595703125,18.203046875,7.4007265625,0.191933593750001,5.79113671875,16.09455859375,9.98440625,2.475203125,3.85866015625,12.59684765625,16.51403515625,13.61944921875,18.75463671875,9.04528125,12.5754453125,3.4788984375,8.35699609375
24.02514453125,23.41562109375,17.4291953125,11.86251171875,16.12998046875,13.77528125,7.35721875,12.45539453125,0.965890625,9.0992734375,12.19535546875,17.879671875,3.22462109375,7.88195703125,16.405046875,5.4507265625,0.108933593750001,5.30913671875,15.06055859375,8.69340625,1.298203125,3.60766015625,12.25684765625,15.92903515625,12.96544921875,16.93363671875,9.43928125,13.0094453125,4.1108984375,8.57599609375
21.50314453125,20.22662109375,14.8361953125,11.62451171875,14.29798046875,10.90928125,3.54621875,10.98139453125,0.799890625,7.6732734375,9.33335546875,16.985671875,3.00662109375,7.09495703125,13.849046875,3.0787265625,0.380933593750001,4.77513671875,13.23555859375,6.88940625,-0.175796874999996,2.86166015625,11.46384765625,14.53903515625,11.61244921875,15.26663671875,9.11628125,12.8454453125,4.6598984375,8.33599609375
18.98014453125,17.54462109375,12.1941953125,10.51251171875,12.15898046875,7.89728125,-0.211781249999999,8.94539453125,0.658890625,5.9472734375,6.15435546875,16.245671875,2.62162109375,5.89995703125,10.870046875,0.511726562499999,0.50793359375,4.38413671875,10.89155859375,4.61740625,-1.801796875,1.81966015625,10.37484765625,12.58903515625,9.57844921875,14.35063671875,8.18928125,12.0814453125,5.1088984375,7.83899609375
16.75414453125,15.87962109375,9.8031953125,8.82651171875,10.11998046875,5.09428125,-3.59178125,6.45139453125,0.503890625,4.1582734375,3.06635546875,15.674671875,2.37162109375,4.69095703125,7.863046875,-1.9932734375,0.130933593750001,4.34613671875,8.48555859375,2.12040625,-3.383796875,0.78766015625,9.23184765625,10.47703515625,7.11644921875,14.55563671875,6.89228125,10.9224453125,5.4688984375,7.34199609375
15.09814453125,15.42562109375,7.6831953125,7.08451171875,8.55098046875,2.67828125,-6.48178125,3.62639453125,0.379890625,2.4952734375,0.36735546875,15.152671875,2.49762109375,3.89795703125,5.147046875,-4.2522734375,-0.828066406249999,4.78313671875,6.50655859375,-0.218593749999999,-4.760796875,0.0386601562499997,8.27584765625,8.59703515625,4.63544921875,15.89263671875,5.49928125,9.6994453125,5.7838984375,7.04199609375
14.04914453125,15.87362109375,5.5621953125,5.79351171875,7.62398046875,0.59528125,-9.01578125,0.56439453125,0.387890625,1.0472734375,-1.87664453125,14.374671875,3.08862109375,3.79495703125,2.875046875,-6.2292734375,-2.19906640625,5.66413671875,5.31055859375,-2.01659375,-5.875796875,-0.28233984375,7.67584765625,7.20403515625,2.52844921875,18.03563671875,4.26128125,8.7414453125,6.1198984375,6.99199609375
13.22714453125,16.38562109375,3.0331953125,5.20851171875,7.24698046875,-1.37071875,-11.51278125,-2.73560546875,0.612890625,-0.2087265625,-3.81664453125,12.917671875,4.05962109375,4.37595703125,1.039046875,-8.0032734375,-3.71006640625,6.81413671875,5.01255859375,-3.04959375,-6.773796875,-0.17433984375,7.48984765625,6.37403515625,1.01844921875,20.47463671875,3.36028125,8.2704453125,6.5578984375,7.10499609375
11.97214453125,15.91362109375,-0.1788046875,5.24251171875,7.13798046875,-3.44271875,-14.21678125,-6.26260546875,1.048890625,-1.3357265625,-5.66964453125,10.448671875,5.16262109375,5.36195703125,-0.444953125000001,-9.6502734375,-5.10106640625,7.96813671875,5.47055859375,-3.31559375,-7.539796875,0.26066015625,7.65484765625,6.02403515625,0.0924492187500014,22.73763671875,2.88828125,8.3414453125,7.1528984375,7.22199609375
9.74014453125,13.72262109375,-3.9688046875,5.56951171875,6.97698046875,-5.68871875,-17.01478125,-9.79660546875,1.595890625,-2.3437265625,-7.52764453125,7.004671875,6.06762109375,6.35095703125,-1.635953125,-11.1172734375,-6.16906640625,8.87413671875,6.35855859375,-2.99959375,-8.214796875,0.87866015625,8.03384765625,5.99003515625,-0.448550781249999,24.53463671875,2.85228125,8.8474453125,7.9028984375,7.20999609375
6.48114453125,9.81362109375,-7.7608046875,5.82251171875,6.58998046875,-7.90571875,-19.40878125,-12.87860546875,2.121890625,-3.1397265625,-9.20364453125,3.089671875,6.48662109375,7.02795703125,-2.467953125,-12.1942734375,-6.74806640625,9.36813671875,7.32455859375,-2.35359375,-8.736796875,1.54566015625,8.48584765625,6.12903515625,-0.867550781249999,25.79163671875,3.19228125,9.5744453125,8.7308984375,7.02099609375
2.76114453125,5.00162109375,-10.6638046875,5.78351171875,6.05098046875,-9.61771875,-20.78078125,-14.99960546875,2.550890625,-3.5467265625,-10.23764453125,-0.484328125000001,6.30862109375,7.32095703125,-2.732953125,-12.5952734375,-6.72706640625,9.41713671875,8.14555859375,-1.55959375,-8.936796875,2.16366015625,8.92184765625,6.38403515625,-1.38055078125,26.55963671875,3.80828125,10.2704453125,9.4958984375,6.68699609375
-0.36285546875,0.65562109375,-11.8348046875,5.50451171875,5.66898046875,-10.24371875,-20.65878125,-15.80760546875,2.923890625,-3.3587265625,-10.09664453125,-2.935328125,5.65962109375,7.41295703125,-2.156953125,-12.0952734375,-6.11206640625,9.10713671875,8.79555859375,-0.664593749999999,-8.631796875,2.66366015625,9.31984765625,6.77903515625,-2.07655078125,26.92763671875,4.56828125,10.7104453125,10.0478984375,6.28699609375
-1.70285546875,-1.78837890625,-10.8578046875,5.27751171875,5.85498046875,-9.36371875,-18.83878125,-15.18360546875,3.391890625,-2.4007265625,-8.45464453125,-3.817328125,4.84462109375,7.62695703125,-0.548953125000001,-10.6522734375,-5.07306640625,8.60313671875,9.42155859375,0.416406250000001,-7.727796875,2.98866015625,9.69684765625,7.37603515625,-2.89455078125,26.97963671875,5.34228125,10.7674453125,10.3048984375,5.90799609375
-0.473855468749999,-1.40637890625,-7.9228046875,5.44951171875,6.91998046875,-6.92071875,-15.44078125,-13.27460546875,4.136890625,-0.6167265625,-5.37864453125,-3.186328125,4.20362109375,8.25995703125,2.072046875,-8.4322734375,-3.90806640625,8.10213671875,10.23555859375,1.81640625,-6.282796875,3.09766015625,10.09984765625,8.23103515625,-3.65755078125,26.81163671875,6.04228125,10.4524453125,10.3078984375,5.64299609375
3.19714453125,1.78862109375,-3.7228046875,6.15751171875,8.90298046875,-3.27571875,-10.96778125,-10.51360546875,5.264890625,1.8572734375,-1.33364453125,-1.573328125,3.94562109375,9.44595703125,5.446046875,-5.7652734375,-2.91906640625,7.80513671875,11.40555859375,3.60440625,-4.502796875,2.99666015625,10.59484765625,9.36503515625,-4.16755078125,26.54363671875,6.66028125,9.9284453125,10.2218984375,5.57099609375
8.18614453125,6.84062109375,0.819195312500002,7.17151171875,11.50598046875,0.90128125,-6.22378125,-7.54060546875,6.749890625,4.6812734375,2.96335546875,0.205671874999999,4.04162109375,11.09995703125,9.127046875,-3.0612734375,-2.26306640625,7.87513671875,12.95155859375,5.70140625,-2.709796875,2.75666015625,11.23184765625,10.73003515625,-4.34555078125,26.28163671875,7.24928125,9.4294453125,10.2438984375,5.70799609375
12.87314453125,12.31962109375,4.8731953125,8.02051171875,14.20298046875,4.83828125,-2.03978125,-4.94360546875,8.447890625,7.4222734375,6.77635546875,1.349671875,4.26562109375,12.96095703125,12.599046875,-0.703273437500001,-1.90406640625,8.39913671875,14.72055859375,7.86840625,-1.287796875,2.51566015625,12.00484765625,12.17703515625,-4.32355078125,26.04563671875,7.86028125,9.1584453125,10.4798984375,5.94999609375
15.94314453125,16.95762109375,7.9581953125,8.29151171875,16.46898046875,7.92628125,1.01721875,-3.02060546875,10.184890625,9.7252734375,9.59635546875,1.357671875,4.35962109375,14.71195703125,15.460046875,1.0367265625,-1.66606640625,9.37213671875,16.45255859375,9.79740625,-0.579796874999996,2.43766015625,12.85084765625,13.49203515625,-4.39055078125,25.72563671875,8.48328125,9.2074453125,10.8818984375,6.07299609375
16.94014453125,20.02662109375,10.0381953125,7.89351171875,18.01398046875,9.93928125,2.76621875,-1.75560546875,11.841890625,11.4692734375,11.32435546875,0.187671874999999,4.23662109375,16.13695703125,17.579046875,2.0657265625,-1.36906640625,10.72113671875,17.92855859375,11.25240625,-0.746796874999998,2.66466015625,13.71684765625,14.49803515625,-4.79855078125,25.11463671875,9.05328125,9.5504453125,11.2958984375,5.83999609375
16.29514453125,21.35962109375,11.4131953125,7.11251171875,18.87598046875,11.06328125,3.36521875,-0.952605468750001,13.383890625,12.7962734375,12.26235546875,-1.764328125,4.05962109375,17.21095703125,19.117046875,2.4647265625,-0.965066406249999,12.33713671875,19.07955859375,12.17640625,-1.672796875,3.26566015625,14.60684765625,15.14503515625,-5.55155078125,24.02663671875,9.48028125,10.0894453125,11.5428984375,5.11899609375
14.95814453125,21.19362109375,12.4631953125,6.45051171875,19.35798046875,11.72628125,3.23021875,-0.359605468750001,14.844890625,14.0142734375,12.90135546875,-3.826328125,4.14262109375,18.08095703125,20.400046875,2.4417265625,-0.559066406249999,14.11213671875,19.98655859375,12.71440625,-2.995796875,4.20366015625,15.56584765625,15.51003515625,-6.35055078125,22.45363671875,9.69128125,10.7044453125,11.5018984375,3.95599609375
13.94914453125,20.01162109375,13.4261953125,6.39151171875,19.86098046875,12.35528125,2.89721875,0.231394531249999,16.290890625,15.4292734375,13.66035546875,-5.301328125,4.75962109375,18.97595703125,21.726046875,2.2527265625,-0.321066406249999,15.94513671875,20.79955859375,13.13540625,-4.246796875,5.35966015625,16.63084765625,15.73503515625,-6.73455078125,20.67963671875,9.69328125,11.3154453125,11.1748984375,2.58499609375
14.02514453125,18.45362109375,14.3391953125,7.20351171875,20.74098046875,13.24128125,2.76321875,0.82639453125,17.792890625,17.1902734375,14.73035546875,-5.747328125,5.98262109375,20.10495703125,23.238046875,2.1267265625,-0.343066406249999,17.73913671875,21.66455859375,13.72240625,-5.017796875,6.59766015625,17.78984765625,15.98103515625,-6.34455078125,19.26363671875,9.63428125,11.9404453125,10.7348984375,1.39299609375
15.54014453125,17.22862109375,15.1051953125,8.85551171875,22.20098046875,14.50128125,2.87121875,1.12939453125,19.388890625,19.2312734375,16.06335546875,-5.183328125,7.62062109375,21.56695703125,24.913046875,2.1927265625,-0.593066406249999,19.38213671875,22.66755859375,14.64940625,-5.114796875,7.81966015625,18.98884765625,16.38103515625,-5.15155078125,18.84263671875,9.78028125,12.6944453125,10.5198984375,0.83399609375
18.48814453125,16.97262109375,15.5761953125,11.07951171875,24.23298046875,16.07628125,2.95121875,0.65739453125,21.069890625,21.3342734375,17.44435546875,-4.093328125,9.29762109375,23.31095703125,26.597046875,2.4407265625,-0.97406640625,20.74113671875,23.80455859375,15.89840625,-4.634796875,8.97866015625,20.13884765625,16.99403515625,-3.50255078125,19.81263671875,10.39528125,13.7244453125,10.8948984375,1.26699609375
22.56914453125,18.00262109375,15.6251953125,13.50351171875,26.62298046875,17.74828125,2.68921875,-0.936605468750001,22.790890625,23.2742734375,18.59435546875,-3.202328125,10.61162109375,25.16195703125,28.079046875,2.7307265625,-1.42806640625,21.68813671875,24.97155859375,17.25840625,-3.943796875,10.04766015625,21.12984765625,17.75903515625,-1.97855078125,22.06863671875,11.57028125,15.0914453125,12.0488984375,2.78099609375
27.16614453125,20.03862109375,15.2261953125,15.76451171875,29.03898046875,19.24328125,1.96621875,-3.61660546875,24.500890625,24.9402734375,19.31535546875,-3.130328125,11.33662109375,26.91095703125,29.195046875,2.8777265625,-1.96406640625,22.17113671875,26.01655859375,18.42540625,-3.496796875,10.98866015625,21.88884765625,18.54003515625,-1.10855078125,24.98263671875,13.15728125,16.7054453125,13.8608984375,5.11699609375
31.34414453125,22.16662109375,14.5281953125,17.56451171875,31.16798046875,20.38628125,0.924218750000001,-6.90660546875,26.158890625,26.3662734375,19.62235546875,-4.104328125,11.54262109375,28.42395703125,29.926046875,2.7767265625,-2.62906640625,22.27613671875,26.82855859375,19.17440625,-3.579796875,11.74066015625,22.42984765625,19.22503515625,-1.12055078125,27.66563671875,14.87028125,18.3384453125,15.9228984375,7.75199609375
34.12614453125,23.26462109375,13.8541953125,18.72651171875,32.84398046875,21.22128125,-0.0287812499999989,-10.00160546875,27.736890625,27.6922734375,19.75835546875,-5.841328125,11.55062109375,29.68495703125,30.419046875,2.5097265625,-3.44206640625,22.22613671875,27.41755859375,19.49640625,-4.155796875,12.21566015625,22.87584765625,19.81903515625,-1.84955078125,29.38163671875,16.46128125,19.7064453125,17.7208984375,10.09299609375
35.00614453125,22.71462109375,13.6171953125,19.26251171875,34.11298046875,21.99828125,-0.277781249999999,-11.95560546875,29.208890625,29.0852734375,20.08735546875,-7.648328125,11.73962109375,30.76395703125,30.916046875,2.3397265625,-4.36406640625,22.30413671875,27.90955859375,19.63340625,-4.882796875,12.32566015625,23.40084765625,20.44203515625,-2.83755078125,29.89463671875,17.84028125,20.5704453125,18.8408984375,11.68299609375
34.27814453125,20.85062109375,14.1771953125,19.37851171875,35.18398046875,23.06628125,0.778218750000002,-12.01160546875,30.529890625,30.6702734375,20.93335546875,-8.716328125,12.33162109375,31.75095703125,31.652046875,2.6067265625,-5.26506640625,22.73013671875,28.49755859375,19.95640625,-5.294796875,12.03866015625,24.15184765625,21.25703515625,-3.54655078125,29.55263671875,19.08628125,20.8274453125,19.1218984375,12.33299609375
32.84214453125,18.75362109375,15.7091953125,19.34551171875,36.28698046875,24.71528125,3.37721875,-9.98660546875,31.620890625,32.4652734375,22.44735546875,-8.485328125,13.29362109375,32.69895703125,32.765046875,3.5497265625,-5.91106640625,23.56413671875,29.34555859375,20.78140625,-5.024796875,11.43766015625,25.17984765625,22.38903515625,-3.59155078125,29.06863671875,20.34228125,20.5484453125,18.6858984375,12.14099609375
31.65714453125,17.59962109375,18.1201953125,19.33151171875,37.51798046875,27.00428125,7.18421875,-6.40160546875,32.372890625,34.3522734375,24.54135546875,-6.886328125,14.40662109375,33.60295703125,34.232046875,5.1727265625,-5.98906640625,24.68013671875,30.50755859375,22.19740625,-3.962796875,10.73566015625,26.41884765625,23.83503515625,-2.88555078125,29.15663671875,21.68228125,19.9414453125,17.8358984375,11.41399609375
31.29014453125,18.07362109375,21.0441953125,19.32551171875,38.74498046875,29.66728125,11.45421875,-2.21060546875,32.701890625,36.1022734375,26.88935546875,-4.331328125,15.41862109375,34.39095703125,35.849046875,7.2397265625,-5.21206640625,25.82713671875,31.87055859375,24.01940625,-2.283796875,10.19966015625,27.69884765625,25.44803515625,-1.63355078125,30.21063671875,23.03728125,19.2484453125,16.9068984375,10.53199609375
31.78514453125,20.15162109375,23.9651953125,19.17851171875,39.67898046875,32.18328125,15.39121875,1.66339453125,32.626890625,37.4392734375,29.04235546875,-1.466328125,16.18762109375,34.94895703125,37.298046875,9.3907265625,-3.46906640625,26.75913671875,33.19155859375,25.87540625,-0.337796874999999,10.05166015625,28.81484765625,26.98203515625,-0.197550781249998,32.20663671875,24.24228125,18.6564453125,16.1458984375,9.82999609375
32.81214453125,23.26462109375,26.4211953125,18.71651171875,40.03498046875,34.01828125,18.43321875,4.63839453125,32.290890625,38.1432734375,30.62235546875,1.127671875,16.72962109375,35.17395703125,38.286046875,11.3057265625,-0.946066406249999,27.35613671875,34.20955859375,27.39140625,1.536203125,10.37166015625,29.61684765625,28.22003515625,1.11144921875,34.82463671875,25.15728125,18.2664453125,15.6828984375,9.54099609375
33.93114453125,26.64462109375,28.1661953125,17.83851171875,39.68698046875,34.86428125,20.35121875,6.52339453125,31.896890625,38.1332734375,31.47035546875,3.125671875,17.15462109375,35.01795703125,38.667046875,12.8027265625,1.88493359375,27.66413671875,34.75355859375,28.34240625,3.139203125,11.05966015625,30.06984765625,29.06203515625,2.16244921875,37.65163671875,25.76028125,18.1184453125,15.5468984375,9.76299609375
34.80414453125,29.69862109375,29.1911953125,16.56751171875,38.69998046875,34.71728125,21.24921875,7.45339453125,31.576890625,37.4872734375,31.64335546875,4.491671875,17.55662109375,34.49895703125,38.458046875,13.8167265625,4.42393359375,27.81713671875,34.77355859375,28.70540625,4.415203125,11.85266015625,30.21684765625,29.51003515625,2.97844921875,40.33463671875,26.13328125,18.2044453125,15.6848984375,10.43299609375
35.20414453125,32.16062109375,29.6321953125,15.04551171875,37.23998046875,33.79128125,21.45421875,7.73939453125,31.282890625,36.3742734375,31.29535546875,5.370671875,17.93162109375,33.66495703125,37.765046875,14.3297265625,6.17793359375,27.89913671875,34.29455859375,28.59040625,5.370203125,12.41166015625,30.10484765625,29.58203515625,3.61844921875,42.62663671875,26.37228125,18.4644453125,15.9648984375,11.32399609375
34.85014453125,33.96662109375,29.6381953125,13.44851171875,35.44498046875,32.37028125,21.27921875,7.64439453125,30.792890625,34.9282734375,30.55835546875,5.910671875,18.18962109375,32.56895703125,36.702046875,14.3047265625,6.94093359375,27.85513671875,33.36955859375,28.13340625,6.001203125,12.46166015625,29.73584765625,29.26203515625,4.06144921875,44.36963671875,26.51228125,18.7694453125,16.1998984375,12.12299609375
33.32614453125,35.00662109375,29.2711953125,11.91951171875,33.37698046875,30.68728125,20.80921875,7.21639453125,29.835890625,33.1582734375,29.49535546875,6.110671875,18.21962109375,31.26595703125,35.351046875,13.6947265625,6.81493359375,27.51613671875,32.06955859375,27.42140625,6.290203125,11.90766015625,29.09084765625,28.51803515625,4.19344921875,45.46963671875,26.51828125,18.9464453125,16.1878984375,12.55699609375
30.28814453125,35.02562109375,28.4681953125,10.55951171875,31.05798046875,28.85528125,19.93121875,6.36839453125,28.286890625,30.9772734375,28.09335546875,5.806671875,17.96562109375,29.83095703125,33.767046875,12.4907265625,6.09293359375,26.71413671875,30.51255859375,26.49040625,6.216203125,10.86666015625,28.18784765625,27.35003515625,3.88744921875,45.88763671875,26.33328125,18.8334453125,15.7798984375,12.48899609375
25.79814453125,33.76062109375,27.0761953125,9.47751171875,28.55498046875,26.86228125,18.55421875,5.10939453125,26.290890625,28.3202734375,26.30935546875,4.816671875,17.46462109375,28.37395703125,31.994046875,10.7857265625,5.10193359375,25.42113671875,28.86555859375,25.37440625,5.788203125,9.58966015625,27.12184765625,25.84803515625,3.10544921875,45.65963671875,25.92928125,18.3734453125,14.9288984375,11.95699609375
20.43114453125,31.12962109375,24.9911953125,8.77151171875,26.00498046875,24.63328125,16.75421875,3.67939453125,24.225890625,25.2632734375,24.13435546875,3.138671875,16.84262109375,27.02495703125,30.102046875,8.8007265625,4.10493359375,23.79513671875,27.33855859375,24.15040625,5.064203125,8.33766015625,26.05484765625,24.20003515625,1.94644921875,44.92263671875,25.33628125,17.6704453125,13.7338984375,11.12899609375
15.06314453125,27.37362109375,22.2771953125,8.44651171875,23.58298046875,22.13328125,14.71121875,2.42539453125,22.515890625,22.0372734375,21.65035546875,1.035671875,16.25162109375,25.88595703125,28.204046875,6.8427265625,3.27993359375,22.10813671875,26.12655859375,22.93840625,4.172203125,7.27866015625,25.14584765625,22.66303515625,0.601449218750002,43.91963671875,24.63628125,16.9534453125,12.4148984375,10.21399609375
10.55114453125,23.11462109375,19.2111953125,8.35051171875,21.41898046875,19.42428125,12.61621875,1.62439453125,21.408890625,18.9612734375,19.03535546875,-1.019328125,15.76562109375,24.97995703125,26.418046875,5.2177265625,2.73993359375,20.59213671875,25.33155859375,21.87140625,3.295203125,6.44266015625,24.47484765625,21.48103515625,-0.724550781249999,42.94863671875,23.93628125,16.4624453125,11.2528984375,9.37999609375
7.50514453125,19.27962109375,16.2111953125,8.24051171875,19.56798046875,16.65828125,10.68821875,1.40539453125,20.877890625,16.3532734375,16.52035546875,-2.488328125,15.32362109375,24.24495703125,24.827046875,4.1537265625,2.56493359375,19.33313671875,24.92355859375,21.06040625,2.629203125,5.74666015625,24.00584765625,20.80103515625,-1.85455078125,42.28863671875,23.36028125,16.3244453125,10.4958984375,8.71399609375
6.12814453125,16.78562109375,13.7271953125,7.92451171875,18.04698046875,14.06028125,9.20421875,1.76039453125,20.690890625,14.4462734375,14.37235546875,-2.929328125,14.76862109375,23.59295703125,23.478046875,3.7657265625,2.82793359375,18.28513671875,24.78755859375,20.56840625,2.334203125,5.08166015625,23.64584765625,20.64803515625,-2.63555078125,42.11163671875,23.05028125,16.5244453125,10.3068984375,8.25399609375
6.11214453125,16.07062109375,12.1101953125,7.36351171875,16.87498046875,11.88628125,8.39321875,2.52339453125,20.583890625,13.3142734375,12.85435546875,-2.132328125,13.98662109375,22.99295703125,22.409046875,4.0477265625,3.56593359375,17.38213671875,24.81455859375,20.38840625,2.483203125,4.39166015625,23.34384765625,20.96303515625,-2.93855078125,42.39963671875,23.15428125,16.9494453125,10.7238984375,8.03999609375
6.70014453125,16.76662109375,11.4721953125,6.66051171875,16.05498046875,10.30928125,8.29621875,3.38639453125,20.388890625,12.8192734375,12.13235546875,-0.218328125000001,13.01762109375,22.48195703125,21.643046875,4.8567265625,4.71393359375,16.62713671875,24.95055859375,20.41240625,2.997203125,3.69866015625,23.13184765625,21.61203515625,-2.73855078125,42.91563671875,23.75628125,17.4624453125,11.6358984375,8.10699609375
6.98814453125,17.78962109375,11.5671953125,5.96651171875,15.49598046875,9.26528125,8.74121875,4.01039453125,20.051890625,12.6122734375,12.11135546875,2.363671875,12.03062109375,22.09295703125,21.106046875,5.9047265625,6.03393359375,16.07013671875,25.14555859375,20.42640625,3.625203125,3.05566015625,23.05884765625,22.38003515625,-2.21255078125,43.25863671875,24.77228125,17.9244453125,12.7538984375,8.42099609375
6.28814453125,17.80662109375,11.8101953125,5.33651171875,14.94398046875,8.39728125,9.38721875,4.14439453125,19.538890625,12.2252734375,12.36335546875,4.969671875,11.19662109375,21.74795703125,20.580046875,6.8007265625,7.13193359375,15.71713671875,25.27155859375,20.15440625,4.015203125,2.47266015625,23.08784765625,22.96903515625,-1.75555078125,43.03363671875,25.92028125,18.1904453125,13.6798984375,8.82599609375
4.32814453125,15.85362109375,11.4881953125,4.64351171875,14.03398046875,7.19128125,9.74521875,3.64939453125,18.752890625,11.2012734375,12.25135546875,7.002671875,10.55562109375,21.24295703125,19.741046875,7.1667265625,7.58693359375,15.45013671875,25.11655859375,19.35740625,3.892203125,1.89066015625,23.05184765625,23.07503515625,-1.84955078125,42.04763671875,26.78428125,18.1124453125,14.0358984375,9.08099609375
1.30414453125,11.81662109375,10.0781953125,3.63251171875,12.44798046875,5.23428125,9.25421875,2.49439453125,17.526890625,9.2452734375,11.19535546875,8.182671875,9.98162109375,20.32695703125,18.284046875,6.7667265625,7.14293359375,15.05113671875,24.46155859375,17.93040625,3.219203125,1.19166015625,22.69284765625,22.48503515625,-2.84655078125,40.39963671875,26.97728125,17.5594453125,13.6128984375,8.95999609375
-2.19485546875,6.57162109375,7.4731953125,2.10651171875,10.09698046875,2.41028125,7.53121875,0.85039453125,15.724890625,6.3262734375,8.93435546875,8.696671875,9.26262109375,18.83895703125,16.055046875,5.6017265625,5.85593359375,14.30613671875,23.17655859375,15.95040625,2.211203125,0.24966015625,21.77784765625,21.14203515625,-4.80055078125,38.41863671875,26.28628125,16.4534453125,12.4288984375,8.34799609375
-5.39985546875,1.60962109375,4.0401953125,0.097511718749999,7.18498046875,-1.04271875,4.66421875,-0.829605468750001,13.354890625,2.7022734375,5.63635546875,9.122671875,8.23362109375,16.79395703125,13.118046875,3.8977265625,4.11293359375,13.11413671875,21.28655859375,13.64540625,1.200203125,-1.01533984375,20.20484765625,19.13903515625,-7.44655078125,36.49563671875,24.74228125,14.7964453125,10.6818984375,7.28399609375
-7.74485546875,-1.71137890625,0.474195312500001,-2.13948828125,4.12998046875,-4.63471875,1.25221875,-1.94960546875,10.604890625,-1.1797265625,1.82435546875,10.080671875,6.87462109375,14.36495703125,9.742046875,1.9907265625,2.49893359375,11.54513671875,18.95155859375,11.28740625,0.434203125000003,-2.59533984375,18.06684765625,16.68503515625,-10.33655078125,34.90363671875,22.57928125,12.7044453125,8.6418984375,5.93799609375
-9.18585546875,-2.86737890625,-2.4728046875,-4.28948828125,1.36398046875,-7.80471875,-1.87378125,-2.10160546875,7.788890625,-4.8487265625,-1.83664453125,11.829671875,5.32662109375,11.79595703125,6.298046875,0.171726562499999,1.53893359375,9.78813671875,16.38255859375,9.07340625,-0.0517968749999973,-4.39333984375,15.62484765625,14.04803515625,-13.04055078125,33.71463671875,20.12528125,10.4094453125,6.5468984375,4.54099609375
-10.17585546875,-2.38637890625,-4.3098046875,-6.13448828125,-0.85001953125,-10.15471875,-4.01578125,-1.29060546875,5.233890625,-7.9677265625,-4.81764453125,14.086671875,3.80962109375,9.29595703125,3.110046875,-1.4222734375,1.42893359375,8.07113671875,13.75455859375,7.06640625,-0.424796874999998,-6.24633984375,13.21684765625,11.47203515625,-15.27455078125,32.83263671875,17.67728125,8.2064453125,4.5428984375,3.29999609375
-11.27085546875,-1.44437890625,-5.0098046875,-7.58248828125,-2.49001953125,-11.60371875,-4.86278125,0.10039453125,3.209890625,-10.4047265625,-6.92364453125,16.193671875,2.52762109375,6.99295703125,0.338046874999999,-2.8082734375,1.91193359375,6.58313671875,11.16355859375,5.20840625,-0.932796874999998,-7.96833984375,11.14784765625,9.11903515625,-16.92255078125,32.13763671875,15.44428125,6.3794453125,2.6958984375,2.31899609375
-12.72985546875,-1.17737890625,-4.9848046875,-8.60348828125,-3.70201953125,-12.37171875,-4.58778125,1.47339453125,1.886890625,-12.2117265625,-8.31564453125,17.481671875,1.60562109375,4.94695703125,-2.049953125,-4.0982734375,2.38993359375,5.45213671875,8.65355859375,3.39040625,-1.745796875,-9.37933984375,9.60484765625,7.05503515625,-17.99155078125,31.60063671875,13.53628125,5.1294453125,1.0498984375,1.58399609375
-14.41985546875,-2.12337890625,-4.8498046875,-9.19148828125,-4.66001953125,-12.82671875,-3.77278125,2.19839453125,1.291890625,-13.5587265625,-9.35664453125,17.577671875,1.07062109375,3.16995703125,-4.214953125,-5.4282734375,2.21393359375,4.72413671875,6.26155859375,1.50840625,-2.856796875,-10.34933984375,8.62084765625,5.26903515625,-18.56655078125,31.30363671875,11.99228125,4.5234453125,-0.3271015625,1.00399609375
-16.03185546875,-4.03637890625,-5.1388046875,-9.38848828125,-5.47801953125,-13.31671875,-3.14678125,1.80939453125,1.274890625,-14.6507265625,-10.42864453125,16.502671875,0.85562109375,1.61895703125,-6.359953125,-6.9262734375,0.970933593750001,4.32713671875,4.01655859375,-0.512593749999999,-4.128796875,-10.86133984375,8.05184765625,3.68203515625,-18.81155078125,31.33863671875,10.78528125,4.4794453125,-1.3531015625,0.46399609375
-17.35885546875,-6.11437890625,-6.1278046875,-9.31448828125,-6.20701953125,-14.08571875,-3.20878125,0.212394531249999,1.519890625,-15.6577265625,-11.79964453125,14.597671875,0.80762109375,0.168957031250001,-8.663953125,-8.6912734375,-1.35906640625,4.03213671875,1.90455859375,-2.71859375,-5.412796875,-11.05233984375,7.59184765625,2.14103515625,-18.98655078125,31.67063671875,9.82928125,4.7844453125,-1.9901015625,-0.12100390625
-18.42885546875,-7.49137890625,-7.7838046875,-9.16148828125,-6.86401953125,-15.22971875,-4.01778125,-2.27560546875,1.649890625,-16.6727265625,-13.54664453125,12.334671875,0.75862109375,-1.34204296875,-11.211953125,-10.7622734375,-4.42906640625,3.52113671875,-0.13244140625,-5.10859375,-6.662796875,-11.17733984375,6.86484765625,0.46203515625,-19.41455078125,32.08363671875,9.01128125,5.1514453125,-2.2901015625,-0.79200390625
-19.48985546875,-7.74937890625,-9.8408046875,-9.14748828125,-7.46101953125,-16.67971875,-5.29178125,-5.12160546875,1.367890625,-17.7267265625,-15.54664453125,10.107671875,0.59262109375,-3.01504296875,-13.939953125,-13.0792734375,-7.67706640625,2.52413671875,-2.15344140625,-7.62559375,-7.945796875,-11.47333984375,5.57884765625,-1.47896484375,-20.39555078125,32.23663671875,8.24028125,5.3014453125,-2.3791015625,-1.54300390625
-20.87485546875,-7.17537890625,-11.9638046875,-9.45348828125,-8.01301953125,-18.24871875,-6.65678125,-7.85860546875,0.561890625,-18.8167265625,-17.55464453125,8.060671875,0.28362109375,-4.82204296875,-16.659953125,-15.5032734375,-10.54406640625,0.95113671875,-4.17044140625,-10.15159375,-9.373796875,-12.04333984375,3.64184765625,-3.68896484375,-22.10355078125,31.78363671875,7.45728125,5.0224453125,-2.4231015625,-2.34300390625
-22.80285546875,-6.57637890625,-13.9208046875,-10.14548828125,-8.53501953125,-19.73371875,-7.80478125,-10.19260546875,-0.679109375,-19.9227265625,-19.34764453125,6.070671875,-0.14337890625,-6.62204296875,-19.152953125,-17.8532734375,-12.67106640625,-1.07686328125,-6.15944140625,-12.54659375,-11.017796875,-12.82233984375,1.17484765625,-6.07096484375,-24.53355078125,30.48663671875,6.60428125,4.1854453125,-2.6001015625,-3.19200390625
-25.20685546875,-6.76737890625,-15.6378046875,-11.11948828125,-9.02101953125,-20.98771875,-8.52578125,-11.96460546875,-2.126109375,-20.9837265625,-20.80464453125,3.896671875,-0.64637890625,-8.23404296875,-21.250953125,-19.9332734375,-13.97206640625,-3.28686328125,-8.07044140625,-14.68259375,-12.833796875,-13.63433984375,-1.55915234375,-8.47096484375,-27.50355078125,28.25663671875,5.59428125,2.7434453125,-3.0761015625,-4.14200390625
-27.70485546875,-8.04537890625,-17.0938046875,-12.12348828125,-9.41601953125,-21.89271875,-8.72278125,-13.10960546875,-3.495109375,-21.8947265625,-21.87864453125,1.419671875,-1.18037890625,-9.50604296875,-22.853953125,-21.5402734375,-14.59206640625,-5.35686328125,-9.82044140625,-16.44759375,-14.634796875,-14.27033984375,-4.24115234375,-10.70896484375,-30.70455078125,25.17963671875,4.34328125,0.761445312500001,-3.9621015625,-5.27900390625
-29.75085546875,-9.95037890625,-18.1708046875,-12.85148828125,-9.63501953125,-22.30671875,-8.40278125,-13.66660546875,-4.551109375,-22.5547265625,-22.51364453125,-1.174328125,-1.68637890625,-10.34304296875,-23.887953125,-22.4732734375,-14.81306640625,-6.99786328125,-11.29544140625,-17.74559375,-16.137796875,-14.56633984375,-6.56715234375,-12.58996484375,-33.76355078125,21.52763671875,2.84728125,-1.5505546875,-5.2431015625,-6.63900390625
-30.85585546875,-11.47637890625,-18.6478046875,-13.08048828125,-9.63401953125,-22.10771875,-7.59978125,-13.73360546875,-5.194109375,-22.9477265625,-22.63064453125,-3.405328125,-2.11037890625,-10.73604296875,-24.313953125,-22.5752734375,-14.97106640625,-8.04786328125,-12.38544140625,-18.50059375,-17.081796875,-14.44633984375,-8.32115234375,-13.94696484375,-36.32355078125,17.78963671875,1.23528125,-3.8415546875,-6.7231015625,-8.13500390625
-30.82685546875,-11.61837890625,-18.3288046875,-12.77848828125,-9.48701953125,-21.30471875,-6.30478125,-13.40560546875,-5.507109375,-23.1867265625,-22.20164453125,-4.738328125,-2.43737890625,-10.77304296875,-24.166953125,-21.8272734375,-15.39706640625,-8.51786328125,-13.05844140625,-18.69859375,-17.364796875,-13.96233984375,-9.41415234375,-14.70796484375,-38.12355078125,14.60163671875,-0.247718750000001,-5.7015546875,-8.0661015625,-9.56000390625
-29.90785546875,-9.96237890625,-17.1918046875,-12.15848828125,-9.38401953125,-20.09471875,-4.54878125,-12.77960546875,-5.731109375,-23.4887265625,-21.32964453125,-4.908328125,-2.69137890625,-10.63604296875,-23.598953125,-20.4142734375,-16.35006640625,-8.59186328125,-13.40844140625,-18.43259375,-17.105796875,-13.29033984375,-9.89715234375,-14.93796484375,-39.07655078125,12.53863671875,-1.35071875,-6.8065546875,-8.9351015625,-10.67100390625
-28.71185546875,-6.93237890625,-15.4498046875,-11.63248828125,-9.55801953125,-18.81371875,-2.56078125,-12.03660546875,-6.191109375,-24.0887265625,-20.25964453125,-4.119328125,-2.93637890625,-10.57104296875,-22.864953125,-18.7382734375,-17.93306640625,-8.56786328125,-13.63744140625,-17.92259375,-16.616796875,-12.70333984375,-9.93815234375,-14.83196484375,-39.30455078125,11.82763671875,-1.93371875,-7.0505546875,-9.1631015625,-11.32900390625
-27.89885546875,-3.53737890625,-13.4908046875,-11.62648828125,-10.18201953125,-17.81971875,-0.755781249999998,-11.42360546875,-7.159109375,-25.1217265625,-19.31764453125,-2.982328125,-3.25437890625,-10.82304296875,-22.259953125,-17.3212734375,-20.02706640625,-8.75386328125,-14.00044140625,-17.46959375,-16.280796875,-12.50933984375,-9.78315234375,-14.66296484375,-39.09055078125,12.16463671875,-2.05571875,-6.5875546875,-8.8481015625,-11.57400390625
-27.77685546875,-0.817378906250003,-11.7468046875,-12.34248828125,-11.28401953125,-17.37371875,0.476218750000002,-11.11760546875,-8.721109375,-26.5407265625,-18.79464453125,-2.215328125,-3.74137890625,-11.54404296875,-22.012953125,-16.6092734375,-22.26406640625,-9.34586328125,-14.68744140625,-17.33459375,-16.409796875,-12.94133984375,-9.68315234375,-14.67896484375,-38.73755078125,12.80663671875,-1.92371875,-5.7325546875,-8.2821015625,-11.58400390625
-28.12285546875,0.647621093749997,-10.5278046875,-13.61448828125,-12.71501953125,-17.52971875,0.947218750000001,-11.14860546875,-10.694109375,-28.0887265625,-18.81764453125,-2.314328125,-4.47837890625,-12.69704296875,-22.177953125,-16.7752734375,-24.10006640625,-10.32186328125,-15.71344140625,-17.61059375,-17.095796875,-14.03933984375,-9.78915234375,-14.98196484375,-38.41555078125,12.89163671875,-1.73271875,-4.7625546875,-7.7581015625,-11.52600390625
-28.31785546875,0.94062109375,-9.8908046875,-14.96648828125,-14.16101953125,-18.06671875,0.699218750000002,-11.44360546875,-12.663109375,-29.3617265625,-19.24564453125,-3.381328125,-5.50037890625,-14.00404296875,-22.569953125,-17.6232734375,-25.00506640625,-11.42086328125,-16.84544140625,-18.15559375,-18.158796875,-15.57233984375,-10.05515234375,-15.45096484375,-38.10655078125,11.82863671875,-1.49771875,-3.7775546875,-7.3931015625,-11.44000390625
-27.65685546875,0.704621093749999,-9.6238046875,-15.82548828125,-15.22101953125,-18.54271875,-0.0247812499999984,-11.88160546875,-14.110109375,-29.9137265625,-19.70464453125,-5.160328125,-6.76837890625,-15.00504296875,-22.821953125,-18.6752734375,-24.70206640625,-12.23086328125,-17.66544140625,-18.65259375,-19.225796875,-17.09433984375,-10.25815234375,-15.78996484375,-37.69155078125,9.53463671875,-1.01771875,-2.7135546875,-7.0961015625,-11.23800390625
-25.64485546875,0.80662109375,-9.3548046875,-15.73848828125,-15.51301953125,-18.44871875,-0.756781249999999,-12.23760546875,-14.579109375,-29.3577265625,-19.72564453125,-7.205328125,-8.14337890625,-15.20304296875,-22.519953125,-19.3712734375,-23.31706640625,-12.35186328125,-17.73744140625,-18.74359375,-19.910796875,-18.10933984375,-10.10515234375,-15.67496484375,-37.10055078125,6.42363671875,0.00728125000000013,-1.4865546875,-6.6851015625,-10.80700390625
-22.22485546875,1.88162109375,-8.7048046875,-14.51848828125,-14.78501953125,-17.37771875,-0.868781249999998,-12.17560546875,-13.797109375,-27.4417265625,-18.90164453125,-9.080328125,-9.35037890625,-14.22704296875,-21.346953125,-19.2722734375,-21.28806640625,-11.52086328125,-16.77244140625,-18.14759375,-19.977796875,-18.24533984375,-9.37515234375,-14.90296484375,-36.36955078125,3.20863671875,1.78528125,-0.115554687500001,-6.0391015625,-10.11400390625
-17.89385546875,3.99162109375,-7.3918046875,-12.29448828125,-12.97601953125,-15.12471875,0.178218750000002,-11.38360546875,-11.724109375,-24.1177265625,-16.98264453125,-10.509328125,-9.99137890625,-11.94104296875,-19.146953125,-18.1912734375,-19.11906640625,-9.66286328125,-14.70844140625,-16.73559375,-19.378796875,-17.35333984375,-7.99015234375,-13.44396484375,-35.56755078125,0.605636718749999,4.29828125,1.2604453125,-5.1771015625,-9.23000390625
-13.58685546875,6.61762109375,-5.3078046875,-9.47748828125,-10.25001953125,-11.74371875,2.55821875,-9.76960546875,-8.580109375,-19.5927265625,-13.94564453125,-11.437328125,-9.66237890625,-8.51104296875,-15.972953125,-16.2192734375,-17.14506640625,-6.88986328125,-11.72544140625,-14.55559375,-18.219796875,-15.53333984375,-6.02715234375,-11.43396484375,-34.69955078125,-0.91036328125,7.26928125,2.4644453125,-4.2461015625,-8.29600390625
-10.28185546875,9.00862109375,-2.5708046875,-6.63248828125,-6.97901953125,-7.58771875,5.99821875,-7.51760546875,-4.817109375,-14.3217265625,-10.05164453125,-12.001328125,-8.16537890625,-4.40704296875,-12.111953125,-13.6772734375,-15.48106640625,-3.49986328125,-8.22544140625,-11.83659375,-16.700796875,-13.12233984375,-3.71715234375,-9.14496484375,-33.69555078125,-1.22036328125,10.23028125,3.3724453125,-3.4371015625,-7.45700390625
-8.54585546875,10.59462109375,0.4661953125,-4.30048828125,-3.66001953125,-3.26771875,9.92421875,-4.98260546875,-1.028109375,-8.9237265625,-5.82464453125,-12.427328125,-5.67937890625,-0.306042968749999,-8.063953125,-11.0152734375,-14.10806640625,0.068136718749999,-4.76444140625,-8.94159375,-15.055796875,-10.63633984375,-1.40915234375,-6.93696484375,-32.51555078125,-0.531363281250002,12.66828125,3.9594453125,-2.8801015625,-6.81000390625
-8.34385546875,11.17062109375,3.3451953125,-2.84248828125,-0.76401953125,0.55028125,13.65221875,-2.58860546875,2.199890625,-4.0127265625,-1.88264453125,-12.931328125,-2.74937890625,3.11595703125,-4.401953125,-8.6592734375,-12.98806640625,3.32113671875,-1.90644140625,-6.27559375,-13.492796875,-8.62833984375,0.52384765625,-5.15796484375,-31.25155078125,0.776636718750002,14.19728125,4.2784453125,-2.5831015625,-6.36900390625
-9.16785546875,10.84362109375,5.6861953125,-2.36048828125,1.43698046875,3.40928125,16.59921875,-0.73860546875,4.456890625,-0.00172656250000003,1.30335546875,-13.614328125,-0.06437890625,5.42395703125,-1.566953125,-6.8722734375,-12.12306640625,5.84513671875,-0.0464414062500005,-4.15559375,-12.135796875,-7.51433984375,1.80584765625,-4.02896484375,-30.13755078125,2.30863671875,14.68428125,4.3994453125,-2.4461015625,-6.08300390625
-10.26185546875,9.99562109375,7.3571953125,-2.66748828125,2.96398046875,5.24228125,18.52121875,0.33539453125,5.629890625,3.0382734375,3.58535546875,-14.385328125,1.84262109375,6.58195703125,0.295046874999999,-5.6692734375,-11.54106640625,7.42713671875,0.71755859375,-2.70659375,-11.010796875,-7.41633984375,2.35584765625,-3.57396484375,-29.43055078125,3.74163671875,14.27128125,4.3494453125,-2.3671015625,-5.90000390625
-10.78585546875,9.34462109375,8.5221953125,-3.31248828125,4.12698046875,6.37028125,19.68021875,0.71039453125,5.949890625,5.3882734375,5.14835546875,-14.931328125,2.82662109375,6.95795703125,1.377046875,-4.8282734375,-11.25206640625,8.12413671875,0.622558593749999,-1.81959375,-10.064796875,-8.10833984375,2.32884765625,-3.61896484375,-29.24355078125,4.81963671875,13.29228125,4.1184453125,-2.3301015625,-5.81900390625
-9.96985546875,9.86862109375,9.5711953125,-3.71648828125,5.38598046875,7.34528125,20.69221875,0.723394531249999,5.922890625,7.5112734375,6.38535546875,-14.825328125,3.17162109375,7.15895703125,2.121046875,-4.0002734375,-11.20706640625,8.25313671875,0.168558593749999,-1.19159375,-9.195796875,-9.10533984375,2.08084765625,-3.83596484375,-29.45155078125,5.33363671875,12.15728125,3.7184453125,-2.4001015625,-5.88000390625
-7.40585546875,12.39862109375,10.9111953125,-3.43548828125,7.10798046875,8.67528125,22.11921875,0.72239453125,6.138890625,9.7662734375,7.68535546875,-13.774328125,3.41362109375,7.76495703125,3.016046875,-2.8982734375,-11.28206640625,8.27013671875,-0.0594414062500004,-0.46959375,-8.298796875,-9.85333984375,2.05984765625,-3.83396484375,-29.73755078125,5.14763671875,11.23528125,3.2444453125,-2.6491015625,-6.08700390625
-3.36685546875,16.99062109375,12.6891953125,-2.42748828125,9.30398046875,10.50528125,24.09721875,0.85539453125,6.998890625,12.1452734375,9.18135546875,-11.883328125,4.02862109375,9.03995703125,4.326046875,-1.4812734375,-11.29506640625,8.57013671875,0.359558593749999,0.571406250000001,-7.343796875,-9.95933984375,2.61484765625,-3.31596484375,-29.77655078125,4.26763671875,10.78228125,2.8564453125,-3.0661015625,-6.36900390625
1.06614453125,22.55262109375,14.5971953125,-1.13848828125,11.50398046875,12.44328125,26.25221875,1.03139453125,8.489890625,14.2142734375,10.61835546875,-9.735328125,5.17562109375,10.76995703125,5.898046875,-0.0302734375000009,-11.04606640625,9.29813671875,1.46755859375,1.88040625,-6.443796875,-9.36033984375,3.80784765625,-2.23796484375,-29.44355078125,2.87263671875,10.88728125,2.6884453125,-3.5311015625,-6.59800390625
4.27214453125,27.08162109375,15.9571953125,-0.323488281250002,12.91598046875,13.69628125,27.86221875,0.97439453125,10.172890625,15.3122734375,11.44735546875,-8.210328125,6.62362109375,12.35095703125,7.202046875,0.951726562499999,-10.38506640625,10.28213671875,2.90155859375,3.12440625,-5.842796875,-8.33133984375,5.35784765625,-0.85296484375,-28.91055078125,1.25763671875,11.47828125,2.7514453125,-3.8521015625,-6.66600390625
4.73414453125,28.52762109375,16.0681953125,-0.679488281250002,12.82998046875,13.50928125,28.12221875,0.28339453125,11.396890625,14.9062734375,11.14035546875,-8.084328125,7.91162109375,13.09895703125,7.615046875,0.979726562499999,-9.31106640625,11.12713671875,4.08255859375,3.84440625,-5.788796875,-7.34033984375,6.77284765625,0.40403515625,-28.55755078125,-0.295363281250001,12.36028125,2.9154453125,-3.8241015625,-6.53200390625
1.82014453125,25.87262109375,14.6001953125,-2.46548828125,11.02898046875,11.61228125,26.50121875,-1.42160546875,11.650890625,12.9162734375,9.52435546875,-9.600328125,8.61662109375,12.60195703125,6.779046875,-0.154273437500001,-8.03506640625,11.43313671875,4.51055859375,3.70540625,-6.388796875,-6.80933984375,7.59084765625,1.11703515625,-28.77055078125,-1.63236328125,13.27428125,2.9874453125,-3.3131015625,-6.24400390625
-3.69585546875,19.81862109375,11.8201953125,-5.31748828125,7.95198046875,8.40128125,23.12621875,-4.18060546875,10.854890625,9.8512734375,6.92035546875,-12.227328125,8.55762109375,10.94595703125,4.824046875,-2.2502734375,-6.93306640625,11.00213671875,4.01155859375,2.70040625,-7.518796875,-6.93333984375,7.59684765625,1.07103515625,-29.71955078125,-2.73236328125,13.96628125,2.8244453125,-2.3261015625,-5.92100390625
-9.73985546875,12.62762109375,8.5271953125,-8.35948828125,4.54098046875,4.78428125,18.91421875,-7.44360546875,9.422890625,6.6632734375,4.04835546875,-14.772328125,7.86262109375,8.67595703125,2.350046875,-4.7342734375,-6.34606640625,9.92713671875,2.79855859375,1.19740625,-8.852796875,-7.61633984375,6.89684765625,0.32703515625,-31.24455078125,-3.61136328125,14.25328125,2.4084453125,-1.0551015625,-5.70000390625
-13.75685546875,7.12762109375,5.7581953125,-10.59048828125,1.86098046875,1.82628125,15.26021875,-10.18060546875,8.063890625,4.3892734375,1.75235546875,-15.880328125,6.87662109375,6.54795703125,0.194046874999999,-6.8662734375,-6.37606640625,8.53513671875,1.36955859375,-0.200593749999999,-9.974796875,-8.55733984375,5.85384765625,-0.79596484375,-32.90955078125,-4.22936328125,14.08028125,1.8534453125,0.1698984375,-5.67300390625
-13.90185546875,5.39462109375,4.3681953125,-11.35648828125,0.65398046875,0.32128125,13.41221875,-11.34860546875,7.424890625,3.7252734375,0.68635546875,-14.688328125,5.98562109375,5.19895703125,-0.921953125000001,-8.0262734375,-6.83206640625,7.21713671875,0.27355859375,-0.908593749999999,-10.533796875,-9.40133984375,4.90884765625,-1.86396484375,-34.19555078125,-4.45836328125,13.53228125,1.3374453125,0.995898437499999,-5.84500390625
-10.00385546875,7.77962109375,4.6651953125,-10.66648828125,1.04298046875,0.50428125,13.89121875,-10.45660546875,7.781890625,4.7392734375,1.07035546875,-11.284328125,5.45062109375,4.89295703125,-0.681953125000001,-7.9452734375,-7.35706640625,6.26413671875,-0.10744140625,-0.59059375,-10.364796875,-9.88333984375,4.39884765625,-2.48996484375,-34.72255078125,-4.14136328125,12.79528125,1.0064453125,1.2128984375,-6.11300390625
-3.82185546875,12.69162109375,6.3231953125,-9.20948828125,2.52098046875,2.03228125,16.16321875,-7.96860546875,8.947890625,6.8702734375,2.66835546875,-6.722328125,5.33362109375,5.49295703125,0.757046874999999,-6.7742734375,-7.59806640625,5.80013671875,0.33955859375,0.73240625,-9.507796875,-9.87233984375,4.47284765625,-2.45596484375,-34.39555078125,-3.16936328125,12.09428125,0.932445312500001,0.9008984375,-6.28300390625
1.49014453125,17.17262109375,8.6021953125,-8.09148828125,4.22898046875,4.27628125,18.63021875,-5.40460546875,10.411890625,9.1832734375,4.99535546875,-2.622328125,5.54562109375,6.64595703125,2.962046875,-4.9842734375,-7.32106640625,5.82613671875,1.54355859375,2.72540625,-8.105796875,-9.33633984375,5.13584765625,-1.70396484375,-33.41755078125,-1.53836328125,11.63328125,1.1204453125,0.450898437499999,-6.09800390625
2.55914453125,18.04762109375,10.7451953125,-8.42148828125,5.35598046875,6.70228125,19.07721875,-4.93160546875,11.610890625,10.7582734375,7.60335546875,-0.546328125,5.95362109375,8.03095703125,5.505046875,-3.1522734375,-6.43506640625,6.30013671875,3.38255859375,4.89940625,-6.293796875,-8.28733984375,6.33484765625,-0.25896484375,-32.18355078125,0.637636718749999,11.56428125,1.5524453125,0.415898437499999,-5.30900390625
-2.80985546875,13.22762109375,12.2921953125,-10.87048828125,5.46098046875,9.07428125,15.61321875,-8.41560546875,12.171890625,11.0402734375,10.24435546875,-1.411328125,6.45862109375,9.48195703125,8.141046875,-1.7282734375,-4.98306640625,7.16513671875,5.75455859375,6.81440625,-4.151796875,-6.77133984375,7.99984765625,1.80303515625,-31.08755078125,3.16263671875,11.93928125,2.1984453125,1.2338984375,-3.78400390625
-14.57685546875,2.68062109375,13.1761953125,-15.38048828125,4.57798046875,11.39228125,7.77821875,-16.30360546875,12.040890625,10.0222734375,12.85835546875,-5.116328125,7.00662109375,10.96595703125,10.791046875,-0.862273437500001,-3.11006640625,8.33413671875,8.54455859375,8.26840625,-1.750796875,-4.88933984375,10.02084765625,4.34503515625,-30.33955078125,5.84363671875,12.69328125,3.0114453125,2.9848984375,-1.59200390625
-30.30385546875,-11.43137890625,13.6491953125,-21.14448828125,3.11298046875,13.71128125,-2.95178125,-27.10860546875,11.462890625,8.2152734375,15.46535546875,-10.545328125,7.56062109375,12.47295703125,13.444046875,-0.383273437500001,-1.03706640625,9.66113671875,11.56255859375,9.37140625,0.803203125000003,-2.81433984375,12.22384765625,7.14003515625,-29.87855078125,8.56963671875,13.65228125,3.9104453125,5.3408984375,0.99099609375
-30.30385546875,-11.43137890625,13.6491953125,-21.14448828125,3.11298046875,13.71128125,-2.95178125,-27.10860546875,11.462890625,8.2152734375,15.46535546875,-10.545328125,7.56062109375,12.47295703125,13.444046875,-0.383273437500001,-1.03706640625,9.66113671875,11.56255859375,9.37140625,0.803203125000003,-2.81433984375,12.22384765625,7.14003515625,-29.87855078125,8.56963671875,13.65228125,3.9104453125,5.3408984375,0.99099609375
