"Fp1","Fpz","Fp2","F7","F3","Fz","F4","F8","FC5","FC1","FC2","FC6","T7","C3","Cz","C4","T8","CP5","CP1","CP2","CP6","P7","P3","Pz","P4","P8","POz","O1","Oz","O2"
-8.7891328125,-7.5379765625,-8.71645703125,-10.15664453125,-15.631265625,-13.97613671875,-4.50569921875,-6.41455859375,-8.4388984375,-17.40208203125,-14.84978515625,-8.831140625,-7.68823828125,-19.1948125,-20.23846875,-13.89392578125,1.38172265625,-14.7045390625,-20.1907109375,-23.41971875,-12.0480625,-15.1738515625,-21.972,-22.52958203125,-18.40992578125,-5.84060546875,-22.99323828125,-14.79851953125,-15.8626953125,-10.44701171875
-9.8571328125,-8.4729765625,-10.73545703125,-7.48564453125,-16.759265625,-14.75113671875,-7.95069921875,-8.11555859375,-10.0248984375,-19.31008203125,-16.06078515625,-10.624140625,-4.92423828125,-22.2058125,-23.65246875,-16.43692578125,-5.51727734375,-15.4675390625,-23.6017109375,-26.59971875,-14.7060625,-14.2128515625,-24.006,-25.35758203125,-21.35192578125,-7.43760546875,-25.63123828125,-15.18251953125,-17.0026953125,-12.11001171875
-11.1911328125,-9.7879765625,-12.29245703125,-5.58164453125,-17.723265625,-15.85513671875,-11.33069921875,-9.90655859375,-11.3858984375,-20.98708203125,-17.54078515625,-12.764140625,-4.27323828125,-24.1648125,-26.27846875,-18.84092578125,-9.81027734375,-15.5675390625,-26.2217109375,-29.00071875,-16.7250625,-12.8678515625,-24.947,-27.42358203125,-23.33692578125,-8.38960546875,-26.77323828125,-14.29851953125,-17.2586953125,-12.96801171875
-12.7511328125,-11.3749765625,-13.21945703125,-4.83564453125,-18.461265625,-17.17213671875,-14.39969921875,-11.66555859375,-12.4958984375,-22.34108203125,-19.09278515625,-15.052140625,-5.90623828125,-24.9568125,-27.96546875,-20.96092578125,-11.58827734375,-15.0745390625,-27.8407109375,-30.36971875,-17.9400625,-11.3238515625,-24.716,-28.48958203125,-24.15892578125,-8.75760546875,-26.21523828125,-12.22851953125,-16.5456953125,-13.00001171875
-14.3011328125,-12.8979765625,-13.47045703125,-5.42364453125,-18.886265625,-18.38313671875,-16.70269921875,-13.16555859375,-13.3208984375,-23.25608203125,-20.31278515625,-17.060140625,-9.21923828125,-24.7128125,-28.68446875,-22.53492578125,-11.63427734375,-14.2185390625,-28.3487109375,-30.53571875,-18.2710625,-9.9248515625,-23.49,-28.38058203125,-23.75592578125,-8.75460546875,-24.08223828125,-9.43051953125,-14.9606953125,-12.35301171875
-15.4531328125,-13.8859765625,-13.12445703125,-7.11264453125,-18.861265625,-19.06713671875,-17.69369921875,-14.11355859375,-13.7398984375,-23.58308203125,-20.74378515625,-18.288140625,-12.97623828125,-23.6658125,-28.44646875,-23.20392578125,-10.78327734375,-13.1825390625,-27.6787109375,-29.40571875,-17.6910625,-8.9638515625,-21.507,-26.95958203125,-22.14092578125,-8.53760546875,-20.66223828125,-6.43851953125,-12.6666953125,-11.17801171875
-15.8081328125,-13.9249765625,-12.33745703125,-9.24564453125,-18.255265625,-18.85913671875,-16.99769921875,-14.21955859375,-13.5468984375,-23.18408203125,-20.06678515625,-18.376140625,-15.63623828125,-22.0298125,-27.26546875,-22.64692578125,-9.53627734375,-11.9715390625,-25.8047109375,-26.98971875,-16.2420625,-8.4958515625,-18.932,-24.16458203125,-19.40692578125,-8.09860546875,-16.27723828125,-3.59951953125,-9.8246953125,-9.55001171875
-15.1751328125,-12.8809765625,-11.29045703125,-10.96564453125,-17.035265625,-17.64613671875,-14.70269921875,-13.35055859375,-12.5698984375,-22.03608203125,-18.24878515625,-17.286140625,-15.91623828125,-19.9768125,-25.21246875,-20.77592578125,-8.10627734375,-10.4745390625,-22.8107109375,-23.45971875,-14.0880625,-8.2748515625,-15.851,-20.10758203125,-15.77892578125,-7.29660546875,-11.26623828125,-1.01351953125,-6.6036953125,-7.50101171875
-13.7111328125,-11.0199765625,-10.18245703125,-11.60464453125,-15.360265625,-15.67413671875,-11.44369921875,-11.68255859375,-10.8468984375,-20.30408203125,-15.58778515625,-15.347140625,-13.38923828125,-17.6918125,-22.49746875,-17.88192578125,-6.68727734375,-8.6565390625,-18.9837109375,-19.20671875,-11.5470625,-7.8948515625,-12.397,-15.18458203125,-11.67992578125,-6.02360546875,-6.03823828125,1.35048046875,-3.2366953125,-5.14201171875
-11.8881328125,-8.9369765625,-9.19945703125,-10.99464453125,-13.577265625,-13.49613671875,-8.16569921875,-9.69155859375,-8.7278984375,-18.33608203125,-12.63978515625,-13.129140625,-8.80723828125,-15.4388125,-19.51646875,-14.60692578125,-5.60427734375,-6.7235390625,-14.8647109375,-14.83871875,-9.0500625,-7.0498515625,-8.898,-10.09758203125,-7.73092578125,-4.36760546875,-1.14923828125,3.44648046875,-0.0746953125000012,-2.75501171875
-10.2891328125,-7.3039765625,-8.46245703125,-9.54564453125,-12.128265625,-11.74613671875,-5.69669921875,-7.94755859375,-6.8248984375,-16.56708203125,-10.04778515625,-11.194140625,-3.87623828125,-13.5608125,-16.78146875,-11.74092578125,-5.21127734375,-5.1285390625,-11.1777109375,-11.09871875,-7.0420625,-5.7738515625,-5.914,-5.74358203125,-4.63692578125,-2.66660546875,2.71576171875,5.02648046875,2.4163046875,-0.789011718750001
-9.3691328125,-6.5859765625,-8.00445703125,-8.05164453125,-11.401265625,-10.89713671875,-4.43569921875,-6.85755859375,-5.8158984375,-15.38408203125,-8.36778515625,-9.890140625,-0.552238281249998,-12.4038125,-14.79346875,-9.94992578125,-5.66227734375,-4.3995390625,-8.6397109375,-8.67171875,-5.8500625,-4.4808515625,-4.088,-2.95958203125,-2.98992578125,-1.40460546875,4.88676171875,5.66848046875,3.7643046875,0.273988281249999
-9.3161328125,-6.8859765625,-7.78845703125,-7.34564453125,-11.602265625,-11.12513671875,-4.33669921875,-6.55355859375,-6.1828984375,-15.02108203125,-7.92178515625,-9.278140625,-0.225238281249998,-12.1958125,-13.88046875,-9.55592578125,-6.78727734375,-4.8775390625,-7.7047109375,-7.96371875,-5.5970625,-3.7618515625,-3.872,-2.23758203125,-3.05692578125,-1.00960546875,4.94976171875,4.98348046875,3.6643046875,0.114988281249999
-10.0301328125,-7.9749765625,-7.76945703125,-7.92164453125,-12.691265625,-12.29213671875,-5.09069921875,-6.90755859375,-7.9708984375,-15.51108203125,-8.73578515625,-9.214140625,-3.12623828125,-12.9278125,-14.09046875,-10.45992578125,-8.17427734375,-6.5145390625,-8.3597109375,-8.93771875,-6.1860625,-4.0418515625,-5.267,-3.50858203125,-4.66892578125,-1.64060546875,2.96476171875,2.88148046875,2.1403046875,-1.24401171875
-11.1981328125,-9.4299765625,-7.90445703125,-9.70364453125,-14.389265625,-14.01713671875,-6.31769921875,-7.62255859375,-10.7138984375,-16.69008203125,-10.52778515625,-9.462140625,-8.18323828125,-14.3138125,-15.14946875,-12.21792578125,-9.38527734375,-8.8335390625,-10.0997109375,-11.09671875,-7.3390625,-5.3048515625,-7.742,-6.12658203125,-7.26392578125,-3.08660546875,-0.473238281250001,-0.260519531249999,-0.4176953125,-3.40301171875
-12.4071328125,-10.7949765625,-8.13045703125,-12.07164453125,-16.244265625,-15.79413671875,-7.65169921875,-8.32855859375,-13.5918984375,-18.21908203125,-12.77678515625,-9.789140625,-13.42823828125,-15.8568125,-16.53346875,-14.20392578125,-10.10527734375,-11.0855390625,-12.0947109375,-13.64071875,-8.6760625,-7.0458515625,-10.388,-9.08358203125,-10.07092578125,-4.83060546875,-4.39623828125,-3.65551953125,-3.3576953125,-5.70501171875
-13.2701328125,-11.6949765625,-8.31345703125,-14.14964453125,-17.747265625,-17.10913671875,-8.74569921875,-8.69655859375,-15.7568984375,-19.63908203125,-14.83378515625,-9.996140625,-16.82223828125,-17.0098125,-17.62646875,-15.81192578125,-10.16027734375,-12.5295390625,-13.4897109375,-15.73371875,-9.8140625,-8.5068515625,-12.257,-11.37258203125,-12.35192578125,-6.24860546875,-7.80523828125,-6.41551953125,-5.9866953125,-7.49101171875
-13.5221328125,-11.9179765625,-8.25145703125,-15.20764453125,-18.459265625,-17.56213671875,-9.28669921875,-8.53555859375,-16.6408984375,-20.46908203125,-16.09278515625,-9.941140625,-17.14523828125,-17.3548125,-17.91846875,-16.63692578125,-9.43827734375,-12.6875390625,-13.7227109375,-16.78671875,-10.4710625,-9.0758515625,-12.758,-12.36358203125,-13.62092578125,-6.86960546875,-10.03823828125,-7.95551953125,-7.8356953125,-8.36201171875
-13.0751328125,-11.4419765625,-7.74545703125,-14.97064453125,-18.127265625,-16.96113671875,-9.04769921875,-7.84155859375,-16.0668984375,-20.34808203125,-16.17078515625,-9.566140625,-14.48523828125,-16.7348125,-17.18546875,-16.58392578125,-7.89227734375,-11.5035390625,-12.7157109375,-16.64871875,-10.5490625,-8.6188515625,-11.896,-12.01758203125,-13.77892578125,-6.56160546875,-11.00423828125,-8.28451953125,-8.8276953125,-8.32401171875
-12.0161328125,-10.4229765625,-6.71245703125,-13.69964453125,-16.756265625,-15.38013671875,-7.99369921875,-6.77655859375,-14.1998984375,-19.16908203125,-15.03078515625,-8.922140625,-10.07823828125,-15.2788125,-15.55346875,-15.85992578125,-5.65227734375,-9.3425390625,-10.8607109375,-15.60671875,-10.1600625,-7.5478515625,-10.252,-10.84458203125,-13.09792578125,-5.55760546875,-11.14823828125,-7.97151953125,-9.2666953125,-7.74001171875
-10.5801328125,-9.1319765625,-5.27345703125,-11.99964453125,-14.619265625,-13.15713671875,-6.34169921875,-5.59755859375,-11.4518984375,-17.13308203125,-12.99578515625,-8.153140625,-5.66723828125,-13.3448125,-13.45046875,-14.86792578125,-3.13227734375,-6.8665390625,-8.8067109375,-14.21471875,-9.5660625,-6.5748515625,-8.688,-9.61358203125,-12.06692578125,-4.31460546875,-11.18723828125,-7.82051953125,-9.6276953125,-7.11301171875
-9.0851328125,-7.8749765625,-3.75545703125,-10.50664453125,-12.198265625,-10.80113671875,-4.49869921875,-4.57855859375,-8.4258984375,-14.69308203125,-10.64278515625,-7.460140625,-2.78723828125,-11.4098125,-11.43546875,-14.05392578125,-0.98627734375,-4.8215390625,-7.2007109375,-13.05571875,-9.0660625,-6.3278515625,-7.964,-9.00758203125,-11.19592578125,-3.30360546875,-11.75323828125,-8.42951953125,-10.2926953125,-6.84801171875
-7.8351328125,-6.9009765625,-2.59345703125,-9.58664453125,-10.038265625,-8.82413671875,-2.85369921875,-3.92455859375,-5.8488984375,-12.40408203125,-8.59178515625,-7.049140625,-2.26623828125,-9.9348125,-10.00346875,-13.76792578125,0.12372265625,-3.8045390625,-6.4847109375,-12.56171875,-8.9020625,-7.0468515625,-8.446,-9.36458203125,-10.86792578125,-2.84360546875,-13.13823828125,-9.89151953125,-11.3726953125,-7.09901171875
-7.0091328125,-6.3339765625,-2.15645703125,-9.22464453125,-8.568265625,-7.54613671875,-1.56969921875,-3.71055859375,-4.3968984375,-10.73708203125,-7.28978515625,-7.070140625,-4.04323828125,-9.2388125,-9.42646875,-14.17992578125,-0.16227734375,-4.0755390625,-6.8157109375,-12.93271875,-9.1840625,-8.4918515625,-10.034,-10.62758203125,-11.26592578125,-3.04460546875,-15.22723828125,-11.79151953125,-12.7026953125,-7.77401171875
-6.5951328125,-6.1419765625,-2.61545703125,-9.11764453125,-7.950265625,-7.01013671875,-0.536699218750001,-3.89155859375,-4.4328984375,-9.93308203125,-6.87978515625,-7.563140625,-7.26723828125,-9.4218125,-9.70846875,-15.25692578125,-1.69427734375,-5.4965390625,-8.1037109375,-14.13871875,-9.8890625,-10.1038515625,-12.288,-12.46558203125,-12.36992578125,-3.84760546875,-17.60723828125,-13.45051953125,-13.9586953125,-8.65401171875
-6.4341328125,-6.1899765625,-3.88345703125,-8.90264453125,-8.060265625,-7.04113671875,0.439300781249999,-4.37155859375,-5.7908984375,-9.98208203125,-7.23778515625,-8.442140625,-10.66223828125,-10.3778125,-10.67346875,-16.80692578125,-3.87127734375,-7.6255390625,-10.1117109375,-15.99471875,-10.9140625,-11.2858515625,-14.667,-14.50458203125,-14.01092578125,-5.11960546875,-19.79223828125,-14.26951953125,-14.8296953125,-9.55901171875
-6.3611328125,-6.3559765625,-5.63345703125,-8.35564453125,-8.612265625,-7.39913671875,1.38930078125,-5.04555859375,-7.7898984375,-10.69708203125,-8.12378515625,-9.516140625,-13.08023828125,-11.8638125,-12.11046875,-18.57992578125,-5.95527734375,-9.9165390625,-12.5827109375,-18.26071875,-12.1470625,-11.6938515625,-16.764,-16.51258203125,-15.96692578125,-6.72760546875,-21.43523828125,-13.97451953125,-15.1576953125,-10.43001171875
-6.3281328125,-6.6189765625,-7.36645703125,-7.45964453125,-9.319265625,-7.90713671875,2.08430078125,-5.78455859375,-9.5308984375,-11.82208203125,-9.31878515625,-10.524140625,-14.00623828125,-13.5928125,-13.86446875,-20.33892578125,-7.43627734375,-11.9145390625,-15.2927109375,-20.69271875,-13.4960625,-11.3568515625,-18.398,-18.43858203125,-18.02592578125,-8.53060546875,-22.42223828125,-12.66551953125,-14.9686953125,-11.29801171875
-6.4091328125,-7.0209765625,-8.51445703125,-6.36464453125,-9.976265625,-8.47213671875,2.16130078125,-6.39555859375,-10.3128984375,-13.07808203125,-10.65578515625,-11.170140625,-13.73623828125,-15.2648125,-15.80846875,-21.88292578125,-8.19227734375,-13.3455390625,-18.0207109375,-23.03771875,-14.8470625,-10.5868515625,-19.56,-20.29058203125,-19.98592578125,-10.31960546875,-22.81423828125,-10.67751953125,-14.3836953125,-12.16201171875
-6.6891328125,-7.5629765625,-8.62145703125,-5.29164453125,-10.435265625,-9.02013671875,1.39630078125,-6.63855859375,-9.9018984375,-14.15508203125,-11.95578515625,-11.187140625,-13.06423828125,-16.5738125,-17.74946875,-23.03092578125,-8.39627734375,-14.1025390625,-20.4767109375,-24.98471875,-16.0180625,-9.7628515625,-20.277,-21.98158203125,-21.61192578125,-11.80160546875,-22.71423828125,-8.39551953125,-13.5096953125,-12.90101171875
-7.1191328125,-8.0929765625,-7.53245703125,-4.42064453125,-10.544265625,-9.41913671875,-0.0516992187500005,-6.30755859375,-8.5168984375,-14.71808203125,-12.96778515625,-10.425140625,-12.68623828125,-17.2128125,-19.36246875,-23.60592578125,-8.31327734375,-14.1845390625,-22.2837109375,-26.17571875,-16.7810625,-9.1478515625,-20.507,-23.25258203125,-22.63492578125,-12.68560546875,-22.16823828125,-6.13751953125,-12.4106953125,-13.31801171875
-7.4391328125,-8.3159765625,-5.47645703125,-3.80964453125,-10.113265625,-9.44113671875,-1.55669921875,-5.30255859375,-6.5978984375,-14.45708203125,-13.35978515625,-8.928140625,-12.70223828125,-16.9238125,-20.22046875,-23.42792578125,-8.15227734375,-13.6455390625,-23.0377109375,-26.26571875,-16.9170625,-8.8158515625,-20.136,-23.71858203125,-22.79492578125,-12.80560546875,-21.14823828125,-4.11651953125,-11.1416953125,-13.25401171875
-7.2471328125,-7.8959765625,-2.98245703125,-3.36164453125,-8.954265625,-8.79213671875,-2.20769921875,-3.66955859375,-4.5438984375,-13.16308203125,-12.78378515625,-6.915140625,-12.53023828125,-15.5738125,-19.90446875,-22.34392578125,-8.00127734375,-12.5665390625,-22.4127109375,-24.99771875,-16.2600625,-8.6618515625,-19.013,-22.98858203125,-21.88592578125,-12.16360546875,-19.56223828125,-2.44051953125,-9.7596953125,-12.64801171875
-6.1841328125,-6.6219765625,-0.67145703125,-2.87764453125,-6.966265625,-7.23913671875,-1.21669921875,-1.62055859375,-2.5868984375,-10.79908203125,-11.00878515625,-4.704140625,-11.29423828125,-13.2128125,-18.16246875,-20.29692578125,-7.80227734375,-11.0425390625,-20.2687109375,-22.27271875,-14.7230625,-8.4468515625,-17.016,-20.78758203125,-19.79292578125,-10.87660546875,-17.29423828125,-1.09951953125,-8.2646953125,-11.50701171875
-4.1791328125,-4.5499765625,0.967542968750001,-2.16564453125,-4.260265625,-4.78613671875,1.59830078125,0.468441406249999,-0.824898437500002,-7.56808203125,-8.08278515625,-2.634140625,-8.40623828125,-10.1068125,-15.05146875,-17.41892578125,-7.39327734375,-9.1845390625,-16.7437109375,-18.23671875,-12.3410625,-7.8798515625,-14.128,-17.08458203125,-16.53992578125,-9.09460546875,-14.25923828125,0.0234804687500008,-6.5566953125,-9.84401171875
-1.5911328125,-2.0739765625,1.69354296875,-1.16464453125,-1.240265625,-1.79913671875,5.56030078125,2.09744140625,0.665101562499999,-3.94808203125,-4.45078515625,-1.028140625,-4.00423828125,-6.7318125,-11.02646875,-14.08992578125,-6.62627734375,-7.1545390625,-12.3107109375,-13.34871875,-9.3260625,-6.7458515625,-10.528,-12.18858203125,-12.36792578125,-6.97160546875,-10.50523828125,1.09948046875,-4.4866953125,-7.67301171875
0.8328671875,0.1300234375,1.48654296875,-0.0226445312500001,1.420734375,1.00386328125,9.28330078125,2.72844140625,1.7341015625,-0.662082031249998,-0.93378515625,-0.185140624999999,1.00676171875,-3.7168125,-6.89746875,-10.91192578125,-5.51927734375,-5.2085390625,-7.7437109375,-8.38471875,-6.1050625,-5.0458515625,-6.643,-6.77758203125,-7.78392578125,-4.70260546875,-6.30823828125,2.25948046875,-2.0106953125,-5.07201171875
2.2198671875,1.3130234375,0.432542968750001,0.883355468749999,2.949734375,2.74286328125,11.21730078125,1.91644140625,2.1471015625,1.47791796875,1.47721484375,-0.349140624999999,5.27476171875,-1.7318125,-3.64346875,-8.56992578125,-4.35927734375,-3.6815390625,-3.9687109375,-4.29771875,-3.2660625,-3.0418515625,-3.102,-1.79758203125,-3.51092578125,-2.55860546875,-2.19623828125,3.50048046875,0.675304687499999,-2.27801171875
1.9228671875,0.9410234375,-1.34345703125,1.06235546875,2.731734375,2.68586328125,10.34530078125,-0.489558593750001,1.6861015625,1.80091796875,1.96821484375,-1.613140625,7.46576171875,-1.2918125,-2.11346875,-7.62192578125,-3.65427734375,-2.8805390625,-1.7967109375,-1.93971875,-1.4000625,-1.1888515625,-0.562999999999999,1.76641796875,-0.317925781249999,-0.871605468749999,1.13976171875,4.66048046875,3.1193046875,0.293988281249999
-0.188132812499999,-1.0559765625,-3.63845703125,0.122355468749999,0.571734375,0.562863281250001,6.70230078125,-4.14655859375,0.290101562499999,0.03391796875,0.235214843750001,-3.804140625,6.67076171875,-2.5708125,-2.73846875,-8.28092578125,-3.89027734375,-2.9325390625,-1.6587109375,-1.78071875,-0.878062499999999,0.0331484374999995,0.505000000000001,3.19141796875,1.21607421875,0.0723945312500014,3.04276171875,5.45248046875,4.7473046875,2.13898828125
-3.6561328125,-4.2239765625,-6.08345703125,-2.01464453125,-3.186265625,-3.28513671875,1.39030078125,-8.19655859375,-1.8688984375,-3.56708203125,-3.37178515625,-6.454140625,2.67776171875,-5.2968125,-5.37646875,-10.32892578125,-5.20527734375,-3.7005390625,-3.4467109375,-3.73771875,-1.6860625,0.2831484375,-0.0149999999999988,2.26441796875,0.893074218750002,0.155394531250002,3.10876171875,5.56448046875,5.0973046875,2.83798828125
-7.6061328125,-7.7469765625,-8.17445703125,-5.04364453125,-7.738265625,-7.99013671875,-3.93769921875,-11.53955859375,-4.4148984375,-8.25208203125,-7.96478515625,-8.925140625,-3.89023828125,-8.8218125,-9.38246875,-13.19792578125,-7.19627734375,-4.8565390625,-6.5547109375,-7.20271875,-3.4220625,-0.5158515625,-1.863,-0.628582031250003,-1.03792578125,-0.504605468749999,1.34476171875,4.76348046875,4.0113046875,2.22798828125
-11.0661328125,-10.7559765625,-9.43945703125,-8.37164453125,-12.075265625,-12.47313671875,-7.84269921875,-13.29255859375,-6.8778984375,-12.99208203125,-12.44878515625,-10.660140625,-11.58123828125,-12.3238125,-13.83246875,-16.18892578125,-9.04627734375,-6.0475390625,-10.0837109375,-11.25071875,-5.4890625,-2.1538515625,-4.507,-4.62558203125,-3.97192578125,-1.61060546875,-1.82323828125,2.98948046875,1.7123046875,0.480988281249999
-13.2971328125,-12.6399765625,-9.65845703125,-11.31764453125,-15.308265625,-15.81113671875,-9.65669921875,-13.15655859375,-8.8118984375,-16.79108203125,-15.88578515625,-11.409140625,-18.37723828125,-15.0818125,-17.81346875,-18.70292578125,-9.96227734375,-7.0575390625,-13.1487109375,-14.93671875,-7.3530625,-4.2008515625,-7.342,-8.68258203125,-7.16192578125,-2.82660546875,-5.68823828125,0.369480468750001,-1.3026953125,-1.96701171875
-14.0151328125,-13.2189765625,-8.95245703125,-13.31864453125,-16.944265625,-17.51013671875,-9.58469921875,-11.49755859375,-9.9258984375,-18.99108203125,-17.76678515625,-11.313140625,-22.29723828125,-16.6998125,-20.65946875,-20.38592578125,-9.64727734375,-7.8755390625,-15.1557109375,-17.56571875,-8.7380625,-6.1748515625,-9.886,-11.91558203125,-9.97092578125,-3.92360546875,-9.49723828125,-2.82051953125,-4.4716953125,-4.59001171875
-13.4161328125,-12.7369765625,-7.73745703125,-14.09064453125,-16.991265625,-17.59513671875,-8.40269921875,-9.14955859375,-10.1948984375,-19.44508203125,-18.06178515625,-10.791140625,-22.22423828125,-17.1908125,-22.07546875,-21.15592578125,-8.47127734375,-8.6315390625,-15.9527109375,-18.84571875,-9.6390625,-7.7388515625,-11.891,-13.85458203125,-12.02692578125,-4.83460546875,-12.68123828125,-6.25951953125,-7.3766953125,-6.95901171875
-12.0161328125,-11.6759765625,-6.58045703125,-13.70664453125,-15.871265625,-16.50213671875,-7.00269921875,-7.05255859375,-9.8748984375,-18.48808203125,-17.10078515625,-10.327140625,-18.56023828125,-16.8858125,-22.12746875,-21.12392578125,-7.21727734375,-9.4675390625,-15.7847109375,-18.87671875,-10.1900625,-8.8198515625,-13.342,-14.51558203125,-13.25392578125,-5.61360546875,-14.97523828125,-9.64051953125,-9.8236953125,-8.84701171875
-10.3931328125,-10.5109765625,-6.00645703125,-12.53564453125,-14.203265625,-14.85413671875,-6.01669921875,-5.88255859375,-9.3728984375,-16.73408203125,-15.35578515625,-10.245140625,-13.20123828125,-16.2168125,-21.13946875,-20.49392578125,-6.60227734375,-10.4165390625,-15.1097109375,-18.04171875,-10.4940625,-9.5788515625,-14.365,-14.28358203125,-13.77892578125,-6.31960546875,-16.42123828125,-12.67651953125,-11.7976953125,-10.22101171875
-8.9581328125,-9.5259765625,-6.30245703125,-11.04864453125,-12.558265625,-13.21913671875,-5.64769921875,-5.79855859375,-9.0288984375,-14.82008203125,-13.27078515625,-10.577140625,-8.66023828125,-15.5128125,-19.54946875,-19.47992578125,-6.89927734375,-11.3595390625,-14.3787109375,-16.82571875,-10.5470625,-10.2388515625,-15.104,-13.69058203125,-13.81692578125,-6.92660546875,-17.25323828125,-15.04951953125,-13.3216953125,-11.14201171875
-7.8631328125,-8.7559765625,-7.38545703125,-9.59164453125,-11.289265625,-11.94013671875,-5.71769921875,-6.42955859375,-8.9818984375,-13.18708203125,-11.16678515625,-11.080140625,-6.75423828125,-14.8948125,-17.76946875,-18.27092578125,-7.84427734375,-12.0895390625,-13.8687109375,-15.65771875,-10.2640625,-10.8648515625,-15.618,-13.17458203125,-13.56092578125,-7.27960546875,-17.72923828125,-16.38451953125,-14.3326953125,-11.65101171875
-7.0561328125,-8.0589765625,-8.81145703125,-8.27664453125,-10.473265625,-11.07913671875,-5.86669921875,-7.11055859375,-9.1788984375,-11.98608203125,-9.24578515625,-11.378140625,-7.69523828125,-14.3138125,-16.07746875,-17.01092578125,-8.82627734375,-12.4205390625,-13.6187109375,-14.78571875,-9.5790625,-11.2498515625,-15.855,-12.92758203125,-13.12892578125,-7.15660546875,-17.99023828125,-16.32651953125,-14.6526953125,-11.71601171875
-6.4081328125,-7.2639765625,-9.93245703125,-7.03064453125,-9.963265625,-10.47313671875,-5.74369921875,-7.22555859375,-9.4478984375,-11.10808203125,-7.62478515625,-11.161140625,-10.15823828125,-13.6578125,-14.59046875,-15.79792578125,-9.20027734375,-12.2735390625,-13.5027109375,-14.25071875,-8.5480625,-11.0208515625,-15.693,-12.88958203125,-12.57392578125,-6.40360546875,-18.02923828125,-14.70851953125,-14.0986953125,-11.26601171875
-5.8321328125,-6.3169765625,-10.15845703125,-5.74164453125,-9.509265625,-9.86013671875,-5.13369921875,-6.49255859375,-9.5508984375,-10.32308203125,-6.38078515625,-10.360140625,-12.22523828125,-12.8408125,-13.29846875,-14.67992578125,-8.59127734375,-11.6925390625,-13.3537109375,-13.93771875,-7.3830625,-9.8988515625,-15.035,-12.86258203125,-11.92692578125,-5.06560546875,-17.74623828125,-11.70451953125,-12.6486953125,-10.27201171875
-5.3451328125,-5.3369765625,-9.20645703125,-4.40364453125,-8.905265625,-9.03213671875,-4.00769921875,-5.07755859375,-9.2308984375,-9.43908203125,-5.57478515625,-9.196140625,-12.52223828125,-11.8448125,-12.14846875,-13.67292578125,-7.06027734375,-10.7925390625,-13.0757109375,-13.67971875,-6.3740625,-7.8998515625,-13.87,-12.65458203125,-11.23492578125,-3.42160546875,-17.03723828125,-7.84051953125,-10.5126953125,-8.81401171875
-5.0651328125,-4.5779765625,-7.24545703125,-3.15264453125,-8.095265625,-7.97013671875,-2.55069921875,-3.52255859375,-8.2898984375,-8.43008203125,-5.24378515625,-8.097140625,-10.81523828125,-10.7138125,-11.12746875,-12.77692578125,-5.08127734375,-9.6765390625,-12.6847109375,-13.34271875,-5.7600625,-5.3588515625,-12.283,-12.16658203125,-10.53492578125,-1.87660546875,-15.84723828125,-3.81851953125,-8.0466953125,-7.05701171875
-5.1351328125,-4.2979765625,-4.86145703125,-2.19564453125,-7.196265625,-6.88113671875,-1.12669921875,-2.51155859375,-6.7008984375,-7.45608203125,-5.37978515625,-7.516140625,-7.85323828125,-9.5318125,-10.28546875,-11.98792578125,-3.34227734375,-8.3885390625,-12.2607109375,-12.86371875,-5.6050625,-2.7638515625,-10.419,-11.39558203125,-9.81592578125,-0.771605468749999,-14.17823828125,-0.25151953125,-5.5796953125,-5.18201171875
-5.6081328125,-4.6149765625,-2.82945703125,-1.65864453125,-6.428265625,-6.08213671875,-0.163699218750001,-2.54155859375,-4.6498984375,-6.77708203125,-5.88778515625,-7.705140625,-4.73123828125,-8.3828125,-9.71546875,-11.28092578125,-2.43827734375,-6.9115390625,-11.8767109375,-12.25271875,-5.7610625,-0.5678515625,-8.441,-10.38158203125,-9.00592578125,-0.218605468749999,-12.07423828125,2.55648046875,-3.2826953125,-3.31201171875
-6.3591328125,-5.4169765625,-1.79545703125,-1.47264453125,-5.978265625,-5.80313671875,0.0163007812499991,-3.67655859375,-2.4868984375,-6.60408203125,-6.56478515625,-8.567140625,-2.29623828125,-7.3148125,-9.46946875,-10.57492578125,-2.59427734375,-5.2145390625,-11.5217109375,-11.54371875,-5.9330625,0.944148437500001,-6.494,-9.15358203125,-7.98392578125,-0.0556054687499987,-9.61623828125,4.63548046875,-1.1586953125,-1.48301171875
-7.1081328125,-6.3929765625,-2.03045703125,-1.39964453125,-5.904265625,-6.05213671875,-0.66569921875,-5.52555859375,-0.637898437500002,-6.96208203125,-7.13678515625,-9.666140625,-0.889238281249999,-6.3228125,-9.50246875,-9.73292578125,-3.57227734375,-3.3325390625,-11.0777109375,-10.72971875,-5.8090625,1.6771484375,-4.685,-7.69858203125,-6.63092578125,0.0443945312500009,-6.90523828125,6.22148046875,0.8783046875,0.323988281249999
-7.5431328125,-7.1589765625,-3.34545703125,-1.15564453125,-6.102265625,-6.61413671875,-1.97969921875,-7.43855859375,0.484101562499998,-7.64908203125,-7.35478515625,-10.414140625,-0.45723828125,-5.3748125,-9.65846875,-8.61792578125,-4.84727734375,-1.4415390625,-10.3647109375,-9.74171875,-5.1930625,1.6971484375,-3.061,-5.99058203125,-4.89292578125,0.380394531250001,-4.06023828125,7.55248046875,2.8963046875,2.12298828125
-7.4811328125,-7.4229765625,-5.21045703125,-0.548644531250002,-6.375265625,-7.18713671875,-3.40869921875,-8.79055859375,0.570101562499998,-8.31808203125,-7.09478515625,-10.343140625,-0.829238281249999,-4.4578125,-9.72246875,-7.17592578125,-5.93527734375,0.145460937500001,-9.2457109375,-8.48071875,-4.0960625,1.1871484375,-1.616,-4.03658203125,-2.82992578125,1.05739453125,-1.21023828125,8.75348046875,4.8753046875,3.87798828125
-6.9421328125,-7.1039765625,-6.99145703125,0.433355468749999,-6.537265625,-7.53113671875,-4.29769921875,-9.18255859375,-0.452898437500002,-8.64208203125,-6.41478515625,-9.317140625,-1.91323828125,-3.6148125,-9.50646875,-5.48892578125,-6.67427734375,1.0754609375,-7.7177109375,-6.91071875,-2.7420625,0.4011484375,-0.306999999999999,-1.92158203125,-0.64292578125,1.93039453125,1.50376171875,9.82848046875,6.6913046875,5.48198828125
-6.1351328125,-6.3569765625,-8.20745703125,1.59735546875,-6.503265625,-7.57413671875,-4.10269921875,-8.56255859375,-2.3108984375,-8.46408203125,-5.53178515625,-7.603140625,-3.64923828125,-2.9408125,-8.93046875,-3.77892578125,-7.24927734375,1.1274609375,-5.9447109375,-5.13371875,-1.4810625,-0.3878515625,0.907000000000002,0.186417968749998,1.35507421875,2.69139453125,3.92576171875,10.71048046875,8.1593046875,6.76298828125
-5.3451328125,-5.5059765625,-8.67945703125,2.59835546875,-6.313265625,-7.41513671875,-2.67169921875,-7.23155859375,-4.3978984375,-7.85308203125,-4.72578515625,-5.768140625,-5.79923828125,-2.5508125,-8.06646875,-2.35292578125,-7.94827734375,0.3524609375,-4.1947109375,-3.40271875,-0.664062499999998,-0.9618515625,2.013,2.07341796875,2.82107421875,3.02739453125,5.89276171875,11.28848046875,9.0903046875,7.51998828125
-4.8251328125,-4.9109765625,-8.51645703125,3.07235546875,-6.093265625,-7.24913671875,-0.37469921875,-5.72955859375,-5.9658984375,-7.05208203125,-4.22278515625,-4.459140625,-7.82623828125,-2.5308125,-7.12546875,-1.49292578125,-8.84027734375,-0.9295390625,-2.7687109375,-2.04571875,-0.526062499999998,-1.2448515625,2.896,3.52141796875,3.47907421875,2.75439453125,7.21876171875,11.38648046875,9.3333046875,7.56898828125
-4.7091328125,-4.8319765625,-8.00145703125,2.79735546875,-5.992265625,-7.24313671875,2.00730078125,-4.60355859375,-6.4528984375,-6.37108203125,-4.10778515625,-4.167140625,-9.06623828125,-2.9048125,-6.37246875,-1.34292578125,-9.66527734375,-2.2825390625,-1.9217109375,-1.36871875,-1.1290625,-1.3568515625,3.333,4.33641796875,3.19707421875,1.86839453125,7.69776171875,10.75748046875,8.7833046875,6.80698828125
-4.9921328125,-5.3329765625,-7.45345703125,1.79135546875,-6.120265625,-7.45413671875,3.59130078125,-4.20655859375,-5.7568984375,-6.06108203125,-4.31878515625,-5.054140625,-9.11523828125,-3.6278125,-6.03846875,-1.85992578125,-10.06127734375,-3.3605390625,-1.8247109375,-1.55271875,-2.3700625,-1.5828515625,3.059,4.36641796875,2.01907421875,0.531394531250001,7.13776171875,9.15648046875,7.3973046875,5.26298828125
-5.5621328125,-6.2649765625,-7.13245703125,0.28235546875,-6.486265625,-7.80913671875,3.74630078125,-4.60755859375,-4.3018984375,-6.22008203125,-4.71578515625,-6.902140625,-8.14723828125,-4.5748125,-6.23146875,-2.84192578125,-9.95227734375,-4.0315390625,-2.5157109375,-2.60171875,-4.0190625,-2.2458515625,1.898,3.53241796875,0.16107421875,-0.993605468749998,5.45176171875,6.47348046875,5.2293046875,3.11698828125
-6.2471328125,-7.3359765625,-7.16845703125,-1.40164453125,-6.983265625,-8.15313671875,2.31530078125,-5.63855859375,-2.8498984375,-6.76308203125,-5.17078515625,-9.184140625,-6.88123828125,-5.5608125,-6.90446875,-4.01492578125,-9.68727734375,-4.3725390625,-3.8747109375,-4.32771875,-5.7630625,-3.5578515625,-0.119999999999999,1.88041796875,-2.04092578125,-2.40860546875,2.76376171875,2.85448046875,2.4653046875,0.661988281249999
-6.8751328125,-8.2369765625,-7.51445703125,-2.94564453125,-7.418265625,-8.31413671875,-0.33269921875,-6.97055859375,-2.1528984375,-7.46508203125,-5.61078515625,-11.247140625,-6.26523828125,-6.3758125,-7.87246875,-5.11592578125,-9.78227734375,-4.5755390625,-5.6267109375,-6.39071875,-7.2460625,-5.5238515625,-2.733,-0.380582031250002,-4.20992578125,-3.44060546875,-0.552238281250002,-1.27451953125,-0.5856953125,-1.77501171875
-7.2971328125,-8.7499765625,-7.94145703125,-4.11764453125,-7.592265625,-8.16113671875,-3.43069921875,-8.20555859375,-2.6358984375,-8.04308203125,-5.98478515625,-12.539140625,-7.04923828125,-6.8448125,-8.84846875,-5.92992578125,-10.45027734375,-4.8295390625,-7.3797109375,-8.35171875,-8.1490625,-7.9018515625,-5.497,-2.87658203125,-6.01092578125,-3.90860546875,-3.92323828125,-5.29651953125,-3.5386953125,-3.89301171875
-7.3901328125,-8.7699765625,-8.13445703125,-4.80064453125,-7.349265625,-7.61813671875,-6.02569921875,-8.97355859375,-4.2218984375,-8.20508203125,-6.17978515625,-12.771140625,-9.41223828125,-6.8548125,-9.48846875,-6.28392578125,-11.35227734375,-5.2245390625,-8.6957109375,-9.74671875,-8.2640625,-10.2408515625,-7.899,-5.12058203125,-7.20692578125,-3.75460546875,-6.73123828125,-8.56251953125,-6.0046953125,-5.45801171875
-7.0361328125,-8.2639765625,-7.81745703125,-4.95364453125,-6.589265625,-6.62713671875,-7.22069921875,-9.02655859375,-6.3388984375,-7.66908203125,-5.96078515625,-11.958140625,-12.73323828125,-6.3598125,-9.43446875,-6.04292578125,-11.80427734375,-5.7095390625,-9.1817109375,-10.18971875,-7.5670625,-11.9778515625,-9.481,-6.64058203125,-7.67792578125,-3.04560546875,-8.50223828125,-10.56551953125,-7.6676953125,-6.32201171875
-6.1201328125,-7.2179765625,-6.84945703125,-4.57264453125,-5.246265625,-5.11113671875,-6.41869921875,-8.28555859375,-8.0958984375,-6.20308203125,-5.01478515625,-10.342140625,-15.65123828125,-5.3558125,-8.40546875,-5.13392578125,-11.25627734375,-6.1085390625,-8.5997109375,-9.50171875,-6.2270625,-12.6148515625,-9.966,-7.13258203125,-7.44992578125,-1.95760546875,-9.05623828125,-11.07851953125,-8.3576953125,-6.45001171875
-4.5981328125,-5.6569765625,-5.25045703125,-3.67564453125,-3.316265625,-2.99213671875,-3.52769921875,-6.84555859375,-8.6108984375,-3.72008203125,-3.10778515625,-8.271140625,-16.54723828125,-3.8998125,-6.31046875,-3.59492578125,-9.66227734375,-6.2035390625,-6.9637109375,-7.80571875,-4.5510625,-11.9198515625,-9.331,-6.56258203125,-6.69692578125,-0.720605468749999,-8.54223828125,-10.19951953125,-8.0966953125,-5.93801171875
-2.5781328125,-3.7169765625,-3.20545703125,-2.32764453125,-0.916265625000001,-0.292136718749999,0.91930078125,-4.96355859375,-7.3868984375,-0.386082031249998,-0.268785156250001,-6.109140625,-14.38423828125,-2.1308125,-3.33646875,-1.59992578125,-7.47027734375,-5.8435390625,-4.5567109375,-5.50771875,-2.8790625,-10.0428515625,-7.815,-5.16658203125,-5.69292578125,0.443394531250001,-7.33523828125,-8.28251953125,-7.0676953125,-4.98901171875
-0.3341328125,-1.6659765625,-1.04545703125,-0.664644531250001,1.693734375,2.76686328125,5.86230078125,-3.01055859375,-4.5838984375,3.35291796875,3.13021484375,-4.171140625,-9.44323828125,-0.268812499999999,0.0675312500000018,0.558074218749999,-5.28827734375,-5.0275390625,-1.8497109375,-3.13871875,-1.4710625,-7.5058515625,-5.824,-3.33858203125,-4.70292578125,1.37939453125,-5.84323828125,-5.80851953125,-5.5376953125,-3.83701171875
1.7698671875,0.1660234375,0.817542968750001,1.14135546875,4.176734375,5.78186328125,10.03930078125,-1.34655859375,-0.981898437500002,6.87791796875,6.47021484375,-2.678140625,-3.40423828125,1.4351875,3.32253125,2.55107421875,-3.55827734375,-3.9195390625,0.653289062499999,-1.15871875,-0.455062499999999,-5.0238515625,-3.818,-1.48858203125,-3.87992578125,2.03139453125,-4.37223828125,-3.23751953125,-3.7876953125,-2.66101171875
3.4148671875,1.5160234375,2.02354296875,2.92335546875,6.233734375,8.29586328125,12.42930078125,-0.167558593750001,2.3501015625,9.60591796875,9.12221484375,-1.733140625,1.36876171875,2.7871875,5.91453125,4.11107421875,-2.47427734375,-2.7725390625,2.5602890625,0.187281249999998,0.169937500000001,-3.2588515625,-2.181,0.0724179687499973,-3.22892578125,2.43739453125,-3.08123828125,-0.92151953125,-2.0776953125,-1.54501171875
4.4248671875,2.2820234375,2.43154296875,4.52335546875,7.705734375,9.96986328125,12.61930078125,0.548441406249999,4.5341015625,11.20091796875,10.69421484375,-1.300140625,2.99076171875,3.7101875,7.53453125,5.09807421875,-2.10427734375,-1.8175390625,3.6902890625,0.900281249999999,0.494937500000001,-2.5728515625,-1.131,1.18041796875,-2.64092578125,2.68139453125,-2.01823828125,0.941480468750001,-0.628695312500001,-0.487011718750001
4.7978671875,2.5420234375,2.17854296875,5.76735546875,8.589734375,10.69086328125,10.95430078125,0.970441406249998,5.2451015625,11.67391796875,11.15421484375,-1.227140625,0.997761718750001,4.2671875,8.12653125,5.52207421875,-2.43827734375,-1.1515390625,4.0922890625,1.17328125,0.6689375,-2.8908515625,-0.655999999999999,1.82341796875,-1.96292578125,2.85439453125,-1.16223828125,2.31348046875,0.4173046875,0.562988281249999
4.6778671875,2.4860234375,1.61854296875,6.51235546875,8.972734375,10.57186328125,8.37730078125,1.27444140625,4.8091015625,11.31591796875,10.78821484375,-1.303140625,-3.43223828125,4.6221875,7.84553125,5.51907421875,-3.29027734375,-0.707539062499999,3.9872890625,1.28728125,0.874937500000001,-3.7448515625,-0.536999999999999,2.10241796875,-1.07292578125,3.03339453125,-0.447238281250002,3.28348046875,1.0363046875,1.67398828125
4.2828671875,2.3130234375,1.13454296875,6.73535546875,8.937734375,9.87586328125,6.01230078125,1.55144140625,3.9691015625,10.50191796875,10.02921484375,-1.346140625,-8.04523828125,4.9641875,6.96053125,5.28807421875,-4.20327734375,-0.316539062499999,3.6442890625,1.47828125,1.2539375,-4.5018515625,-0.462999999999999,2.16741796875,0.05307421875,3.25239453125,0.217761718749999,3.98648046875,1.3293046875,2.89198828125
3.8078671875,2.1280234375,0.96554296875,6.59835546875,8.510734375,8.88386328125,4.65630078125,1.78244140625,3.4731015625,9.51291796875,9.25521484375,-1.292140625,-10.56323828125,5.4101875,5.75053125,5.02107421875,-4.62127734375,0.1724609375,3.2682890625,1.85228125,1.8269375,-4.6488515625,-0.182999999999998,2.15741796875,1.31307421875,3.48339453125,0.906761718749999,4.53548046875,1.4753046875,4.20798828125
3.3598671875,1.9100234375,1.11254296875,6.39935546875,7.700734375,7.78986328125,4.46230078125,1.88244140625,3.6941015625,8.46491796875,8.67421484375,-1.202140625,-9.70623828125,5.9591875,4.45153125,4.84907421875,-4.22427734375,0.795460937500001,2.9582890625,2.36928125,2.4489375,-4.0048515625,0.394000000000002,2.17741796875,2.50807421875,3.64139453125,1.64576171875,4.99348046875,1.6693046875,5.54698828125
2.9568671875,1.5710234375,1.36954296875,6.44635546875,6.568734375,6.67386328125,4.99430078125,1.75944140625,4.5051015625,7.37391796875,8.31321484375,-1.177140625,-5.69723828125,6.5021875,3.23153125,4.82407421875,-3.17727734375,1.4764609375,2.7392890625,2.90428125,2.8689375,-2.7398515625,1.201,2.30941796875,3.42207421875,3.62339453125,2.40576171875,5.41548046875,2.0593046875,6.80098828125
2.5908671875,1.0500234375,1.43054296875,6.88735546875,5.266734375,5.54686328125,5.59830078125,1.38444140625,5.4301015625,6.24491796875,8.08121484375,-1.271140625,-0.0582382812499986,6.8811875,2.18653125,4.90607421875,-2.07627734375,2.0764609375,2.6092890625,3.30728125,2.8429375,-1.2398515625,2.08,2.60741796875,3.89307421875,3.34239453125,3.11076171875,5.89448046875,2.6973046875,7.85998828125
2.2708671875,0.382023437499999,1.02354296875,7.59635546875,3.982734375,4.41986328125,5.80330078125,0.798441406249999,5.9311015625,5.10491796875,7.84821484375,-1.470140625,5.16576171875,6.9281875,1.32753125,4.97007421875,-1.67727734375,2.4454609375,2.5482890625,3.43828125,2.2329375,0.104148437500001,2.861,3.06041796875,3.83407421875,2.75039453125,3.64576171875,6.53148046875,3.4983046875,8.62298828125
1.9948671875,-0.332976562500001,0.0175429687499999,8.18235546875,2.845734375,3.31386328125,5.46730078125,0.0784414062499987,5.6621015625,3.97691796875,7.47821484375,-1.749140625,8.32676171875,6.5021875,0.57753125,4.83707421875,-2.55527734375,2.4494609375,2.5012890625,3.18428125,1.0389375,1.0561484375,3.407,3.54941796875,3.22807421875,1.83639453125,3.86776171875,7.33648046875,4.2483046875,8.98198828125
1.7008671875,-1.0039765625,-1.51545703125,8.15835546875,1.862734375,2.21886328125,4.64630078125,-0.718558593750001,4.5631015625,2.83791796875,6.83721484375,-2.143140625,8.73976171875,5.5071875,-0.206468749999999,4.32207421875,-4.80327734375,1.9874609375,2.3542890625,2.47828125,-0.6040625,1.5711484375,3.625,3.84341796875,2.12007421875,0.631394531250002,3.64876171875,8.14848046875,4.6783046875,8.83498828125
1.2398671875,-1.6319765625,-3.29345703125,7.22735546875,0.925734374999999,1.07586328125,3.38730078125,-1.55255859375,2.8081015625,1.60291796875,5.80721484375,-2.761140625,6.67976171875,3.9241875,-1.16446875,3.31107421875,-7.87327734375,1.0444609375,1.9492890625,1.32728125,-2.4470625,1.7101484375,3.468,3.67341796875,0.624074218750001,-0.771605468749999,2.93076171875,8.66748046875,4.5753046875,8.12898828125
0.4378671875,-2.3149765625,-4.89345703125,5.48135546875,-0.106265625000001,-0.186136718749999,1.64730078125,-2.35655859375,0.697101562499999,0.17891796875,4.32321484375,-3.719140625,2.97876171875,1.8521875,-2.35046875,1.83907421875,-10.68827734375,-0.265539062499998,1.1582890625,-0.15671875,-4.1480625,1.5161484375,2.931,2.87241796875,-1.06192578125,-2.20260546875,1.79676171875,8.61448046875,3.9053046875,6.93998828125
-0.797132812499999,-3.1609765625,-5.86945703125,3.38735546875,-1.290265625,-1.55813671875,-0.58069921875,-3.01555859375,-1.4298984375,-1.43608203125,2.46521484375,-5.008140625,-1.38623828125,-0.458812499999999,-3.65546875,0.148074218749999,-12.08427734375,-1.6965390625,-0.0147109375000021,-1.72971875,-5.3020625,0.9581484375,2.069,1.51041796875,-2.62992578125,-3.42760546875,0.494761718749999,7.88448046875,2.8603046875,5.50998828125
-2.3461328125,-4.1539765625,-5.88945703125,1.57035546875,-2.511265625,-2.86513671875,-3.06269921875,-3.35855859375,-3.2208984375,-3.05508203125,0.52521484375,-6.385140625,-5.43423828125,-2.6268125,-4.79346875,-1.31392578125,-11.35327734375,-2.9515390625,-1.3547109375,-3.01671875,-5.5220625,-0.0178515625000006,1.013,-0.0595820312500024,-3.67792578125,-4.20060546875,-0.59023828125,6.61048046875,1.8003046875,4.21698828125
-3.8361328125,-5.0749765625,-4.85045703125,0.526355468749999,-3.476265625,-3.76313671875,-5.23969921875,-3.19555859375,-4.3578984375,-4.31308203125,-1.01578515625,-7.389140625,-8.16423828125,-4.2278125,-5.37646875,-1.99892578125,-8.53627734375,-3.8165390625,-2.4887109375,-3.59471875,-4.5670625,-1.4098515625,-0.0429999999999993,-1.30658203125,-3.81592578125,-4.34360546875,-1.06123828125,5.07648046875,1.0903046875,3.43498828125
-4.7471328125,-5.5689765625,-2.94345703125,0.40735546875,-3.859265625,-3.88013671875,-6.40369921875,-2.37255859375,-4.6698984375,-4.83708203125,-1.65878515625,-7.519140625,-8.72423828125,-4.9688125,-5.10946875,-1.47992578125,-4.35027734375,-4.2905390625,-3.0547109375,-3.18271875,-2.4860625,-3.0948515625,-0.909999999999998,-1.76358203125,-2.84892578125,-3.83660546875,-0.691238281250001,3.55348046875,0.9103046875,3.35698828125
-4.6691328125,-5.3419765625,-0.653457031249999,0.941355468749999,-3.510265625,-3.04513671875,-6.06169921875,-0.894558593750001,-4.2848984375,-4.47908203125,-1.14878515625,-6.506140625,-6.87823828125,-4.8328125,-3.97646875,0.322074218749998,0.0737226562500002,-4.5895390625,-2.8997109375,-1.81471875,0.311937500000001,-4.8448515625,-1.487,-1.26358203125,-0.928925781249999,-2.86160546875,0.435761718749999,2.17048046875,1.1503046875,3.87298828125
-3.5381328125,-4.3459765625,1.33754296875,1.55135546875,-2.593265625,-1.45813671875,-4.24669921875,0.982441406249999,-3.6578984375,-3.45608203125,0.34521484375,-4.494140625,-3.42023828125,-4.1118125,-2.33046875,3.03107421875,3.50372265625,-5.0155390625,-2.1717109375,0.0982812499999994,3.1589375,-6.3988515625,-1.813,-0.0535820312500022,1.43707421875,-1.73960546875,1.89476171875,0.861480468750001,1.4493046875,4.59998828125
-1.7081328125,-2.8289765625,2.37854296875,1.63935546875,-1.533265625,0.34386328125,-1.55869921875,2.78444140625,-3.3788984375,-2.28808203125,2.24921484375,-2.009140625,-0.0552382812499985,-3.2888125,-0.783468750000001,5.91207421875,4.98472265625,-5.7635390625,-1.2707109375,1.89328125,5.3759375,-7.5688515625,-2.056,1.29341796875,3.54407421875,-0.783605468749998,3.04976171875,-0.564519531249999,1.3563046875,5.04698828125
0.196867187500001,-1.2279765625,2.12154296875,0.92035546875,-0.818265625,1.71086328125,1.07130078125,4.01544140625,-3.8798984375,-1.57308203125,3.80821484375,0.247859375000001,1.37576171875,-2.8538125,0.0335312499999993,8.13007421875,4.24172265625,-6.8125390625,-0.695710937500001,2.89628125,6.5219375,-8.3368515625,-2.466,2.08841796875,4.72207421875,-0.170605468749999,3.26376171875,-2.30251953125,0.5253046875,4.82398828125
1.5388671875,0.00102343749999889,0.704542968750001,-0.401644531250001,-0.780265625,2.15686328125,2.74330078125,4.37444140625,-5.2258984375,-1.73208203125,4.37321484375,1.662859375,-0.108238281249999,-3.1538125,-0.29746875,9.01307421875,1.87772265625,-7.9715390625,-0.888710937500001,2.64228125,6.4939375,-8.8538515625,-3.31,1.75441796875,4.52507421875,0.0933945312500013,2.09776171875,-4.43351953125,-1.1486953125,3.77198828125
1.8908671875,0.5220234375,-1.29745703125,-1.75064453125,-1.493265625,1.51486328125,2.87630078125,3.86544140625,-7.1128984375,-2.85308203125,3.61521484375,1.908859375,-4.04123828125,-4.3098125,-1.85646875,8.22507421875,-0.86727734375,-9.0255390625,-2.1047109375,0.98828125,5.4509375,-9.3368515625,-4.78,-0.0115820312500023,2.82107421875,0.0863945312500016,-0.564238281250001,-6.86351953125,-3.5056953125,1.97198828125
1.1568671875,0.200023437500001,-3.11945703125,-2.50264453125,-2.798265625,-0.0591367187499987,1.33630078125,2.74744140625,-9.0358984375,-4.68708203125,1.58021484375,1.023859375,-8.68923828125,-6.2118125,-4.38746875,5.82207421875,-2.72627734375,-9.8555390625,-4.3557109375,-1.88971875,3.6549375,-9.9228515625,-6.926,-3.17158203125,-0.224925781249999,-0.150605468749998,-4.49723828125,-9.34951953125,-6.2006953125,-0.345011718750001
-0.4331328125,-0.8799765625,-4.13345703125,-2.32464453125,-4.425265625,-2.19213671875,-1.56869921875,1.42844140625,-10.4928984375,-6.79108203125,-1.38178515625,-0.635140624999998,-11.89223828125,-8.5708125,-7.41646875,2.21707421875,-3.03927734375,-10.4785390625,-7.4167109375,-5.58471875,1.3529375,-10.5778515625,-9.622,-7.37858203125,-4.21392578125,-0.677605468749999,-9.21423828125,-11.57851953125,-8.8646953125,-2.92201171875
-2.4181328125,-2.4399765625,-4.09345703125,-1.33664453125,-6.109265625,-4.42313671875,-5.18169921875,0.322441406249999,-11.1528984375,-8.72708203125,-4.73978515625,-2.547140625,-12.10123828125,-11.0198125,-10.40246875,-1.91692578125,-2.00627734375,-11.0025390625,-10.9167109375,-9.57371875,-1.2450625,-11.1508515625,-12.607,-12.08258203125,-8.61492578125,-1.63560546875,-14.11323828125,-13.30251953125,-11.2466953125,-5.56101171875
-4.2551328125,-4.0749765625,-3.20845703125,-0.0426445312500014,-7.630265625,-6.31313671875,-8.64969921875,-0.295558593750001,-10.9198984375,-10.20908203125,-7.90478515625,-4.227140625,-9.09823828125,-13.2128125,-12.88246875,-5.81892578125,-0.42927734375,-11.5485390625,-14.4237109375,-13.32171875,-3.9290625,-11.5008515625,-15.551,-16.65958203125,-12.85992578125,-3.16360546875,-18.62223828125,-14.44351953125,-13.2836953125,-8.14701171875
-5.4711328125,-5.3379765625,-2.01545703125,0.940355468749999,-8.795265625,-7.52113671875,-11.13469921875,-0.368558593750001,-9.9048984375,-11.13508203125,-10.31878515625,-5.374140625,-4.01923828125,-14.8908125,-14.54546875,-8.81192578125,0.79672265625,-12.1585390625,-17.5107109375,-16.34171875,-6.4680625,-11.6298515625,-18.115,-20.53558203125,-16.42792578125,-5.30060546875,-22.30423828125,-15.11551953125,-15.0476953125,-10.59301171875
-5.7911328125,-5.8519765625,-1.09345703125,1.19335546875,-9.413265625,-7.85913671875,-12.05369921875,-0.0205585937500015,-8.3528984375,-11.52708203125,-11.54478515625,-5.891140625,1.24576171875,-15.8908125,-15.25946875,-10.44992578125,1.14472265625,-12.7345390625,-19.7897109375,-18.26271875,-8.6140625,-11.6978515625,-19.987,-23.26258203125,-18.92592578125,-7.92160546875,-24.88623828125,-15.52851953125,-16.6096953125,-12.76001171875
-5.2221328125,-5.4409765625,-0.77245703125,0.677355468749999,-9.348265625,-7.33313671875,-11.29069921875,0.57044140625,-6.6198984375,-11.49108203125,-11.38778515625,-5.830140625,4.88376171875,-16.1508125,-15.07846875,-10.59192578125,0.62572265625,-13.0735390625,-20.9767109375,-18.89371875,-10.1470625,-11.9388515625,-20.921,-24.56158203125,-20.14592578125,-10.71460546875,-26.23723828125,-15.83051953125,-17.9136953125,-14.41301171875
-4.0731328125,-4.2319765625,-1.01245703125,-0.318644531250001,-8.628265625,-6.16813671875,-9.26769921875,1.26044140625,-5.1848984375,-11.19708203125,-9.99778515625,-5.313140625,5.80576171875,-15.7408125,-14.23946875,-9.42292578125,-0.34027734375,-12.9815390625,-20.9607109375,-18.28771875,-10.9330625,-12.5008515625,-20.787,-24.35158203125,-20.08192578125,-13.22960546875,-26.33623828125,-15.98951953125,-18.7366953125,-15.27101171875
-2.8561328125,-2.6389765625,-1.48845703125,-1.38864453125,-7.501265625,-4.77413671875,-6.79969921875,1.94844140625,-4.5938984375,-10.86608203125,-7.88078515625,-4.496140625,3.93676171875,-14.8758125,-13.11446875,-7.39692578125,-1.25527734375,-12.4125390625,-19.8467109375,-16.72471875,-10.9510625,-13.3168515625,-19.612,-22.74358203125,-18.89292578125,-14.98860546875,-25.23023828125,-15.80751953125,-18.7556953125,-15.09801171875
-2.0761328125,-1.2079765625,-1.81645703125,-2.21564453125,-6.367265625,-3.59813671875,-4.73769921875,2.56244140625,-5.2438984375,-10.70508203125,-5.73378515625,-3.531140625,0.178761718750001,-13.8548125,-12.07846875,-5.10592578125,-1.85927734375,-11.5175390625,-17.9237109375,-14.61571875,-10.2980625,-14.0968515625,-17.586,-20.01858203125,-16.83492578125,-15.63060546875,-23.01323828125,-15.05051953125,-17.7036953125,-13.81501171875
-2.0131328125,-0.383976562500001,-1.73545703125,-2.67164453125,-5.612265625,-2.96413671875,-3.58169921875,3.06844140625,-7.1258984375,-10.82308203125,-4.19078515625,-2.533140625,-3.96923828125,-12.9748125,-11.36646875,-3.10692578125,-2.19427734375,-10.5825390625,-15.5997109375,-12.39371875,-9.1550625,-14.4668515625,-15.046,-16.57858203125,-14.20992578125,-15.02960546875,-19.83423828125,-13.61551953125,-15.5346953125,-11.55601171875
-2.6271328125,-0.3499765625,-1.19445703125,-2.82264453125,-5.467265625,-2.97213671875,-3.31669921875,3.47644140625,-9.7438984375,-11.19608203125,-3.61078515625,-1.564140625,-7.06123828125,-12.4458125,-11.02146875,-1.78292578125,-2.41627734375,-9.9035390625,-13.3247109375,-10.41671875,-7.7600625,-14.1748515625,-12.431,-12.89958203125,-11.33992578125,-13.36060546875,-15.94223828125,-11.63551953125,-12.4996953125,-8.66201171875
-3.6431328125,-1.0059765625,-0.33545703125,-2.91664453125,-5.961265625,-3.53613671875,-3.55069921875,3.80844140625,-12.3108984375,-11.71908203125,-4.01778515625,-0.667140624999998,-8.37923828125,-12.3638125,-10.96246875,-1.29192578125,-2.59027734375,-9.6715390625,-11.5147109375,-8.94271875,-6.3830625,-13.2448515625,-10.198,-9.47158203125,-8.56492578125,-11.07260546875,-11.73423828125,-9.46151953125,-9.1186953125,-5.62901171875
-4.7441328125,-2.0779765625,0.570542968750001,-3.30364453125,-6.964265625,-4.49613671875,-3.85169921875,4.05344140625,-14.1098984375,-12.31208203125,-5.17978515625,0.0868593750000013,-8.21823828125,-12.7268125,-11.11846875,-1.59992578125,-2.67527734375,-9.9335390625,-10.4837109375,-8.13871875,-5.3000625,-12.0028515625,-8.731,-6.74958203125,-6.23092578125,-8.76760546875,-7.73523828125,-7.54451953125,-6.0396953125,-3.00001171875
-5.7211328125,-3.2629765625,1.21654296875,-4.28664453125,-8.281265625,-5.70913671875,-4.01969921875,4.16144140625,-14.8008984375,-13.00408203125,-6.76878515625,0.559859375,-7.60023828125,-13.4748125,-11.52946875,-2.54792578125,-2.65327734375,-10.6175390625,-10.3857109375,-8.09971875,-4.7370625,-10.9258515625,-8.244,-5.08458203125,-4.64892578125,-7.02060546875,-4.50823828125,-6.27851953125,-3.8576953125,-1.23301171875
-6.5261328125,-4.3319765625,1.33254296875,-5.93264453125,-9.720265625,-7.07813671875,-4.16669921875,4.05244140625,-14.5288984375,-13.92208203125,-8.48278515625,0.570859375000001,-7.58223828125,-14.5208125,-12.31946875,-3.90792578125,-2.57827734375,-11.5825390625,-11.1837109375,-8.83171875,-4.7920625,-10.3968515625,-8.71,-4.65058203125,-4.01692578125,-6.18260546875,-2.47923828125,-5.85851953125,-2.9246953125,-0.556011718750001
-7.2081328125,-5.1749765625,0.75454296875,-7.95964453125,-11.120265625,-8.52713671875,-4.58769921875,3.61444140625,-13.8048984375,-15.18908203125,-10.09978515625,-0.0231406249999999,-8.61423828125,-15.7538125,-13.58646875,-5.40492578125,-2.51527734375,-12.6385390625,-12.6517109375,-10.20771875,-5.3640625,-10.4738515625,-9.849,-5.37958203125,-4.32592578125,-6.26460546875,-1.78523828125,-6.19151953125,-3.2166953125,-0.883011718750001
-7.8111328125,-5.7899765625,-0.496457031249999,-9.81564453125,-12.345265625,-9.95913671875,-5.51769921875,2.74744140625,-13.2378984375,-16.77508203125,-11.44678515625,-1.216140625,-10.28223828125,-17.0258125,-15.26146875,-6.72992578125,-2.43927734375,-13.5395390625,-14.4207109375,-11.93271875,-6.1700625,-10.8318515625,-11.197,-6.95858203125,-5.33692578125,-6.95060546875,-2.23523828125,-6.91451953125,-4.3486953125,-1.83701171875
-8.3131328125,-6.2389765625,-2.15645703125,-10.90664453125,-13.274265625,-11.21713671875,-6.91069921875,1.45344140625,-13.2578984375,-18.44808203125,-12.37078515625,-2.802140625,-11.55323828125,-18.1558125,-17.06446875,-7.58892578125,-2.24927734375,-14.0275390625,-16.0967109375,-13.60971875,-6.8470625,-10.9258515625,-12.288,-8.93558203125,-6.67492578125,-7.74460546875,-3.42823828125,-7.54551953125,-5.7386953125,-2.91601171875
-8.6451328125,-6.6129765625,-3.75645703125,-10.89264453125,-13.834265625,-12.12313671875,-8.43169921875,-0.0905585937500017,-13.9398984375,-19.84808203125,-12.75878515625,-4.419140625,-11.37223828125,-18.9808125,-18.60946875,-7.81092578125,-1.88727734375,-13.9385390625,-17.4077109375,-14.89871875,-7.1200625,-10.3078515625,-12.858,-10.90758203125,-8.00792578125,-8.19160546875,-4.98323828125,-7.73451953125,-6.8956953125,-3.74501171875
-8.7571328125,-7.0019765625,-4.80645703125,-9.87864453125,-14.044265625,-12.55613671875,-9.65169921875,-1.57455859375,-15.0178984375,-20.65308203125,-12.61478515625,-5.696140625,-9.34423828125,-19.4288125,-19.57846875,-7.43992578125,-1.46527734375,-13.3315390625,-18.2987109375,-15.66871875,-6.9370625,-8.9018515625,-12.984,-12.68058203125,-9.19092578125,-8.05660546875,-6.72123828125,-7.46451953125,-7.6376953125,-4.24301171875
-8.6731328125,-7.4559765625,-5.02745703125,-8.39164453125,-14.016265625,-12.52513671875,-10.29969921875,-2.69355859375,-16.0348984375,-20.71608203125,-12.10078515625,-6.399140625,-6.09423828125,-19.5408125,-19.85046875,-6.74292578125,-1.25827734375,-12.5075390625,-18.8977109375,-16.03771875,-6.4670625,-7.0778515625,-13.028,-14.28858203125,-10.27892578125,-7.40160546875,-8.69123828125,-7.06451953125,-8.1226953125,-4.62101171875
-8.4551328125,-7.9299765625,-4.48045703125,-7.11664453125,-13.869265625,-12.14313671875,-10.33969921875,-3.25655859375,-16.5328984375,-20.08908203125,-11.48678515625,-6.505140625,-3.06823828125,-19.4058125,-19.49346875,-6.07792578125,-1.53227734375,-11.8515390625,-19.3817109375,-16.27071875,-5.9840625,-5.4928515625,-13.429,-15.86558203125,-11.42192578125,-6.52260546875,-11.03523828125,-7.01851953125,-8.6976953125,-5.20401171875
-8.1271328125,-8.2549765625,-3.48845703125,-6.55564453125,-13.617265625,-11.52513671875,-9.85069921875,-3.21455859375,-16.1828984375,-18.94608203125,-11.01878515625,-6.158140625,-1.81423828125,-19.0538125,-18.65946875,-5.72492578125,-2.31827734375,-11.6065390625,-19.8307109375,-16.61071875,-5.7150625,-4.7728515625,-14.447,-17.47858203125,-12.73192578125,-5.80760546875,-13.80023828125,-7.68251953125,-9.6756953125,-6.21501171875
-7.6411328125,-8.1769765625,-2.45545703125,-6.80364453125,-13.121265625,-10.72713671875,-8.89969921875,-2.65155859375,-14.8668984375,-17.46708203125,-10.81178515625,-5.600140625,-3.12223828125,-18.4018125,-17.47646875,-5.78692578125,-3.31327734375,-11.7095390625,-20.1627109375,-17.16571875,-5.7620625,-5.2138515625,-16.016,-19.03858203125,-14.20992578125,-5.57360546875,-16.82123828125,-9.09751953125,-11.1586953125,-7.66401171875
-6.9271328125,-7.4999765625,-1.68745703125,-7.55664453125,-12.176265625,-9.76613671875,-7.55369921875,-1.77455859375,-12.6998984375,-15.77208203125,-10.82478515625,-5.100140625,-6.50523828125,-17.2988125,-16.01546875,-6.21292578125,-3.99827734375,-11.8405390625,-20.1827109375,-17.88071875,-6.1350625,-6.6148515625,-17.767,-20.33058203125,-15.76392578125,-5.97760546875,-19.73723828125,-10.97151953125,-12.9916953125,-9.37401171875
-5.9781328125,-6.2259765625,-1.30145703125,-8.27464453125,-10.684265625,-8.69113671875,-5.97769921875,-0.858558593750002,-10.0248984375,-13.92308203125,-10.91878515625,-4.882140625,-10.32723828125,-15.6448125,-14.32746875,-6.87292578125,-3.92727734375,-11.6075390625,-19.7097109375,-18.60471875,-6.8210625,-8.3578515625,-19.188,-21.12558203125,-17.25792578125,-6.99360546875,-22.09323828125,-12.80551953125,-14.8106953125,-11.07201171875
-4.8831328125,-4.5909765625,-1.21645703125,-8.39764453125,-8.758265625,-7.59513671875,-4.47669921875,-0.116558593750002,-7.3088984375,-11.96908203125,-10.93178515625,-5.038140625,-12.55023828125,-13.4908125,-12.49446875,-7.59692578125,-2.98927734375,-10.7585390625,-18.6787109375,-19.15471875,-7.8020625,-9.6678515625,-19.827,-21.26758203125,-18.55192578125,-8.44460546875,-23.48223828125,-14.06851953125,-16.1726953125,-12.47101171875
-3.7801328125,-2.9509765625,-1.22945703125,-7.54164453125,-6.697265625,-6.57013671875,-3.40469921875,0.41344140625,-4.9748984375,-9.98808203125,-10.73078515625,-5.450140625,-11.73523828125,-11.0648125,-10.64246875,-8.16892578125,-1.49227734375,-9.2945390625,-17.1767109375,-19.35371875,-8.9980625,-9.9418515625,-19.437,-20.70258203125,-19.48292578125,-10.04260546875,-23.64723828125,-14.37751953125,-16.6976953125,-13.33701171875
-2.7771328125,-1.6059765625,-1.15945703125,-5.66264453125,-4.854265625,-5.65913671875,-3.02069921875,0.848441406249998,-3.2338984375,-8.10208203125,-10.23678515625,-5.817140625,-7.77023828125,-8.7118125,-8.91846875,-8.34292578125,-0.00227734375000033,-7.4405390625,-15.4027109375,-19.03971875,-10.1930625,-8.9718515625,-18.035,-19.47158203125,-19.85392578125,-11.43760546875,-22.54023828125,-13.60751953125,-16.1986953125,-13.52901171875
-1.9031328125,-0.672976562500001,-0.95445703125,-3.08264453125,-3.472265625,-4.84813671875,-3.37069921875,1.34644140625,-2.0288984375,-6.46508203125,-9.43678515625,-5.781140625,-1.89023828125,-6.7628125,-7.45146875,-7.91092578125,0.92672265625,-5.5335390625,-13.5827109375,-18.10271875,-11.0410625,-6.9838515625,-15.858,-17.68658203125,-19.46392578125,-12.29360546875,-20.32623828125,-11.91951953125,-14.7356953125,-13.02501171875
-1.1031328125,-0.0719765624999997,-0.69145703125,-0.359644531250002,-2.601265625,-4.07713671875,-4.21769921875,2.01344140625,-1.1398984375,-5.19008203125,-8.36878515625,-5.094140625,3.97476171875,-5.4008125,-6.29546875,-6.78192578125,1.00172265625,-3.8735390625,-11.8847109375,-16.50871875,-11.1550625,-4.5088515625,-13.271,-15.50458203125,-18.17992578125,-12.36360546875,-17.32823828125,-9.66351953125,-12.5746953125,-11.90601171875
-0.269132812500001,0.4100234375,-0.45745703125,1.95035546875,-2.077265625,-3.24413671875,-5.05269921875,2.89344140625,-0.365898437500002,-4.25308203125,-7.05878515625,-3.711140625,8.08076171875,-4.5728125,-5.37546875,-4.99192578125,0.28172265625,-2.6045390625,-10.3407109375,-14.29571875,-10.2320625,-2.1288515625,-10.621,-13.06058203125,-15.97492578125,-11.55160546875,-13.91123828125,-7.20451953125,-10.0606953125,-10.29001171875
0.708867187499999,1.0210234375,-0.24445703125,3.47635546875,-1.591265625,-2.21713671875,-5.21269921875,3.98744140625,0.366101562499999,-3.42708203125,-5.48178515625,-1.779140625,9.49076171875,-3.9828125,-4.45846875,-2.66192578125,-0.90127734375,-1.6455390625,-8.7967109375,-11.51771875,-8.1650625,-0.234851562499999,-8.101,-10.39358203125,-12.92792578125,-9.90960546875,-10.34023828125,-4.75651953125,-7.4496953125,-8.26901171875
1.8848671875,1.9190234375,0.0705429687500008,4.10735546875,-0.822265625,-0.88013671875,-4.13469921875,5.24144140625,1.0201015625,-2.34008203125,-3.58378515625,0.441859375000002,8.23176171875,-3.1838125,-3.20546875,0.0690742187499982,-2.12627734375,-0.7185390625,-6.9487109375,-8.20971875,-5.0920625,1.0961484375,-5.689,-7.41858203125,-9.18992578125,-7.60860546875,-6.69523828125,-2.33051953125,-4.8376953125,-5.88001171875
3.1988671875,3.0730234375,0.659542968749999,3.96235546875,0.409734374999999,0.780863281250001,-1.68769921875,6.52244140625,1.5591015625,-0.66408203125,-1.38578515625,2.646859375,5.15676171875,-1.7538125,-1.30646875,3.04807421875,-3.03327734375,0.523460937500001,-4.4777109375,-4.42371875,-1.3890625,2.0501484375,-3.209,-4.00258203125,-4.98592578125,-4.89260546875,-2.90723828125,0.17648046875,-2.1976953125,-3.15301171875
4.4558671875,4.2380234375,1.62654296875,3.29835546875,2.030734375,2.60586328125,1.63230078125,7.63144140625,2.0011015625,1.65591796875,0.921214843750001,4.539859375,1.63876171875,0.482187500000002,1.33553125,6.05507421875,-3.34027734375,2.3054609375,-1.2377109375,-0.32571875,2.4109375,2.9101484375,-0.477999999999998,-0.110582031250003,-0.621925781249999,-2.03660546875,1.10176171875,2.82348046875,0.492304687499999,-0.178011718750001
5.3808671875,5.0510234375,2.90754296875,2.40935546875,3.706734375,4.25586328125,4.82330078125,8.33844140625,2.3661015625,4.29991796875,2.97421484375,5.856859375,-0.855238281249999,3.3031875,4.49353125,8.76107421875,-2.81227734375,4.5584609375,2.6002890625,3.75628125,5.7569375,3.9011484375,2.54,4.08741796875,3.52507421875,0.685394531250001,5.26876171875,5.49648046875,3.1573046875,2.85198828125
5.7258671875,5.2190234375,4.21454296875,1.51635546875,4.981734375,5.32286328125,6.82730078125,8.44444140625,2.5911015625,6.66991796875,4.35621484375,6.406859375,-1.32323828125,6.1211875,7.64853125,10.76607421875,-1.32127734375,6.8824609375,6.5392890625,7.36928125,8.2189375,5.0841484375,5.659,8.19341796875,7.07407421875,3.04639453125,9.31076171875,7.89448046875,5.6043046875,5.64898828125
5.3998671875,4.6830234375,5.10654296875,0.717355468749998,5.474734375,5.52586328125,7.04030078125,7.84944140625,2.5361015625,8.15091796875,4.78421484375,6.125859375,0.320761718750001,8.1981875,10.16753125,11.71507421875,0.98172265625,8.6804609375,9.8982890625,10.05428125,9.5829375,6.3221484375,8.495,11.68541796875,9.70407421875,4.88039453125,12.76676171875,9.63048046875,7.5683046875,7.88498828125
4.5248671875,3.6600234375,5.16654296875,-0.00264453125000053,5.054734375,4.87186328125,5.55630078125,6.62644140625,2.0921015625,8.38291796875,4.25321484375,5.111859375,3.18776171875,8.9751875,11.53553125,11.45007421875,3.54172265625,9.4014609375,12.0332890625,11.46828125,9.8529375,7.3111484375,10.565,14.05141796875,11.19907421875,6.07139453125,15.12376171875,10.36148046875,8.7633046875,9.25698828125
3.3678671875,2.5290234375,4.20154296875,-0.728644531250001,3.875734375,3.66186328125,3.01630078125,5.00344140625,1.2771015625,7.40691796875,3.06121484375,3.605859375,5.83276171875,8.2951875,11.54253125,10.09807421875,5.47072265625,8.7644609375,12.5602890625,11.48128125,9.1809375,7.7031484375,11.442,14.93541796875,11.46307421875,6.52639453125,15.96976171875,9.91848046875,8.9543046875,9.54498828125
2.2008671875,1.6300234375,2.35454296875,-1.57164453125,2.295734375,2.32686328125,0.24630078125,3.25544140625,0.245101562499999,5.62791796875,1.68521484375,1.905859375,6.88576171875,6.4441875,10.34053125,8.04007421875,5.86872265625,6.8654609375,11.4882890625,10.22128125,7.7789375,7.2721484375,10.904,14.25141796875,10.54407421875,6.17939453125,15.13776171875,8.37448046875,8.0513046875,8.67898828125
1.1598671875,1.1110234375,0.092542968750001,-2.61964453125,0.707734374999999,1.21486328125,-2.07069921875,1.60544140625,-0.806898437500001,3.61591796875,0.580214843749999,0.275859375000001,5.58376171875,4.0051875,8.36853125,5.79207421875,4.27672265625,4.1484609375,9.2092890625,8.05628125,5.8779375,6.0351484375,9.044,12.22441796875,8.65907421875,5.04639453125,12.80376171875,6.04248046875,6.1883046875,6.80898828125
0.2228671875,0.8830234375,-1.91945703125,-3.89364453125,-0.594265625,0.466863281250001,-3.54769921875,0.19844140625,-1.7238984375,1.87791796875,-0.00278515625000075,-1.106140625,2.02576171875,1.6331875,6.19953125,3.83407421875,1.04572265625,1.2784609375,6.3692890625,5.50228125,3.7239375,4.2501484375,6.285,9.35341796875,6.19807421875,3.30939453125,9.48276171875,3.40748046875,3.7413046875,4.32498828125
-0.711132812500001,0.728023437499999,-3.05245703125,-5.28064453125,-1.475265625,0.0388632812500003,-4.11369921875,-0.871558593750001,-2.4048984375,0.708917968750001,-0.0717851562499998,-2.142140625,-2.82823828125,-0.119812499999998,4.37853125,2.48807421875,-2.68827734375,-1.0235390625,3.6862890625,3.10228125,1.6089375,2.3081484375,3.288,6.30341796875,3.67207421875,1.33039453125,5.93276171875,0.996480468750001,1.2593046875,1.79898828125
-1.6711328125,0.4760234375,-2.95445703125,-6.51164453125,-1.895265625,-0.164136718749999,-3.93869921875,-1.53955859375,-2.7588984375,0.203917968750002,0.19521484375,-2.789140625,-7.36723828125,-0.910812499999999,3.31453125,1.88007421875,-5.54127734375,-2.1735390625,1.7802890625,1.31428125,-0.149062499999999,0.6131484375,0.775000000000002,3.74141796875,1.61007421875,-0.425605468749999,2.95976171875,-0.76751953125,-0.7016953125,-0.183011718750001
-2.5071328125,0.142023437499999,-1.71545703125,-7.18264453125,-1.822265625,-0.15613671875,-3.27469921875,-1.78455859375,-2.6868984375,0.349917968749999,0.61721484375,-3.014140625,-9.81023828125,-0.625812499999999,3.22053125,1.97007421875,-6.62927734375,-1.8845390625,1.0442890625,0.432281249999999,-1.2660625,-0.514851562500001,-0.684999999999999,2.17141796875,0.400074218750001,-1.55860546875,1.16676171875,-1.68051953125,-1.7726953125,-1.23401171875
-2.9061328125,-0.0539765625000008,0.182542968750001,-6.88464453125,-1.200265625,0.188863281250001,-2.27769921875,-1.63455859375,-2.1448984375,1.10591796875,1.14121484375,-2.766140625,-8.91623828125,0.622187500000003,4.11253125,2.62507421875,-5.98927734375,-0.274539062499999,1.5732890625,0.54328125,-1.5860625,-0.8908515625,-0.864999999999998,1.79241796875,0.14607421875,-1.89860546875,0.726761718749998,-1.80551953125,-1.9106953125,-1.32001171875
-2.5341328125,0.177023437499999,2.08254296875,-5.40764453125,0.00173437499999984,1.06286328125,-0.940699218750001,-1.16455859375,-1.2318984375,2.41091796875,1.84721484375,-2.000140625,-4.63623828125,2.5351875,5.82753125,3.67907421875,-4.36327734375,2.1624609375,3.1582890625,1.51928125,-1.1410625,-0.4878515625,0.054000000000002,2.45841796875,0.634074218750001,-1.56860546875,1.31876171875,-1.43751953125,-1.4076953125,-0.753011718750001
-1.2361328125,1.0300234375,3.44354296875,-2.92264453125,1.702734375,2.57286328125,0.79730078125,-0.490558593750001,-0.184898437500001,4.16491796875,2.85221484375,-0.736140624999999,1.74376171875,4.7261875,8.08053125,4.95107421875,-2.59827734375,4.7304609375,5.3912890625,3.06628125,-0.135062499999998,0.5731484375,1.596,3.77541796875,1.45707421875,-0.888605468749999,2.27676171875,-0.968519531249999,-0.732695312500001,-0.0310117187500012
0.837867187500001,2.4920234375,4.04754296875,0.000355468749999588,3.692734375,4.62486328125,2.86230078125,0.265441406249998,0.764101562499999,6.20591796875,4.18021484375,0.905859375,8.14876171875,6.8421875,10.54853125,6.26907421875,-1.13727734375,6.8124609375,7.8202890625,4.83228125,1.1549375,2.0541484375,3.222,5.28841796875,2.23407421875,-0.186605468749999,2.92776171875,-0.726519531249999,-0.3106953125,0.406988281249999
3.2628671875,4.3540234375,4.06654296875,2.61735546875,5.683734375,6.93586328125,4.95830078125,1.04344140625,1.5601015625,8.32891796875,5.72921484375,2.730859375,12.67076171875,8.6681875,12.95053125,7.50607421875,0.0977226562500002,8.1104609375,10.0972890625,6.53528125,2.5079375,3.6601484375,4.56,6.66641796875,2.80607421875,0.397394531250002,2.92576171875,-0.833519531249999,-0.3356953125,0.375988281249999
5.5028671875,6.2930234375,3.94954296875,4.35135546875,7.399734375,9.13986328125,6.66130078125,1.89744140625,2.3631015625,10.31191796875,7.31121484375,4.542859375,14.35076171875,10.1701875,15.10353125,8.63207421875,1.48172265625,8.7234609375,12.0382890625,8.05728125,3.8429375,5.0961484375,5.528,7.80841796875,3.30007421875,0.973394531250001,2.41576171875,-1.16451953125,-0.6966953125,0.0109882812499986
7.1068671875,7.9790234375,4.19054296875,5.02235546875,8.655734375,10.92586328125,7.61430078125,2.93644140625,3.4231015625,11.96991796875,8.75921484375,6.204859375,13.37476171875,11.4421875,16.95053125,9.71607421875,3.32272265625,9.0394609375,13.6262890625,9.46128125,5.2249375,6.1531484375,6.299,8.82641796875,4.03607421875,1.81539453125,1.93576171875,-1.41251953125,-1.0386953125,-0.310011718750001
7.8448671875,9.1660234375,5.08854296875,4.86935546875,9.408734375,12.10686328125,7.67230078125,4.20944140625,4.9021015625,13.20791796875,9.99721484375,7.656859375,10.73276171875,12.6421875,18.54253125,10.87307421875,5.56372265625,9.5094609375,14.9692890625,10.93428125,6.7639375,6.7721484375,7.17,9.95841796875,5.33607421875,3.16339453125,2.14376171875,-1.22351953125,-0.905695312500001,-0.151011718750001
7.7628671875,9.7340234375,6.62854296875,4.38935546875,9.768734375,12.64886328125,6.95430078125,5.64244140625,6.7911015625,14.05691796875,11.06521484375,8.885859375,7.64176171875,13.9201875,20.00553125,12.19507421875,7.71772265625,10.4434609375,16.2482890625,12.65928125,8.5129375,7.0501484375,8.403,11.43341796875,7.34707421875,5.05639453125,3.48376171875,-0.34751953125,0.0453046874999998,0.789988281249999
7.1468671875,9.7230234375,8.50454296875,4.12435546875,9.955734375,12.66286328125,5.79430078125,7.07444140625,8.9491015625,14.67391796875,12.09421484375,9.900859375,5.09776171875,15.3851875,21.48153125,13.71407421875,9.11972265625,11.9244609375,17.6632890625,14.72028125,10.4259375,7.1781484375,10.112,13.36741796875,9.96507421875,7.30839453125,5.99676171875,1.26548046875,1.8903046875,2.56498828125
6.4288671875,9.3310234375,10.27054296875,4.47835546875,10.225734375,12.38886328125,4.64930078125,8.33044140625,11.1901015625,15.29991796875,13.25821484375,10.727859375,3.69076171875,17.0791875,23.08153125,15.41507421875,9.37172265625,13.8344609375,19.3762890625,17.07728125,12.3959375,7.3561484375,12.244,15.72241796875,12.91007421875,9.62539453125,9.34376171875,3.44648046875,4.3993046875,4.99898828125
6.0368671875,8.8580234375,11.50254296875,5.62335546875,10.766734375,12.12386328125,3.98230078125,9.24344140625,13.2981015625,16.17191796875,14.68621484375,11.398859375,3.65276171875,18.9621875,24.83353125,17.24407421875,8.69272265625,15.9514609375,21.4632890625,19.60228125,14.3189375,7.7391484375,14.633,18.34341796875,15.88707421875,11.76939453125,12.99376171875,5.87548046875,7.1683046875,7.80698828125
6.2378671875,8.5880234375,11.93054296875,7.45635546875,11.611734375,12.10586328125,4.13530078125,9.66444140625,15.0321015625,17.39891796875,16.36121484375,11.931859375,4.92176171875,20.8911875,26.63953125,19.08507421875,7.85072265625,18.0064609375,23.8472890625,22.11528125,16.1009375,8.4251484375,17.061,21.00041796875,18.68107421875,13.62139453125,16.45376171875,8.20248046875,9.7993046875,10.71498828125
7.0298671875,8.6640234375,11.48954296875,9.61735546875,12.604734375,12.40086328125,5.18530078125,9.49944140625,16.1621015625,18.85091796875,18.04321484375,12.289859375,7.16676171875,22.6191875,28.25353125,20.72007421875,7.64872265625,19.7194609375,26.2612890625,24.37628125,17.6039375,9.4401484375,19.285,23.43241796875,21.14607421875,15.12839453125,19.40376171875,10.17448046875,12.0383046875,13.50498828125
8.1418671875,9.0170234375,10.30954296875,11.54535546875,13.448734375,12.84786328125,6.84930078125,8.77244140625,16.5711015625,20.15891796875,19.30521484375,12.375859375,9.80876171875,23.8311875,29.32553125,21.85507421875,8.33472265625,20.8244609375,28.2782890625,26.10128125,18.6329375,10.7251484375,21.066,25.38941796875,23.14507421875,16.21639453125,21.72076171875,11.70448046875,13.8173046875,15.99898828125
9.1408671875,9.4030234375,8.64654296875,12.61235546875,13.821734375,13.12086328125,8.50330078125,7.62144140625,16.3191015625,20.84191796875,19.69121484375,12.077859375,12.13676171875,24.2471875,29.51053125,22.22407421875,9.40672265625,21.1254609375,29.4552890625,27.03628125,18.9979375,12.1361484375,22.21,26.69441796875,24.53507421875,16.77639453125,23.44076171875,12.85948046875,15.2143046875,18.03898828125
9.6038671875,9.5240234375,6.80454296875,12.37035546875,13.505734375,12.89286328125,9.36330078125,6.23844140625,15.6031015625,20.50591796875,18.92121484375,11.340859375,13.49476171875,23.7291875,28.60753125,21.70407421875,9.97972265625,20.5724609375,29.5002890625,27.05128125,18.6319375,13.4601484375,22.636,27.29541796875,25.22207421875,16.74539453125,24.68976171875,13.77948046875,16.3713046875,19.49798828125
9.2808671875,9.1620234375,5.06054296875,10.82235546875,12.475734375,12.02286328125,8.82530078125,4.79844140625,14.6411015625,19.03291796875,17.04921484375,10.215859375,13.44276171875,22.3491875,26.65453125,20.37107421875,9.41972265625,19.3084609375,28.4052890625,26.20728125,17.6579375,14.4771484375,22.403,27.28741796875,25.21607421875,16.20739453125,25.61876171875,14.59048046875,17.4173046875,20.32598828125
8.2058671875,8.2870234375,3.62054296875,8.54135546875,10.936734375,10.67486328125,6.78930078125,3.44044140625,13.5941015625,16.66291796875,14.47521484375,8.853859375,11.85676171875,20.4111875,23.93853125,18.47307421875,7.75172265625,17.6634609375,26.4532890625,24.73628125,16.3499375,15.0521484375,21.7,26.87541796875,24.64707421875,15.40539453125,26.35276171875,15.36248046875,18.4103046875,20.57798828125
6.6948671875,7.0830234375,2.59654296875,6.47535546875,9.298734375,9.27486328125,3.79330078125,2.27344140625,12.5991015625,13.96191796875,11.83021484375,7.453859375,9.00676171875,18.3831875,20.94653125,16.33707421875,5.57972265625,16.0784609375,24.1442890625,22.96328125,15.0069375,15.2121484375,20.808,26.30741796875,23.71807421875,14.64539453125,26.96776171875,16.11248046875,19.3353046875,20.39998828125
5.2388671875,5.8920234375,2.02454296875,5.50835546875,8.070734375,8.33486328125,0.837300781249999,1.38744140625,11.8491015625,11.65591796875,9.75521484375,6.214859375,5.64776171875,16.7621875,18.24153125,14.28707421875,3.64272265625,14.9704609375,22.0432890625,21.21928125,13.8349375,15.1491484375,20.019,25.78541796875,22.62707421875,14.14839453125,27.46576171875,16.80248046875,20.1213046875,19.95298828125
4.3158671875,5.0790234375,1.90154296875,6.01035546875,7.682734375,8.22886328125,-1.04169921875,0.88144140625,11.6051015625,10.35991796875,8.66921484375,5.298859375,2.95076171875,15.8941875,16.30653125,12.56707421875,2.36172265625,14.5614609375,20.5832890625,19.73428125,12.8789375,15.0911484375,19.527,25.36341796875,21.48907421875,13.92139453125,27.73776171875,17.31748046875,20.6423046875,19.32198828125
4.2078671875,4.8900234375,2.21854296875,7.65035546875,8.291734375,9.01886328125,-1.22669921875,0.851441406249998,12.0681015625,10.32191796875,8.62421484375,4.819859375,2.14476171875,15.8011875,15.36553125,11.28607421875,1.72772265625,14.7564609375,19.8842890625,18.56328125,12.0499375,15.1251484375,19.305,24.88241796875,20.28707421875,13.74239453125,27.54576171875,17.45248046875,20.7183046875,18.45198828125
4.8948671875,5.3620234375,2.92654296875,9.57235546875,9.684734375,10.41986328125,0.20930078125,1.34844140625,13.1731015625,11.31391796875,9.29521484375,4.819859375,3.88276171875,16.1561875,15.28753125,10.39807421875,1.53272265625,15.1404609375,19.7072890625,17.58128125,11.1989375,15.0951484375,19.075,24.01541796875,18.89307421875,13.25639453125,26.58576171875,16.94348046875,20.1393046875,17.17998828125
6.0738671875,6.3120234375,3.88054296875,10.81535546875,11.350734375,11.90986328125,2.53430078125,2.28644140625,14.4711015625,12.74991796875,10.14521484375,5.231859375,7.73376171875,16.4091875,15.63753125,9.72707421875,1.64672265625,15.1554609375,19.5732890625,16.55928125,10.2079375,14.6691484375,18.42,22.42641796875,17.15607421875,12.15739453125,24.63776171875,15.59748046875,18.7623046875,15.34498828125
7.2938671875,7.4020234375,4.81154296875,10.79035546875,12.694734375,12.93286328125,4.67530078125,3.41744140625,15.2391015625,13.93591796875,10.64321484375,5.867859375,12.21476171875,16.0491875,15.87753125,9.04507421875,2.05872265625,14.3614609375,19.0032890625,15.28628125,9.0349375,13.5481484375,17.009,19.97941796875,15.00807421875,10.36539453125,21.73176171875,13.43048046875,16.6223046875,12.93398828125
8.1348671875,8.2510234375,5.36954296875,9.56135546875,13.264734375,13.10586328125,5.65630078125,4.39544140625,14.7821015625,14.34091796875,10.46521484375,6.455859375,15.44576171875,14.8291875,15.60453125,8.18907421875,2.68572265625,12.6474609375,17.7382890625,13.67728125,7.7429375,11.6891484375,14.785,16.86041796875,12.53807421875,8.11339453125,18.21576171875,10.74048046875,13.9823046875,10.16398828125
8.3518671875,8.5420234375,5.24354296875,7.77135546875,12.893734375,12.32286328125,4.98430078125,4.89944140625,12.7981015625,13.74691796875,9.57021484375,6.737859375,16.05776171875,12.8571875,14.70153125,7.15007421875,3.23172265625,10.2724609375,15.8222890625,11.82628125,6.5039375,9.3891484375,12.034,13.53741796875,10.00207421875,5.90539453125,14.66676171875,8.03948046875,11.2903046875,7.44698828125
7.9398671875,8.1250234375,4.28954296875,6.23735546875,11.704734375,10.73886328125,2.79830078125,4.73644140625,9.5811015625,12.25991796875,8.15521484375,6.568859375,13.81076171875,10.5171875,13.34053125,6.09007421875,3.34672265625,7.7314609375,13.5542890625,9.98728125,5.5689375,7.1901484375,9.28,10.57841796875,7.76507421875,4.33939453125,11.67276171875,5.85648046875,9.0263046875,5.24698828125
7.0998671875,7.0570234375,2.62654296875,5.46935546875,10.013734375,8.67586328125,-0.24769921875,3.91444140625,5.9791015625,10.21891796875,6.54921484375,5.954859375,9.60776171875,8.2991875,11.87453125,5.26507421875,2.97672265625,5.5424609375,11.3322890625,8.48028125,5.1829375,5.6291484375,7.055,8.42241796875,6.17807421875,3.86239453125,9.59176171875,4.50748046875,7.4923046875,3.86598828125
6.1448671875,5.5970234375,0.640542968750001,5.42935546875,8.210734375,6.52686328125,-3.27669921875,2.65744140625,3.1091015625,8.07791796875,5.09721484375,5.040859375,4.99676171875,6.6401875,10.67853125,4.89007421875,2.54572265625,4.0814609375,9.5112890625,7.56328125,5.4669375,4.9851484375,5.681,7.23141796875,5.43207421875,4.55639453125,8.40976171875,3.95448046875,6.6723046875,3.29798828125
5.3698671875,4.1300234375,-1.12245703125,5.66435546875,6.645734375,4.68986328125,-5.50369921875,1.34244140625,1.9161015625,6.28991796875,4.07921484375,4.039859375,1.49176171875,5.8251875,10.01853125,5.04407421875,2.74572265625,3.5374609375,8.3032890625,7.33828125,6.3179375,5.1861484375,5.173,6.87041796875,5.48907421875,6.07839453125,7.80376171875,3.85448046875,6.2503046875,3.22698828125
4.9458671875,3.0430234375,-2.14645703125,5.67235546875,5.561734375,3.48686328125,-6.45269921875,0.334441406249999,2.7591015625,5.21891796875,3.66221484375,3.172859375,0.0387617187500009,5.9431875,9.98053125,5.64207421875,4.05372265625,3.9354609375,7.7602890625,7.73428125,7.4259375,5.9181484375,5.3,7.03341796875,6.10907421875,7.80039453125,7.35576171875,3.75048046875,5.8123046875,3.19498828125
4.8568671875,2.5820234375,-2.12745703125,5.24835546875,5.037734375,3.07386328125,-6.04869921875,-0.168558593750001,5.2261015625,5.04491796875,3.85921484375,2.621859375,0.823761718750001,6.8741875,10.45253125,6.49707421875,6.34872265625,5.1564609375,7.7972890625,8.55528125,8.4039375,6.8291484375,5.745,7.40741796875,6.97107421875,9.06639453125,6.80376171875,3.30548046875,5.0853046875,2.83598828125
4.9438671875,2.7600234375,-1.07145703125,4.62535546875,4.992734375,3.39286328125,-4.60169921875,-0.175558593750001,8.2971015625,5.68891796875,4.52221484375,2.517859375,3.43276171875,8.2941875,11.18453125,7.40407421875,8.88772265625,6.9504609375,8.2442890625,9.57428125,8.9669375,7.6921484375,6.26,7.81441796875,7.80807421875,9.46439453125,6.16476171875,2.44348046875,4.0793046875,2.06298828125
5.0258671875,3.3970234375,0.688542968750001,4.33635546875,5.245734375,4.19886328125,-2.71169921875,0.167441406249999,10.7911015625,6.83891796875,5.40021484375,2.941859375,7.15976171875,9.7641875,11.89053125,8.21007421875,10.62972265625,8.9574609375,8.9032890625,10.60628125,9.0659375,8.4471484375,6.739,8.25641796875,8.50107421875,8.96939453125,5.69376171875,1.36848046875,3.0553046875,1.10898828125
5.0408671875,4.2500234375,2.59054296875,4.89235546875,5.641734375,5.18086328125,-1.07769921875,0.678441406249998,11.8871015625,8.08491796875,6.24521484375,3.909859375,11.22876171875,10.8911875,12.36453125,8.85007421875,10.75372265625,10.7754609375,9.6392890625,11.57928125,8.9079375,9.1601484375,7.237,8.88541796875,9.12007421875,7.92539453125,5.73276171875,0.46948046875,2.3953046875,0.420988281249999
5.1018671875,5.1510234375,4.02454296875,6.45635546875,6.145734375,6.09786328125,-0.22969921875,1.19344140625,11.4421015625,9.11291796875,6.93521484375,5.355859375,14.86576171875,11.4941875,12.57253125,9.35207421875,9.13172265625,12.0904609375,10.4362890625,12.54928125,8.8639375,9.9461484375,7.916,9.89041796875,9.89007421875,6.88139453125,6.54476171875,0.172480468750001,2.4493046875,0.469988281249999
5.4118671875,6.0270234375,4.58654296875,8.71835546875,6.826734375,6.86786328125,-0.28769921875,1.58744140625,9.9841015625,9.81891796875,7.51721484375,7.094859375,17.35676171875,11.6811875,12.64853125,9.80807421875,6.51472265625,12.7774609375,11.3722890625,13.63428125,9.2769375,10.9021484375,8.953,11.36141796875,11.05707421875,6.33339453125,8.19676171875,0.791480468750001,3.4053046875,1.53498828125
6.0898671875,6.8370234375,4.26754296875,11.02435546875,7.736734375,7.54186328125,-0.889699218750001,1.80044140625,8.4071015625,10.28091796875,8.15121484375,8.824859375,18.22176171875,11.7561875,12.80853125,10.32207421875,4.22772265625,12.9114609375,12.5202890625,14.90128125,10.2779375,12.0281484375,10.421,13.18441796875,12.71107421875,6.49739453125,10.49976171875,2.39648046875,5.2053046875,3.54998828125
7.0388671875,7.4990234375,3.46354296875,12.65935546875,8.795734375,8.22086328125,-1.36769921875,1.83944140625,7.5261015625,10.63791796875,9.01421484375,10.195859375,17.40976171875,12.0161875,13.22353125,10.95307421875,3.47772265625,12.6924609375,13.8412890625,16.28728125,11.6859375,13.1841484375,12.198,15.03641796875,14.67707421875,7.22239453125,13.03876171875,4.74148046875,7.5363046875,6.08898828125
7.9678671875,7.9000234375,2.78354296875,13.10835546875,9.789734375,8.96586328125,-1.07769921875,1.79044140625,7.7331015625,11.00591796875,10.19721484375,10.941859375,15.34476171875,12.5791875,13.94353125,11.69607421875,4.69872265625,12.3364609375,15.1532890625,17.60328125,13.0819375,14.0911484375,13.971,16.49941796875,16.54007421875,8.07939453125,15.29076171875,7.31548046875,9.9013046875,8.50398828125
8.5598671875,7.9830234375,2.76854296875,12.23935546875,10.480734375,9.76486328125,0.29330078125,1.82144140625,8.8871015625,11.43891796875,11.63821484375,11.010859375,12.71276171875,13.3381875,14.87553125,12.49007421875,7.36772265625,12.0054609375,16.1932890625,18.62728125,14.0029375,14.4001484375,15.334,17.24341796875,17.81307421875,8.57239453125,16.79876171875,9.49248046875,11.7703046875,10.15898828125
8.6518671875,7.8100234375,3.64754296875,10.35835546875,10.729734375,10.54486328125,2.58630078125,2.14944140625,10.4531015625,11.92491796875,13.09321484375,10.579859375,10.13376171875,14.0401875,15.80453125,13.22807421875,10.33372265625,11.7684609375,16.7132890625,19.17128125,14.1309375,13.8151484375,15.925,17.13841796875,18.11407421875,8.33639453125,17.30176171875,10.73748046875,12.7293046875,10.65098828125
8.3008671875,7.5380234375,5.21154296875,8.09135546875,10.552734375,11.17986328125,5.21230078125,2.93444140625,11.7671015625,12.38091796875,14.16221484375,9.951859375,7.91676171875,14.4241875,16.45353125,13.76107421875,12.37472265625,11.5954609375,16.5712890625,19.11628125,13.3789375,12.2131484375,15.553,16.26941796875,17.29707421875,7.24839453125,16.78176171875,10.76848046875,12.5813046875,9.90698828125
7.7148671875,7.3250234375,6.88554296875,6.12635546875,10.080734375,11.50586328125,7.38430078125,4.13244140625,12.2981015625,12.66291796875,14.41121484375,9.389859375,6.08876171875,14.3181875,16.57353125,13.90207421875,12.67372265625,11.3594609375,15.7762890625,18.41428125,11.8809375,9.7321484375,14.272,14.84841796875,15.49507421875,5.44039453125,15.41376171875,9.61548046875,11.3773046875,8.15098828125
7.1148671875,7.2390234375,7.98154296875,4.92835546875,9.487734375,11.34986328125,8.42630078125,5.45444140625,11.7861015625,12.59691796875,13.54621484375,9.002859375,4.58276171875,13.6691875,16.04353125,13.48407421875,11.10872265625,10.8624609375,14.4882890625,17.11128125,9.9339375,6.7691484375,12.364,13.12741796875,13.07807421875,3.25339453125,13.49776171875,7.56948046875,9.3813046875,5.79198828125
6.6228671875,7.2090234375,8.02754296875,4.58335546875,8.904734375,10.59086328125,8.03630078125,6.49644140625,10.2781015625,12.03191796875,11.55721484375,8.737859375,3.35776171875,12.5291875,14.92353125,12.43907421875,8.27172265625,9.9144609375,12.9622890625,15.35828125,7.9029375,3.8821484375,10.258,11.33941796875,10.53207421875,1.13539453125,11.38076171875,5.07848046875,6.9953046875,3.29198828125
6.2268671875,7.0470234375,6.97354296875,4.83335546875,8.368734375,9.20886328125,6.33830078125,6.93344140625,8.0681015625,10.89991796875,8.74921484375,8.436859375,2.38676171875,11.0281875,13.41853125,10.85207421875,5.20172265625,8.4404609375,11.4752890625,13.39728125,6.1249375,1.6241484375,8.395,9.68341796875,8.31207421875,-0.508605468749999,9.41476171875,2.62748046875,4.6693046875,1.06498828125
5.8018671875,6.5230234375,5.19154296875,5.25135546875,7.828734375,7.30786328125,3.71530078125,6.63344140625,5.5971015625,9.27091796875,5.63021484375,7.939859375,1.63176171875,9.3661875,11.76953125,8.97007421875,2.91072265625,6.5724609375,10.2562890625,11.52628125,4.8279375,0.3981484375,7.119,8.33141796875,6.72307421875,-1.43560546875,7.90176171875,0.651480468750001,2.8093046875,-0.583011718750001
5.2058671875,5.4850234375,3.28254296875,5.45535546875,7.200734375,5.09486328125,0.596300781249999,5.67744140625,3.3451015625,7.37091796875,2.72521484375,7.166859375,1.16576171875,7.7951875,10.15953125,7.13707421875,1.96272265625,4.6584609375,9.4472890625,10.01328125,4.0879375,0.361148437500001,6.597,7.41241796875,5.86407421875,-1.61960546875,7.02976171875,-0.55251953125,1.6913046875,-1.50001171875
4.3868671875,3.9760234375,1.79954296875,5.28135546875,6.447734375,2.84686328125,-2.64769921875,4.30744140625,1.7351015625,5.52691796875,0.40921484375,6.166859375,1.31876171875,6.5721875,8.67053125,5.67707421875,2.33072265625,3.1434609375,9.0782890625,9.00628125,3.8309375,1.4041484375,6.792,6.97141796875,5.63207421875,-1.21460546875,6.78576171875,-0.894519531249999,1.3843046875,-1.70101171875
3.4538671875,2.2860234375,1.01554296875,4.80935546875,5.615734375,0.84686328125,-5.66169921875,2.85144140625,1.0501015625,4.05691796875,-1.18478515625,5.093859375,2.58376171875,5.8801875,7.30153125,4.76107421875,3.53672265625,2.3804609375,9.0442890625,8.45728125,3.8549375,3.1941484375,7.475,6.91141796875,5.75407421875,-0.465605468749999,6.91676171875,-0.53051953125,1.6963046875,-1.36201171875
2.6258671875,0.856023437499999,0.80954296875,4.24235546875,4.794734375,-0.709136718749999,-8.09569921875,1.59244140625,1.3641015625,3.13491796875,-2.16378515625,4.129859375,5.24976171875,5.7351875,5.99253125,4.32007421875,4.88672265625,2.4654609375,9.1022890625,8.12128125,3.8929375,5.2601484375,8.277,6.97241796875,5.87507421875,0.379394531250001,6.98876171875,0.16548046875,2.2283046875,-0.774011718750001
2.0918671875,0.0580234374999993,0.746542968750001,3.72535546875,4.021734375,-1.81813671875,-9.70169921875,0.635441406249999,2.4661015625,2.68891796875,-2.82578515625,3.388859375,9.03876171875,5.9271875,4.63653125,4.05707421875,5.67772265625,3.1884609375,8.9132890625,7.64728125,3.7039375,7.1021484375,8.785,6.77641796875,5.66207421875,1.12739453125,6.55276171875,0.720480468750001,2.5163046875,-0.262011718750001
1.8578671875,-0.0339765624999995,0.320542968750001,3.25835546875,3.191734375,-2.69213671875,-10.47969921875,-0.11555859375,3.8601015625,2.36891796875,-3.56578515625,2.857859375,13.05276171875,6.0431875,3.07753125,3.57007421875,5.41472265625,4.1144609375,8.1292890625,6.71428125,3.1829375,8.3071484375,8.649,5.93841796875,4.90107421875,1.66039453125,5.34476171875,0.739480468750001,2.2143046875,-0.0990117187500008
1.7118671875,0.279023437499999,-0.76145703125,2.75035546875,2.062734375,-3.67013671875,-10.72869921875,-0.856558593750001,4.8631015625,1.65891796875,-4.74978515625,2.400859375,16.10976171875,5.6011875,1.16753125,2.55607421875,4.05972265625,4.7564609375,6.5062890625,5.15428125,2.4179375,8.6401484375,7.685,4.21941796875,3.55207421875,1.93639453125,3.40376171875,0.0614804687500001,1.2333046875,-0.413011718750001
1.3308671875,0.4700234375,-2.42145703125,2.13235546875,0.397734374999999,-5.03213671875,-10.90769921875,-1.74555859375,4.8241015625,0.116917968750002,-6.54578515625,1.843859375,17.23076171875,4.2731875,-1.12846875,0.985074218749999,2.12372265625,4.7714609375,4.0472890625,3.05028125,1.6589375,8.1321484375,5.961,1.66641796875,1.78007421875,1.97839453125,1.07976171875,-1.15951953125,-0.209695312500001,-1.13301171875
0.490867187499999,0.0850234375000003,-4.26545703125,1.45435546875,-1.836265625,-6.81213671875,-11.39269921875,-2.80855859375,3.3961015625,-2.33308203125,-8.79778515625,1.081859375,16.01776171875,2.0941875,-3.61146875,-0.849925781250002,0.46872265625,4.1044609375,1.0792890625,0.757281249999998,1.1779375,7.0921484375,3.819,-1.32758203125,-0.0689257812499999,1.86739453125,-1.09623828125,-2.50251953125,-1.6686953125,-1.99801171875
-0.7581328125,-0.9889765625,-5.79145703125,0.902355468749999,-4.341265625,-8.70413671875,-12.24169921875,-3.91955859375,0.739101562499998,-5.26608203125,-11.00478515625,0.171859375,12.80376171875,-0.472812499999998,-5.82546875,-2.41892578125,-0.15827734375,3.0184609375,-1.7947109375,-1.17971875,1.1239375,6.0141484375,1.798,-4.10458203125,-1.54892578125,1.71139453125,-2.60323828125,-3.46051953125,-2.6506953125,-2.65101171875
-2.0681328125,-2.4549765625,-6.58445703125,0.723355468749999,-6.538265625,-10.13513671875,-13.13169921875,-4.81655859375,-2.4568984375,-7.87708203125,-12.47478515625,-0.658140625,8.57576171875,-2.6878125,-7.17546875,-3.16392578125,0.46272265625,1.9824609375,-3.8787109375,-2.20071875,1.4469375,5.3631484375,0.475000000000001,-5.96158203125,-2.26092578125,1.60939453125,-3.12023828125,-3.64851953125,-2.8186953125,-2.77801171875
-2.9471328125,-3.7529765625,-6.41945703125,1.08035546875,-7.781265625,-10.50013671875,-13.50269921875,-5.18155859375,-5.1938984375,-9.31308203125,-12.59778515625,-1.086140625,4.71476171875,-3.8298125,-7.16646875,-2.72192578125,1.96872265625,1.4534609375,-4.6287109375,-1.93371875,1.9639375,5.3761484375,0.265000000000002,-6.40758203125,-1.98992578125,1.61639453125,-2.61823828125,-2.96051953125,-2.1086953125,-2.23901171875
-2.9981328125,-4.3299765625,-5.25645703125,1.90835546875,-7.615265625,-9.43013671875,-12.85669921875,-4.75455859375,-6.5428984375,-9.02708203125,-11.09978515625,-0.819140624999999,2.53676171875,-3.4818125,-5.61146875,-1.07592578125,3.72072265625,1.6684609375,-3.8287109375,-0.327718750000003,2.4839375,5.9771484375,1.291,-5.32958203125,-0.763925781249998,1.73439453125,-1.32523828125,-1.58151953125,-0.7106953125,-1.11901171875
-2.0851328125,-3.8639765625,-3.23145703125,2.88735546875,-5.956265625,-6.97113671875,-11.02269921875,-3.45155859375,-5.9938984375,-6.98608203125,-8.17778515625,0.297859375000002,2.75676171875,-1.6698125,-2.70846875,1.44007421875,5.20172265625,2.5654609375,-1.6327109375,2.33028125,2.9229375,6.8301484375,3.349,-3.00558203125,1.17307421875,1.92239453125,0.395761718749998,0.11248046875,1.0403046875,0.318988281249999
-0.371132812500001,-2.3669765625,-0.63645703125,3.57935546875,-3.119265625,-3.56113671875,-8.24469921875,-1.39555859375,-3.6378984375,-3.64408203125,-4.44078515625,2.211859375,5.10276171875,1.1831875,1.02553125,4.27807421875,6.21272265625,3.8604609375,1.5132890625,5.52728125,3.3259375,7.4981484375,5.977,0.0274179687499974,3.46107421875,2.12539453125,2.18176171875,1.70448046875,2.7923046875,1.74998828125
1.7668671875,-0.139976562500001,2.11554296875,3.63735546875,0.279734375,0.143863281250001,-5.04969921875,1.11744140625,-0.119898437500002,0.25491796875,-0.68978515625,4.665859375,8.36476171875,4.4441875,4.93553125,6.89207421875,6.79872265625,5.2104609375,5.0162890625,8.69928125,3.8039375,7.6041484375,8.595,3.16641796875,5.74607421875,2.30539453125,3.78276171875,2.87248046875,4.2673046875,2.92098828125
3.8808671875,2.3530234375,4.58654296875,2.95335546875,3.525734375,3.49286328125,-1.99269921875,3.68644140625,3.5841015625,3.94991796875,2.36321484375,7.282859375,10.95676171875,7.4851875,8.43553125,8.93707421875,7.09372265625,6.3454609375,8.3072890625,11.42128125,4.4629375,6.9801484375,10.688,5.92441796875,7.79507421875,2.46239453125,5.10276171875,3.47148046875,5.3183046875,3.74398828125
5.5858671875,4.6450234375,6.43954296875,1.69335546875,6.032734375,6.01886328125,0.55930078125,5.89444140625,6.4811015625,6.89791796875,4.33121484375,9.679859375,11.68976171875,9.8451875,11.15953125,10.34107421875,7.24372265625,7.1094609375,10.9732890625,13.51628125,5.3399375,5.7431484375,11.963,8.03641796875,9.55007421875,2.63839453125,6.19876171875,3.55648046875,5.9413046875,4.29198828125
6.6708671875,6.3930234375,7.53854296875,0.231355468749999,7.504734375,7.53586328125,2.53330078125,7.41944140625,7.8631015625,8.86291796875,5.22221484375,11.578859375,10.32276171875,11.3001875,12.99753125,11.24707421875,7.43772265625,7.4264609375,12.8122890625,15.02928125,6.3809375,4.2671484375,12.412,9.46341796875,11.06207421875,2.87539453125,7.20076171875,3.33548046875,6.2513046875,4.71098828125
7.1278671875,7.4490234375,7.97454296875,-0.989644531250001,7.975734375,8.13586328125,4.09430078125,8.15644140625,7.5311015625,9.89391796875,5.35221484375,12.856859375,7.55976171875,11.8491875,14.03753125,11.85707421875,7.88072265625,7.2624609375,13.8152890625,16.09828125,7.4199375,3.0261484375,12.248,10.31641796875,12.36007421875,3.14839453125,8.21676171875,3.07548046875,6.4083046875,5.09098828125
7.1178671875,7.8720234375,8.00654296875,-1.63564453125,7.745734375,8.11086328125,5.49230078125,8.24044140625,5.8371015625,10.22091796875,5.16821484375,13.550859375,4.56076171875,11.6721875,14.46353125,12.30207421875,8.66072265625,6.6394609375,14.1182890625,16.83828125,8.2079375,2.3881484375,11.774,10.76041796875,13.35307421875,3.34039453125,9.25576171875,2.99848046875,6.5533046875,5.40598828125
6.8758671875,7.8680234375,7.94954296875,-1.62564453125,7.247734375,7.83186328125,6.86830078125,7.96244140625,3.5521015625,10.16291796875,5.06521484375,13.795859375,2.32376171875,11.0781875,14.48053125,12.60107421875,9.64572265625,5.6864609375,13.9542890625,17.29828125,8.5059375,2.4611484375,11.259,10.94941796875,13.85707421875,3.28339453125,10.23576171875,3.18948046875,6.7773046875,5.54298828125
6.6328671875,7.7060234375,8.03954296875,-1.14464453125,6.920734375,7.62886328125,8.12530078125,7.62644140625,1.5841015625,10.04791796875,5.27121484375,13.744859375,1.30776171875,10.4491875,14.28153125,12.68707421875,10.54472265625,4.6734609375,13.6102890625,17.48528125,8.1929375,3.0591484375,10.882,11.00841796875,13.71907421875,2.87039453125,11.03176171875,3.58848046875,7.1183046875,5.40298828125
6.5718671875,7.6300234375,8.32954296875,-0.49364453125,7.085734375,7.71786328125,8.96930078125,7.43444140625,0.669101562499998,10.13991796875,5.80321484375,13.491859375,1.42376171875,10.1461875,14.00953125,12.46907421875,11.08172265625,3.9714609375,13.3482890625,17.39728125,7.3289375,3.8171484375,10.727,11.02441796875,12.94207421875,2.13539453125,11.54376171875,4.03948046875,7.5553046875,4.98798828125
6.8108671875,7.7870234375,8.63954296875,0.0923554687499983,7.847734375,8.15586328125,9.10230078125,7.43644140625,1.1351015625,10.56691796875,6.49421484375,13.052859375,2.22776171875,10.3941875,13.72553125,11.87807421875,11.11472265625,3.9044609375,13.3172890625,17.03828125,6.1359375,4.3771484375,10.798,11.04141796875,11.72407421875,1.26639453125,11.73176171875,4.37848046875,8.0073046875,4.40898828125
7.3698671875,8.1840234375,8.62954296875,0.537355468749999,9.053734375,8.82486328125,8.45930078125,7.52544140625,2.8211015625,11.29791796875,7.08221484375,12.390859375,3.13676171875,11.1901875,13.38553125,10.89807421875,10.58172265625,4.5844609375,13.4862890625,16.41928125,4.8889375,4.5651484375,11.04,11.03641796875,10.37907421875,0.520394531250001,11.60176171875,4.48648046875,8.3333046875,3.81898828125
8.1398671875,8.6810234375,7.98354296875,0.88735546875,10.342734375,9.48586328125,7.33030078125,7.50344140625,5.1651015625,12.15891796875,7.32321484375,11.466859375,3.63076171875,12.2951875,12.87853125,9.57907421875,9.40172265625,5.8024609375,13.6522890625,15.54428125,3.7979375,4.4671484375,11.338,10.90141796875,9.18907421875,0.114394531250001,11.17076171875,4.31348046875,8.3493046875,3.31298828125
8.8998671875,9.0370234375,6.63454296875,1.21035546875,11.281734375,9.88386328125,6.25330078125,7.19744140625,7.4091015625,12.91391796875,7.09921484375,10.281859375,3.44576171875,13.3201875,12.10453125,8.03207421875,7.49472265625,7.0744609375,13.5172890625,14.41328125,2.9439375,4.3441484375,11.513,10.45941796875,8.27307421875,0.154394531250001,10.41476171875,3.84248046875,7.8633046875,2.87798828125
9.3948671875,9.0230234375,4.86954296875,1.52635546875,11.575734375,9.87786328125,5.72330078125,6.56444140625,8.8811015625,13.37391796875,6.47921484375,8.889859375,2.72176171875,13.8891875,11.07153125,6.41607421875,4.96872265625,7.8294609375,12.8252890625,13.03228125,2.3039375,4.4771484375,11.356,9.51841796875,7.55707421875,0.624394531250001,9.25976171875,3.06348046875,6.7443046875,2.39398828125
9.4578671875,8.5450234375,3.21454296875,1.80235546875,11.214734375,9.50186328125,5.90330078125,5.68644140625,9.2521015625,13.48991796875,5.69621484375,7.388859375,2.00976171875,13.7871875,9.92253125,4.90207421875,2.32172265625,7.6624609375,11.4862890625,11.45128125,1.8209375,5.0071484375,10.703,7.95941796875,6.85307421875,1.41539453125,7.64676171875,1.97048046875,4.9893046875,1.71498828125
9.0968671875,7.7220234375,2.18654296875,2.02035546875,10.497734375,8.94186328125,6.54230078125,4.69444140625,8.6611015625,13.36891796875,5.03021484375,5.906859375,2.08076171875,13.0281875,8.87953125,3.62107421875,0.41072265625,6.5324609375,9.6322890625,9.77828125,1.4739375,5.8681484375,9.511,5.81741796875,5.98407421875,2.35839453125,5.60376171875,0.582480468750001,2.7723046875,0.750988281249999
8.4878671875,6.8290234375,2.07054296875,2.24935546875,9.892734375,8.44186328125,7.15830078125,3.70844140625,7.6121015625,13.20691796875,4.68121484375,4.588859375,3.57976171875,11.8301875,8.13753125,2.63307421875,0.0767226562500003,4.7954609375,7.5682890625,8.16128125,1.2689375,6.8291484375,7.915,3.31441796875,4.88307421875,3.24439453125,3.31076171875,-1.01051953125,0.4133046875,-0.461011718750001
7.8878671875,6.1790234375,2.83654296875,2.65635546875,9.820734375,8.20586328125,7.34430078125,2.82744140625,6.7031015625,13.20291796875,4.70821484375,3.592859375,6.64176171875,10.5181875,7.80153125,1.94707421875,1.63372265625,3.0694609375,5.6732890625,6.76428125,1.2109375,7.6191484375,6.211,0.844417968749998,3.63207421875,3.87039453125,1.10276171875,-2.61851953125,-1.6956953125,-1.75101171875
7.5298671875,5.9850234375,4.20354296875,3.42335546875,10.483734375,8.34186328125,7.00130078125,2.15044140625,6.3661015625,13.50591796875,5.09121484375,3.086859375,10.71176171875,9.4451875,7.91353125,1.58507421875,4.62572265625,2.0004609375,4.3052890625,5.78828125,1.3009375,8.0891484375,4.806,-1.09458203125,2.47307421875,4.11839453125,-0.593238281250001,-3.94151953125,-3.1826953125,-2.84501171875
7.5768671875,6.3170234375,5.78554296875,4.64535546875,11.814734375,8.87686328125,6.39030078125,1.77544140625,6.7521015625,14.21391796875,5.82721484375,3.234859375,14.69876171875,8.9291875,8.50153125,1.64907421875,8.06272265625,2.0484609375,3.7402890625,5.46628125,1.5609375,8.3101484375,4.119,-2.02458203125,1.75407421875,4.00639453125,-1.36923828125,-4.61351953125,-3.7726953125,-3.46101171875
8.1178671875,7.1210234375,7.23254296875,6.26235546875,13.541734375,9.79486328125,6.01230078125,1.80944140625,7.7851015625,15.34991796875,6.97621484375,4.154859375,17.41276171875,9.1901875,9.58353125,2.30507421875,10.95772265625,3.3554609375,4.0952890625,6.00528125,2.0559375,8.5201484375,4.43,-1.67658203125,1.80507421875,3.68139453125,-0.99723828125,-4.32851953125,-3.3766953125,-3.42201171875
9.1778671875,8.2800234375,8.34054296875,8.04935546875,15.300734375,11.06486328125,6.39030078125,2.36844140625,9.2701015625,16.82191796875,8.59621484375,5.861859375,18.02476171875,10.2761875,11.10253125,3.68807421875,12.76872265625,5.7094609375,5.2712890625,7.46528125,2.8509375,8.9511484375,5.744,-0.137582031250002,2.77207421875,3.35039453125,0.432761718749999,-3.00451953125,-2.1416953125,-2.74601171875
10.6848671875,9.6410234375,9.11254296875,9.63935546875,16.766734375,12.62286328125,7.83730078125,3.54444140625,10.9621015625,18.42791796875,10.65021484375,8.211859375,16.37476171875,12.0141875,12.86353125,5.76907421875,13.48772265625,8.6174609375,6.9542890625,9.67628125,3.9599375,9.6711484375,7.749,2.13041796875,4.53207421875,3.19639453125,2.50776171875,-0.880519531249999,-0.4126953125,-1.64801171875
12.4408671875,11.0340234375,9.73954296875,10.62435546875,17.760734375,14.34886328125,10.33230078125,5.31744140625,12.6221015625,19.93691796875,12.99521484375,10.913859375,13.04376171875,14.0641875,14.56853125,8.31007421875,13.43972265625,11.4554609375,8.7472890625,12.29328125,5.3209375,10.5541484375,9.943,4.49241796875,6.76307421875,3.33539453125,4.66676171875,1.54748046875,1.4163046875,-0.410011718750001
14.1558671875,12.2930234375,10.52754296875,10.74535546875,18.319734375,16.09686328125,13.54430078125,7.50944140625,14.0871015625,21.21991796875,15.45121484375,13.606859375,9.22076171875,16.0781875,15.97253125,10.95507421875,12.97472265625,13.6694609375,10.3652890625,14.95928125,6.8309375,11.3761484375,11.88,6.44641796875,9.12607421875,3.83139453125,6.47076171875,3.74248046875,3.0823046875,0.777988281249999
15.5338671875,13.3080234375,11.74554296875,10.06935546875,18.677734375,17.74486328125,16.97030078125,9.81444140625,15.3461015625,22.32291796875,17.89421484375,15.977859375,6.36176171875,17.8651875,17.02953125,13.38307421875,12.29072265625,14.9474609375,11.7862890625,17.45928125,8.3969375,11.9321484375,13.37,7.86341796875,11.42507421875,4.69739453125,7.82076171875,5.35048046875,4.5393046875,1.92598828125
16.3708671875,14.0580234375,13.46854296875,9.01035546875,19.141734375,19.22486328125,20.06530078125,11.86544140625,16.5121015625,23.42091796875,20.25721484375,17.835859375,5.66576171875,19.4341875,17.92353125,15.42107421875,11.42872265625,15.3004609375,13.2432890625,19.77328125,9.9509375,12.1141484375,14.54,9.02241796875,13.63707421875,5.87139453125,8.97476171875,6.30448046875,5.9293046875,3.18998828125
16.6078671875,14.5960234375,15.47854296875,8.13135546875,19.933734375,20.48086328125,22.30330078125,13.31244140625,17.7131015625,24.67191796875,22.45221484375,19.115859375,7.56076171875,20.8951875,18.92353125,17.02407421875,10.42072265625,15.0104609375,15.0532890625,21.97928125,11.4139375,11.9191484375,15.706,10.41741796875,15.80307421875,7.17339453125,10.35276171875,6.76348046875,7.4433046875,4.71298828125
16.3278671875,14.9900234375,17.29854296875,7.84735546875,21.053734375,21.40586328125,23.26130078125,13.90944140625,18.9601015625,26.05691796875,24.28421484375,19.821859375,11.46076171875,22.2891875,20.16553125,18.18107421875,9.40472265625,14.4754609375,17.3702890625,24.09528125,12.6549375,11.4281484375,17.151,12.43941796875,17.87707421875,8.29139453125,12.25576171875,6.97248046875,9.1743046875,6.47198828125
15.7158671875,15.2590234375,18.39454296875,8.23335546875,22.256734375,21.84586328125,22.75030078125,13.61544140625,20.0811015625,27.32191796875,25.45921484375,19.987859375,15.98776171875,23.4721875,21.50953125,18.83307421875,8.65372265625,14.0134609375,20.0082890625,25.97428125,13.4949375,10.7741484375,18.913,15.11941796875,19.64507421875,8.85139453125,14.65576171875,7.14448046875,11.0263046875,8.23098828125
14.9888671875,15.3490234375,18.42454296875,9.01335546875,23.133734375,21.66286328125,20.94430078125,12.66044140625,20.7281015625,28.06091796875,25.69321484375,19.666859375,19.54976171875,24.1481875,22.57053125,18.87707421875,8.50472265625,13.7354609375,22.4562890625,27.31728125,13.7769375,10.1111484375,20.734,18.07341796875,20.79207421875,8.57239453125,17.19576171875,7.42348046875,12.7513046875,9.63698828125
14.3038671875,15.1630234375,17.41654296875,9.70335546875,23.263734375,20.81986328125,18.36530078125,11.45944140625,20.4811015625,27.90791796875,24.85721484375,18.939859375,20.96376171875,24.0161875,22.92253125,18.24007421875,9.24872265625,13.5434609375,24.0882890625,27.82228125,13.4519375,9.5871484375,22.176,20.67741796875,21.07207421875,7.42439453125,19.37076171875,7.88648046875,14.0693046875,10.39198828125
13.6948671875,14.5970234375,15.73154296875,9.81835546875,22.385734375,19.42086328125,15.68730078125,10.40544140625,19.0401015625,26.70591796875,23.05821484375,17.923859375,19.82176171875,22.9431875,22.31953125,16.96407421875,10.98572265625,13.2324609375,24.4552890625,27.33828125,12.6199375,9.3131484375,22.842,22.33941796875,20.45607421875,5.69539453125,20.77476171875,8.55448046875,14.7993046875,10.39298828125
13.0738671875,13.5890234375,13.87454296875,9.05435546875,20.506734375,17.67186328125,13.46330078125,9.66044140625,16.4481015625,24.57891796875,20.61021484375,16.748859375,16.47576171875,21.0511875,20.81653125,15.25307421875,13.47272265625,12.6284609375,23.4822890625,25.95828125,11.5009375,9.3181484375,22.551,22.74641796875,19.16107421875,3.91239453125,21.26676171875,9.37648046875,14.9343046875,9.77898828125
12.2948671875,12.1700234375,12.23954296875,7.36635546875,17.911734375,15.79286328125,11.96830078125,9.05744140625,13.1671015625,21.87891796875,17.93821484375,15.541859375,11.77376171875,18.6691875,18.73753125,13.45107421875,16.03072265625,11.6884609375,21.4772890625,23.99628125,10.3699375,9.5441484375,21.42,21.96341796875,17.56807421875,2.66639453125,20.98676171875,10.20848046875,14.6453046875,8.86798828125
11.2368671875,10.4950234375,10.95554296875,4.92135546875,15.081734375,13.94186328125,11.20030078125,8.15044140625,9.9351015625,19.06791796875,15.45921484375,14.420859375,6.76376171875,16.2111875,16.54853125,11.95807421875,17.64972265625,10.5324609375,18.9952890625,21.91028125,9.4949375,9.9061484375,19.82,20.39041796875,16.09707421875,2.42439453125,20.27276171875,10.84148046875,14.2353046875,8.03898828125
9.8578671875,8.8220234375,9.90054296875,1.96035546875,12.531734375,12.17186328125,11.00630078125,6.38744140625,7.4461015625,16.58491796875,13.49421484375,13.500859375,2.42676171875,14.0391875,14.68753125,11.11307421875,17.31872265625,9.3984609375,16.6342890625,20.17028125,9.0849375,10.3741484375,18.25,18.60041796875,15.09707421875,3.40939453125,19.51476171875,11.08248046875,14.0723046875,7.61198828125
8.1998671875,7.4060234375,8.84054296875,-1.31164453125,10.621734375,10.46186328125,11.20030078125,3.36244140625,6.0691015625,14.71591796875,12.18521484375,12.857859375,-0.562238281249999,12.3621875,13.42553125,11.07507421875,14.45072265625,8.5314609375,14.8302890625,19.10428125,9.2399375,10.9951484375,17.14,17.10241796875,14.75707421875,5.57039453125,19.01276171875,10.84548046875,14.4503046875,7.75298828125
6.3508671875,6.3590234375,7.60854296875,-4.75764453125,9.414734375,8.76286328125,11.61930078125,-0.940558593750001,5.7341015625,13.49191796875,11.46721484375,12.491859375,-2.08823828125,11.1831875,12.77553125,11.76507421875,9.19372265625,8.0454609375,13.6982890625,18.76228125,9.9089375,11.8191484375,16.657,16.12541796875,15.04807421875,8.62939453125,18.87076171875,10.19148046875,15.4473046875,8.42498828125
4.4118671875,5.5760234375,6.18954296875,-8.27664453125,8.651734375,7.03986328125,12.12030078125,-6.06355859375,6.0051015625,12.66391796875,11.07721484375,12.296859375,-2.70823828125,10.3011875,12.50053125,12.87507421875,2.49872265625,7.8464609375,13.0082890625,18.87228125,10.8709375,12.8001484375,16.613,15.53641796875,15.70707421875,12.14939453125,18.97576171875,9.30248046875,16.8483046875,9.40498828125
4.4118671875,5.5760234375,6.18954296875,-8.27664453125,8.651734375,7.03986328125,12.12030078125,-6.06355859375,6.0051015625,12.66391796875,11.07721484375,12.296859375,-2.70823828125,10.3011875,12.50053125,12.87507421875,2.49872265625,7.8464609375,13.0082890625,18.87228125,10.8709375,12.8001484375,16.613,15.53641796875,15.70707421875,12.14939453125,18.97576171875,9.30248046875,16.8483046875,9.40498828125
