"Fp1","Fpz","Fp2","F7","F3","Fz","F4","F8","FC5","FC1","FC2","FC6","T7","C3","Cz","C4","T8","CP5","CP1","CP2","CP6","P7","P3","Pz","P4","P8","POz","O1","Oz","O2"
-1.040125,7.24719921875,2.2378984375,7.42045703125,-4.51272265625,1.94615625,1.74141796875,2.48441015625,-0.58511328125,2.274046875,-1.94926171875,-0.2837109375,-1.13835546875,-3.40788671875,0.1567578125,0.95311328125,2.1334375,1.63534375,-6.9774375,2.13276953125,1.228484375,-0.0329335937499999,-0.47444140625,-11.22523828125,-3.448375,-2.3723046875,-6.20703515625,-8.47598046875,-5.8923515625,-4.15497265625
-2.618125,2.40419921875,0.5138984375,2.30945703125,-4.44372265625,-0.23884375,0.0344179687500001,-0.56858984375,1.17388671875,2.862046875,-2.89726171875,-1.1327109375,-8.44835546875,-2.47988671875,2.2697578125,1.00211328125,-0.7655625,0.75534375,1.1925625,1.58876953125,1.722484375,3.53306640625,1.25355859375,-6.74423828125,0.500625,3.0036953125,-0.803035156249999,-5.05598046875,0.313648437499999,-2.81297265625
-2.750125,0.13619921875,-0.7281015625,-1.80154296875,-4.93472265625,-1.94184375,-1.50758203125,-2.51058984375,1.85488671875,2.380046875,-4.52926171875,-2.1317109375,-12.48435546875,-2.67688671875,1.6637578125,-0.0788867187499998,-2.4925625,-0.46765625,4.4905625,-0.0202304687500003,1.386484375,5.15606640625,1.38255859375,-5.34623828125,1.752625,5.5146953125,1.36996484375,-3.13498046875,3.1486484375,-2.51597265625
-1.441125,0.49219921875,-1.4021015625,-4.48354296875,-5.98672265625,-3.13184375,-2.81258203125,-3.40958984375,1.45088671875,0.869046875,-6.69326171875,-3.2187109375,-12.29235546875,-3.95588671875,-1.4382421875,-2.09188671875,-2.9605625,-1.99365625,3.1495625,-2.57623046875,0.294484375000001,4.98706640625,-0.0454414062500001,-6.87323828125,0.618625,5.5346953125,0.397964843750001,-2.76098046875,2.8876484375,-2.96097265625
0.766875,2.59419921875,-1.6011015625,-5.42554296875,-7.37972265625,-3.85484375,-3.82558203125,-3.65458984375,0.29888671875,-1.223953125,-8.92526171875,-4.2547109375,-8.06535546875,-5.86888671875,-5.8142421875,-4.42188671875,-2.4685625,-3.59965625,-1.0824375,-5.50623046875,-1.212515625,3.73706640625,-2.45144140625,-10.15823828125,-1.748375,4.2986953125,-2.65303515625,-3.56498046875,0.809648437499999,-3.49097265625
3.047875,5.03519921875,-1.5681015625,-4.54854296875,-8.73872265625,-4.14284375,-4.49758203125,-3.66758984375,-1.06711328125,-3.234953125,-10.65126171875,-5.0667109375,-1.31635546875,-7.75488671875,-9.8202421875,-6.35588671875,-1.5395625,-4.93965625,-5.9374375,-8.01523046875,-2.697515625,2.24306640625,-4.99344140625,-13.65923828125,-4.031375,3.1526953125,-6.33803515625,-4.98198046875,-1.5863515625,-3.48097265625
4.663875,6.51119921875,-1.5861015625,-2.13154296875,-9.65372265625,-3.98784375,-4.77658203125,-3.67958984375,-2.10511328125,-4.551953125,-11.41426171875,-5.5197109375,5.62964453125,-8.99588671875,-12.0642421875,-7.38288671875,-0.6975625,-5.70265625,-9.5064375,-9.42523046875,-3.767515625,1.12806640625,-6.89044140625,-16.10623828125,-5.305375,2.9336953125,-9.41403515625,-6.48398046875,-3.2503515625,-2.68197265625
5.272875,6.39219921875,-1.8311015625,1.15845703125,-9.81972265625,-3.39084375,-4.64558203125,-3.70458984375,-2.44911328125,-4.851953125,-11.06426171875,-5.5567109375,10.63464453125,-9.23688671875,-11.9072421875,-7.35688671875,-0.2865625,-5.76165625,-10.7694375,-9.47723046875,-4.175515625,0.64306640625,-7.70844140625,-16.91423828125,-5.291375,3.7136953125,-11.21603515625,-7.78098046875,-3.8723515625,-1.36497265625
4.980875,4.92919921875,-2.3071015625,4.41545703125,-9.15472265625,-2.44084375,-4.18558203125,-3.63758984375,-2.04711328125,-4.209953125,-9.82226171875,-5.2297109375,12.61464453125,-8.51088671875,-9.6612421875,-6.52488671875,-0.3935625,-5.23865625,-9.7954375,-8.44323046875,-3.892515625,0.65206640625,-7.49844140625,-16.29123828125,-4.356375,4.8656953125,-11.79503515625,-8.93098046875,-3.8543515625,-0.22097265625
4.176875,3.00119921875,-2.9001015625,6.75445703125,-7.83572265625,-1.34584375,-3.61158203125,-3.39258984375,-1.16611328125,-3.064953125,-8.23726171875,-4.7097109375,11.76164453125,-7.22488671875,-6.4182421875,-5.43488671875,-0.9025625,-4.48165625,-7.5784375,-7.04223046875,-3.151515625,0.72906640625,-6.76744140625,-15.03323828125,-3.300375,5.3856953125,-11.77503515625,-10.24498046875,-3.9923515625,-0.0489726562500001
3.248875,1.59819921875,-3.4971015625,7.56145703125,-6.22772265625,-0.41284375,-3.23558203125,-2.99358984375,-0.23811328125,-2.030953125,-7.00426171875,-4.2667109375,9.09664453125,-5.99688671875,-3.6032421875,-4.74388671875,-1.6175625,-3.96665625,-5.5124375,-6.16423046875,-2.421515625,0.40606640625,-6.22444140625,-14.09923828125,-2.987375,4.4046953125,-11.96503515625,-12.00098046875,-4.9773515625,-1.36697265625
2.375875,1.35319921875,-4.0571015625,6.64345703125,-4.72872265625,0.04415625,-3.35858203125,-2.60258984375,0.36188671875,-1.638953125,-6.70526171875,-4.1967109375,5.78864453125,-5.37588671875,-2.3962421875,-4.96988671875,-2.3745625,-4.10365625,-4.7204375,-6.51523046875,-2.258515625,-0.53593359375,-6.42444140625,-14.13323828125,-3.952375,1.6936953125,-12.88603515625,-14.13598046875,-6.9533515625,-4.09797265625
1.497875,2.32219921875,-4.5901015625,4.30145703125,-3.61372265625,-0.14584375,-4.13458203125,-2.42958984375,0.48288671875,-2.109953125,-7.56126171875,-4.7027109375,2.73164453125,-5.58188671875,-3.2952421875,-6.27488671875,-3.0905625,-4.99865625,-5.6114375,-8.28823046875,-3.074515625,-1.91293359375,-7.46544140625,-15.18523828125,-6.162375,-2.1393046875,-14.50403515625,-16.15998046875,-9.4053515625,-7.52197265625
0.482875,4.01919921875,-5.0851015625,1.26345703125,-2.96072265625,-0.90084375,-5.43958203125,-2.57858984375,0.23388671875,-3.260953125,-9.31926171875,-5.7667109375,0.47464453125,-6.39188671875,-5.9452421875,-8.37988671875,-3.7545625,-6.31565625,-7.7984375,-11.03123046875,-4.931515625,-3.21793359375,-8.92144140625,-16.73123828125,-9.041375,-5.9083046875,-16.26803515625,-17.35298046875,-11.4433515625,-10.54797265625
-0.624125,5.64919921875,-5.4601015625,-1.52154296875,-2.70272265625,-1.90584375,-6.86758203125,-2.92858984375,-0.10111328125,-4.594953125,-11.34926171875,-7.1137109375,-0.71535546875,-7.25088671875,-9.2872421875,-10.64388671875,-4.3545625,-7.38265625,-10.3074375,-13.80623046875,-7.440515625,-3.86993359375,-10.02744140625,-17.92823828125,-11.689375,-8.3973046875,-17.37603515625,-17.11798046875,-12.2443515625,-12.18297265625
-1.475125,6.44619921875,-5.5711015625,-3.20754296875,-2.72472265625,-2.76084375,-7.88558203125,-3.19758984375,-0.21411328125,-5.503953125,-12.88326171875,-8.2807109375,-0.86935546875,-7.54388671875,-11.9492421875,-12.27988671875,-4.7875625,-7.53065625,-11.9484375,-15.55723046875,-9.831515625,-3.49593359375,-10.03044140625,-17.95623828125,-13.185375,-8.8603046875,-17.09503515625,-15.27898046875,-11.3743515625,-11.93797265625
-1.532125,6.03919921875,-5.2561015625,-3.34354296875,-2.90572265625,-3.13684375,-8.06958203125,-3.10558984375,0.0958867187500003,-5.491953125,-13.28526171875,-8.7787109375,-0.37935546875,-6.86588671875,-12.7442421875,-12.63388671875,-4.8245625,-6.41865625,-11.8044375,-15.50623046875,-11.210515625,-2.11293359375,-8.54044140625,-16.32823828125,-12.918375,-7.2833046875,-15.05203515625,-12.17298046875,-8.9343515625,-9.97397265625
-0.339125,4.67819921875,-4.3981015625,-1.97054296875,-3.08772265625,-2.84384375,-7.26258203125,-2.49258984375,0.88688671875,-4.321953125,-12.25126171875,-8.2707109375,0.0976445312500001,-5.16688671875,-11.1112421875,-11.41688671875,-4.2175625,-4.17965625,-9.6594375,-13.42623046875,-10.931515625,-0.14293359375,-5.70844140625,-13.08123828125,-10.841375,-4.3363046875,-11.42503515625,-8.51398046875,-5.5073515625,-6.97097265625
2.259875,3.18219921875,-2.9781015625,0.47645703125,-3.05372265625,-1.85784375,-5.58758203125,-1.34658984375,2.09288671875,-2.088953125,-9.88926171875,-6.7177109375,-0.00235546874999981,-2.75188671875,-7.3012421875,-8.80888671875,-2.9015625,-1.34165625,-6.0824375,-9.69923046875,-8.900515625,1.79306640625,-2.16244140625,-8.77023828125,-7.511375,-1.0673046875,-6.90403515625,-5.10698046875,-1.9463515625,-3.82997265625
6.043875,2.56919921875,-1.1171015625,3.39445703125,-2.60972265625,-0.33384375,-3.36458203125,0.19441015625,3.56188671875,0.788046875,-6.68026171875,-4.4157109375,-0.70335546875,-0.15288671875,-2.2652421875,-5.39988671875,-1.1655625,1.38634375,-2.1244375,-5.18823046875,-5.670515625,3.17806640625,1.24155859375,-4.26923828125,-3.868375,1.5456953125,-2.45303515625,-2.56998046875,0.947648437499999,-1.34897265625
10.419875,3.51619921875,0.9088984375,6.20945703125,-1.71672265625,1.39315625,-1.02358203125,1.84541015625,5.05588671875,3.667046875,-3.33626171875,-1.9267109375,-1.32835546875,2.04711328125,2.6937578125,-1.99888671875,0.3704375,3.35434375,1.1345625,-0.95823046875,-2.267515625,3.78406640625,3.72455859375,-0.48823828125,-0.901375,2.9396953125,1.01296484375,-1.21798046875,2.6776484375,-0.00797265624999977
14.436875,5.94119921875,2.7058984375,8.47345703125,-0.56172265625,2.88315625,0.98341796875,3.23741015625,6.28088671875,5.873046875,-0.585261718750001,0.0982890625000006,-0.88635546875,3.40011328125,6.3507578125,0.603113281250001,1.0104375,4.17634375,2.9105625,2.07076953125,0.200484375,3.64106640625,4.81055859375,1.87176171875,0.655625,3.0676953125,2.87296484375,-1.10998046875,3.0926484375,0.0910273437500004
16.922875,8.94819921875,3.8708984375,9.89045703125,0.51427734375,3.74315625,2.30641796875,4.06441015625,6.98388671875,6.934046875,1.05973828125,1.1662890625,1.14864453125,3.72711328125,7.9527578125,1.88411328125,0.3884375,3.82534375,2.9045625,3.40476953125,1.011484375,2.89706640625,4.43955859375,2.50276171875,0.545625,2.2806953125,2.94496484375,-2.13898046875,2.3236484375,-0.83797265625
16.873875,11.22319921875,4.1558984375,10.31745703125,1.19827734375,3.76415625,2.81241796875,4.21241015625,7.07588671875,6.761046875,1.46273828125,1.1482890625,4.26664453125,3.17611328125,7.4717578125,1.76811328125,-1.2375625,2.62134375,1.4215625,3.12076953125,0.184484375,1.77206640625,2.97355859375,1.60976171875,-0.902375,1.1196953125,1.54196484375,-4.03798046875,0.731648437499999,-2.36697265625
13.991875,11.67519921875,3.5988984375,9.78845703125,1.36427734375,3.01115625,2.61441796875,3.78641015625,6.67388671875,5.690046875,0.90573828125,0.3542890625,7.11364453125,2.16111328125,5.5917578125,0.66311328125,-2.9965625,1.15434375,-0.6944375,1.79876953125,-1.479515625,0.63006640625,1.08255859375,-0.13023828125,-2.867375,0.0916953124999999,-0.594035156249999,-6.33298046875,-1.1293515625,-3.96897265625
9.043875,9.98919921875,2.5548984375,8.55245703125,1.13427734375,1.79915625,2.00941796875,3.06141015625,6.03288671875,4.330046875,-0.040261718750001,-0.599710937499999,8.42764453125,1.19611328125,3.4047578125,-0.70588671875,-3.7685625,0.13834375,-2.4154375,0.29076953125,-2.743515625,-0.00193359374999991,-0.46644140625,-1.81723828125,-4.366375,-0.5413046875,-2.54903515625,-8.35398046875,-2.6473515625,-5.13997265625
3.707875,6.81019921875,1.5838984375,7.03145703125,0.76727734375,0.56515625,1.34541796875,2.38041015625,5.40788671875,3.290046875,-0.76226171875,-1.0777109375,7.97764453125,0.674113281250001,1.9327578125,-1.60488671875,-2.7305625,0.17334375,-3.0074375,-0.60923046875,-2.538515625,0.39706640625,-1.09344140625,-2.71023828125,-4.670375,-0.8433046875,-3.60003515625,-9.43198046875,-3.3763515625,-5.52897265625
-0.0881249999999998,3.45719921875,1.2028984375,5.64045703125,0.45327734375,-0.34284375,0.86941796875,2.03241015625,4.91088671875,2.881046875,-0.88726171875,-0.7507109375,6.71764453125,0.687113281250001,1.7097578125,-1.61488671875,0.1464375,1.43034375,-2.3384375,-0.49623046875,-0.544515625,1.99706640625,-0.64544140625,-2.52023828125,-3.601375,-1.0473046875,-3.47903515625,-9.19698046875,-3.2293515625,-5.05197265625
-0.983125,1.32319921875,1.6358984375,4.58345703125,0.140277343749999,-0.84384375,0.62141796875,2.10441015625,4.42688671875,2.954046875,-0.452261718750001,0.2332890625,6.02764453125,0.95711328125,2.5897578125,-0.82188671875,3.9384375,3.43834375,-0.8824375,0.481769531249999,2.557484375,4.36506640625,0.52355859375,-1.48623828125,-1.554375,-1.3043046875,-2.44303515625,-7.81898046875,-2.4873515625,-3.91997265625
1.313875,1.26719921875,2.6938984375,3.80845703125,-0.42372265625,-1.11684375,0.44841796875,2.46241015625,3.67088671875,3.012046875,0.16373828125,1.3482890625,6.69464453125,0.985113281250001,3.8937578125,0.25911328125,7.1344375,5.22634375,0.5125625,1.74776953125,5.374484375,6.54306640625,1.72755859375,-0.19623828125,0.700625,-1.5163046875,-1.09103515625,-5.95998046875,-1.6463515625,-2.53197265625
6.048875,3.31919921875,3.8968984375,3.17245703125,-1.44172265625,-1.38984375,0.17241796875,2.88341015625,2.43488671875,2.552046875,0.502738281249999,2.0132890625,8.37464453125,0.357113281250001,4.8047578125,0.99011328125,8.3774375,5.82834375,1.0275625,2.64976953125,6.526484375,7.51106640625,2.31955859375,0.75276171875,2.387625,-1.3603046875,-0.034035156249999,-4.40698046875,-1.1363515625,-1.24097265625
11.816875,6.75619921875,4.7558984375,2.66245703125,-2.79772265625,-1.72884375,-0.22758203125,3.24141015625,0.85288671875,1.430046875,0.318738281249999,1.9282890625,9.84664453125,-0.95988671875,4.8147578125,0.97311328125,7.1754375,4.84634375,0.2975625,2.82276953125,5.399484375,6.77906640625,2.05455859375,1.06676171875,3.092625,-0.4813046875,0.433964843750001,-3.61898046875,-1.0623515625,-0.15997265625
17.001875,10.41519921875,4.9878984375,2.44745703125,-4.04872265625,-2.01884375,-0.60558203125,3.52241015625,-0.56111328125,-0.029953125,-0.316261718750001,1.1942890625,9.75864453125,-2.56788671875,3.9477578125,0.23411328125,4.1164375,2.65034375,-1.3584375,2.31376953125,2.456484375,4.67506640625,1.17055859375,0.865761718749999,2.914625,1.2516953125,0.45896484375,-3.51898046875,-1.1533515625,0.82502734375
20.085875,13.00719921875,4.5428984375,2.73745703125,-4.72172265625,-2.13884375,-0.83058203125,3.69741015625,-1.22211328125,-1.259953125,-1.13126171875,0.166289062500001,7.35164453125,-3.88588671875,2.6247578125,-0.88788671875,0.4914375,0.0933437500000003,-3.1784375,1.42276953125,-1.076515625,2.08506640625,0.15255859375,0.48876171875,2.280625,3.5056953125,0.41096484375,-3.70698046875,-1.0273515625,1.81902734375
19.906875,13.43719921875,3.4898984375,3.57445703125,-4.66372265625,-2.13884375,-0.95558203125,3.62641015625,-0.89011328125,-1.836953125,-1.89426171875,-0.809710937499999,2.83664453125,-4.53188671875,1.3027578125,-2.03088671875,-2.3855625,-2.02665625,-4.4834375,0.43876953125,-3.893515625,-0.11393359375,-0.630441406250001,0.173761718750001,1.565625,5.4636953125,0.531964843750001,-3.85098046875,-0.5543515625,2.70102734375
15.979875,11.15419921875,1.9358984375,4.70945703125,-4.17072265625,-2.25384375,-1.21158203125,3.11941015625,0.15388671875,-1.734953125,-2.55526171875,-1.5717109375,-2.63935546875,-4.52788671875,0.1927578125,-3.02088671875,-3.7305625,-3.33665625,-5.0604375,-0.54123046875,-5.204515625,-1.47293359375,-1.11544140625,-0.111238281249999,0.871625,6.1556953125,0.747964843750001,-3.90698046875,0.0376484374999997,3.12902734375
8.828875,6.45719921875,0.0648984374999999,5.63045703125,-3.76372265625,-2.73784375,-1.81758203125,2.07541015625,1.29688671875,-1.286953125,-3.20126171875,-2.1467109375,-7.39835546875,-4.20888671875,-0.7622421875,-3.87288671875,-3.4885625,-3.90565625,-5.1244375,-1.58023046875,-4.973515625,-1.97593359375,-1.44544140625,-0.563238281249999,0.0886250000000004,4.9906953125,0.796964843750001,-4.00298046875,0.4056484375,2.79002734375
0.102875,0.55419921875,-1.8041015625,5.74745703125,-3.80872265625,-3.63184375,-2.78358203125,0.58441015625,1.98088671875,-0.906953125,-3.88626171875,-2.6407109375,-9.88335546875,-3.93288671875,-1.6922421875,-4.65988671875,-2.2275625,-3.98665625,-5.0404375,-2.74323046875,-3.808515625,-1.81393359375,-1.74944140625,-1.30923828125,-0.905375,2.1046953125,0.47496484375,-4.21698046875,0.398648437499999,1.64302734375
-7.774125,-4.76080078125,-3.2341015625,4.65545703125,-4.26172265625,-4.63284375,-3.83758203125,-1.05958984375,1.99088671875,-0.795953125,-4.48926171875,-3.1107109375,-9.28535546875,-3.83588671875,-2.6062421875,-5.38188671875,-0.8605625,-3.76665625,-5.0974375,-3.95123046875,-2.648515625,-1.20393359375,-2.01344140625,-2.28423828125,-2.137375,-1.7263046875,-0.233035156249999,-4.47298046875,0.1016484375,-0.0489726562500001
-12.406125,-7.72580078125,-3.8091015625,2.36145703125,-4.69572265625,-5.17884375,-4.51058203125,-2.42358984375,1.51188671875,-0.824953125,-4.72426171875,-3.5167109375,-5.81035546875,-3.80288671875,-3.3182421875,-5.93388671875,-0.3155625,-3.29665625,-5.4054375,-4.97923046875,-2.394515625,-0.35493359375,-2.12844140625,-3.27823828125,-3.539375,-5.4733046875,-1.19603515625,-4.63098046875,-0.3283515625,-1.88697265625
-12.420125,-7.30580078125,-3.3221015625,-0.64654296875,-4.58472265625,-4.73384375,-4.35658203125,-3.09658984375,0.95088671875,-0.648953125,-4.29426171875,-3.7417109375,-0.50435546875,-3.60588671875,-3.5262421875,-6.14688671875,-1.1875625,-2.61565625,-5.8384375,-5.57123046875,-3.531515625,0.52106640625,-2.01944140625,-4.05023828125,-4.965375,-8.2223046875,-2.22303515625,-4.62198046875,-0.8163515625,-3.53597265625
-8.114125,-3.67380078125,-1.9121015625,-3.51254296875,-3.63272265625,-3.10084375,-3.19958203125,-2.88958984375,0.67888671875,0.062046875,-3.08726171875,-3.6637109375,5.19564453125,-3.09588671875,-2.9812421875,-5.86988671875,-3.4615625,-1.86965625,-6.0964375,-5.57923046875,-5.891515625,1.21306640625,-1.75144140625,-4.45623828125,-6.207375,-9.4063046875,-3.15003515625,-4.50998046875,-1.3823515625,-4.81497265625
-1.359125,1.78119921875,-0.0771015625000002,-5.26954296875,-1.92872265625,-0.55084375,-1.25658203125,-1.91658984375,0.84688671875,1.399046875,-1.28526171875,-3.2227109375,9.96964453125,-2.29388671875,-1.6592421875,-5.06688671875,-6.4595625,-1.30565625,-5.9034375,-5.03623046875,-8.687515625,1.54106640625,-1.52944140625,-4.51623828125,-7.078375,-8.9593046875,-3.93303515625,-4.48498046875,-2.1143515625,-5.71697265625
5.294875,7.00919921875,1.5088984375,-5.17254296875,0.15827734375,2.32015625,0.95941796875,-0.48458984375,1.39788671875,3.152046875,0.682738281249999,-2.4547109375,13.00664453125,-1.35188671875,0.171757812500001,-3.86388671875,-9.0665625,-1.11265625,-5.2154375,-4.14723046875,-10.829515625,1.41606640625,-1.59044140625,-4.41323828125,-7.510375,-7.3723046875,-4.67803515625,-4.75798046875,-3.1353515625,-6.38597265625
9.792875,10.23119921875,2.3078984375,-3.03554296875,2.22327734375,4.87515625,2.91041796875,1.11141015625,2.21688671875,4.907046875,2.33273828125,-1.4437109375,14.13864453125,-0.43988671875,2.0537578125,-2.48688671875,-10.1605625,-1.28565625,-4.2064375,-3.18423046875,-11.355515625,0.91306640625,-2.04344140625,-4.36123828125,-7.539375,-5.5263046875,-5.54903515625,-5.41498046875,-4.5023515625,-7.03197265625
11.378875,10.76819921875,2.1998984375,0.60645703125,4.01527734375,6.70115625,4.28641796875,2.71241015625,3.23288671875,6.244046875,3.34473828125,-0.257710937499999,13.62164453125,0.34711328125,3.5417578125,-1.13588671875,-9.0125625,-1.61965625,-3.0994375,-2.36323046875,-9.780515625,0.27006640625,-2.78044140625,-4.44223828125,-7.187375,-4.2903046875,-6.58603515625,-6.32198046875,-6.0643515625,-7.77197265625
10.625875,9.26519921875,1.5318984375,4.66845703125,5.44227734375,7.70615625,5.09141796875,4.27141015625,4.37088671875,6.903046875,3.69273828125,1.0902890625,11.70064453125,0.974113281250001,4.3617578125,0.108113281250001,-5.5405625,-1.87065625,-2.0784375,-1.75623046875,-6.266515625,-0.25493359375,-3.53344140625,-4.55723828125,-6.384375,-4.1023046875,-7.63003515625,-7.15398046875,-7.4363515625,-8.48397265625
8.785875,7.16019921875,0.8718984375,7.95245703125,6.42627734375,8.03215625,5.52341796875,5.75141015625,5.44088671875,6.824046875,3.58473828125,2.5822890625,8.30664453125,1.37611328125,4.4527578125,1.23811328125,-0.3815625,-1.92965625,-1.3314375,-1.30923046875,-1.624515625,-0.56793359375,-4.04044140625,-4.52923828125,-5.062375,-4.7983046875,-8.41103515625,-7.56198046875,-8.1473515625,-8.78897265625
6.933875,5.75019921875,0.6358984375,9.59845703125,6.77227734375,7.85415625,5.77241796875,7.02141015625,6.10388671875,6.061046875,3.25673828125,4.0922890625,3.19164453125,1.39511328125,3.8927578125,2.19011328125,5.2084375,-1.91265625,-1.0614375,-0.96823046875,2.881484375,-0.78693359375,-4.19544140625,-4.25423828125,-3.299375,-5.7203046875,-8.70303515625,-7.34798046875,-7.8673515625,-8.23897265625
5.441875,5.47319921875,0.8368984375,9.32645703125,6.18327734375,7.20515625,5.84441796875,7.82841015625,5.98788671875,4.683046875,2.79373828125,5.3502890625,-3.48235546875,0.815113281250001,2.8347578125,2.76111328125,9.6864375,-2.08365625,-1.3974375,-0.79423046875,5.926484375,-1.09293359375,-4.08044140625,-3.77323828125,-1.399375,-6.0643046875,-8.43503515625,-6.54998046875,-6.5533515625,-6.60597265625
4.029875,5.81619921875,1.1268984375,7.43645703125,4.43927734375,5.97715625,5.55541796875,7.89341015625,4.88188671875,2.740046875,2.09473828125,6.0302890625,-10.53735546875,-0.492886718749999,1.4487578125,2.65711328125,11.7744375,-2.64565625,-2.3214375,-0.96423046875,6.600484375,-1.53693359375,-3.88344140625,-3.25423828125,0.176625,-5.2873046875,-7.73203515625,-5.41698046875,-4.4923515625,-4.11597265625
2.263875,5.81919921875,1.0728984375,4.63545703125,1.60827734375,4.08815625,4.68641796875,7.10541015625,2.89988671875,0.325046875,0.99573828125,5.9052890625,-15.77135546875,-2.43488671875,-0.1032421875,1.64511328125,10.9914375,-3.55265625,-3.7054375,-1.65623046875,4.763484375,-1.97393359375,-3.76744140625,-2.92323828125,0.948625,-3.4243046875,-6.90303515625,-4.28898046875,-2.2503515625,-1.44197265625
0.078875,4.79719921875,0.4518984375,1.75845703125,-1.86672265625,1.64415625,3.18941796875,5.65441015625,0.50988671875,-2.363953125,-0.580261718750001,4.9682890625,-16.91335546875,-4.66288671875,-1.6742421875,-0.303886718749999,7.8434375,-4.50065625,-5.3564375,-2.92423046875,1.058484375,-2.16293359375,-3.79644140625,-2.98023828125,0.601625,-1.1033046875,-6.33803515625,-3.44998046875,-0.504351562500001,0.55502734375
-2.038125,2.80519921875,-0.6201015625,-0.50454296875,-5.28972265625,-1.03084375,1.27341796875,3.96641015625,-1.61411328125,-5.014953125,-2.54026171875,3.4342890625,-13.08835546875,-6.67488671875,-3.1342421875,-2.95188671875,3.5534375,-5.11365625,-7.0154375,-4.66223046875,-3.409515625,-1.93093359375,-3.93744140625,-3.51423828125,-0.879375,0.7756953125,-6.34203515625,-3.02198046875,0.225648437499999,1.20402734375
-3.315125,0.58219921875,-1.7811015625,-1.75554296875,-7.96272265625,-3.50684375,-0.67158203125,2.48841015625,-2.86611328125,-7.257953125,-4.62926171875,1.6602890625,-5.67235546875,-8.01188671875,-4.3822421875,-5.83888671875,-0.4795625,-5.19665625,-8.3834375,-6.63823046875,-7.533515625,-1.30593359375,-4.11444140625,-4.46323828125,-3.184375,1.5016953125,-6.99103515625,-2.95698046875,-0.2193515625,0.320027343750001
-3.188125,-0.90780078125,-2.6271015625,-1.88554296875,-9.41672265625,-5.39484375,-2.22958203125,1.52041015625,-2.96711328125,-8.758953125,-6.49826171875,0.0482890625000008,2.28464453125,-8.42788671875,-5.3702421875,-8.40688671875,-3.1905625,-4.82865625,-9.2774375,-8.54723046875,-10.539515625,-0.53293359375,-4.27344140625,-5.64323828125,-5.797375,0.8556953125,-8.13403515625,-3.11398046875,-1.6303515625,-1.73197265625
-1.701125,-1.00880078125,-2.8811015625,-1.01954296875,-9.52272265625,-6.44184375,-3.08358203125,1.21741015625,-2.03011328125,-9.304953125,-7.79626171875,-1.0327109375,7.73864453125,-7.95488671875,-6.1082421875,-10.13888671875,-4.0955625,-4.27265625,-9.7194375,-10.06823046875,-12.062515625,0.0670664062500002,-4.39144140625,-6.81323828125,-8.149375,-0.8183046875,-9.48103515625,-3.35898046875,-3.5643515625,-4.19997265625
0.428875,0.36619921875,-2.4511015625,0.50045703125,-8.46972265625,-6.59184375,-3.07658203125,1.65641015625,-0.44911328125,-8.857953125,-8.28026171875,-1.3157109375,9.22964453125,-6.83388671875,-6.6292421875,-10.67688671875,-3.3055625,-3.78265625,-9.8564375,-10.92723046875,-12.033515625,0.30206640625,-4.44344140625,-7.70423828125,-9.722375,-2.7773046875,-10.69903515625,-3.64698046875,-5.5173515625,-6.24597265625
2.104875,2.77019921875,-1.4171015625,2.13645703125,-6.67472265625,-5.99184375,-2.25758203125,2.81641015625,1.28688671875,-7.594953125,-7.88626171875,-0.701710937499999,7.34964453125,-5.40488671875,-6.9442421875,-9.90488671875,-1.4025625,-3.46865625,-9.7934375,-10.96623046875,-10.581515625,0.19106640625,-4.39244140625,-8.06123828125,-10.150375,-4.2013046875,-11.50403515625,-4.09298046875,-7.0993515625,-7.29297265625
2.372875,5.43619921875,-0.0141015625000003,3.27645703125,-4.67372265625,-4.95184375,-0.90258203125,4.49741015625,2.73688671875,-5.887953125,-6.76026171875,0.679289062500001,4.01164453125,-4.00788671875,-7.0412421875,-8.01488671875,0.7224375,-3.29165625,-9.5524375,-10.20423046875,-8.071515625,-0.13593359375,-4.23544140625,-7.73123828125,-9.356375,-4.5743046875,-11.77503515625,-4.97298046875,-8.2023515625,-7.29197265625
0.892875,7.52319921875,1.3938984375,3.46445703125,-3.01572265625,-3.84684375,0.55441796875,6.29441015625,3.60088671875,-4.224953125,-5.22526171875,2.4602890625,1.13564453125,-2.94188671875,-6.9062421875,-5.49488671875,2.1004375,-3.16665625,-9.1564375,-8.84323046875,-5.162515625,-0.60493359375,-4.04744140625,-6.75423828125,-7.668375,-3.9533046875,-11.62703515625,-6.59398046875,-9.0553515625,-6.75397265625
-1.887125,8.35719921875,2.4038984375,2.62045703125,-2.11972265625,-3.00784375,1.67141796875,7.69141015625,3.78388671875,-3.047953125,-3.67926171875,4.1362890625,-0.43935546875,-2.41488671875,-6.5252421875,-2.96688671875,2.0664375,-3.07565625,-8.6334375,-7.20623046875,-2.679515625,-1.25293359375,-3.95144140625,-5.34423828125,-5.703375,-2.8943046875,-11.31703515625,-9.06298046875,-10.0453515625,-6.47197265625
-4.945125,7.64919921875,2.7398984375,1.14245703125,-2.12672265625,-2.61484375,2.18341796875,8.26941015625,3.43888671875,-2.562953125,-2.42526171875,5.2712890625,-1.21835546875,-2.46288671875,-5.8402421875,-0.93088671875,0.6654375,-3.08165625,-7.9424375,-5.58923046875,-1.239515625,-2.14293359375,-4.01844140625,-3.74823828125,-4.032375,-2.0823046875,-11.03403515625,-12.08298046875,-11.3573515625,-7.05197265625
-7.126125,5.65519921875,2.4378984375,-0.18154296875,-2.78772265625,-2.59684375,2.13641796875,7.91941015625,2.94988671875,-2.617953125,-1.52126171875,5.7242890625,-2.34235546875,-2.86088671875,-4.7232421875,0.47111328125,-1.2025625,-3.20365625,-6.9464375,-4.09123046875,-0.873515625,-3.23693359375,-4.14444140625,-2.08823828125,-2.842375,-1.9083046875,-10.72303515625,-14.95398046875,-12.7313515625,-8.48097265625
-7.571125,3.16419921875,1.8968984375,-0.44354296875,-3.49872265625,-2.60584375,1.90041796875,6.97041015625,2.82488671875,-2.721953125,-0.73026171875,5.7432890625,-4.38635546875,-3.13088671875,-2.9962421875,1.49911328125,-2.1585625,-3.24065625,-5.5044375,-2.54323046875,-0.949515625,-4.32693359375,-4.02144140625,-0.298238281250001,-1.830375,-2.2423046875,-10.08303515625,-16.78198046875,-13.5113515625,-10.01697265625
-5.924125,1.27719921875,1.7528984375,0.97145703125,-3.51872265625,-2.14884375,2.02641796875,6.08341015625,3.52188671875,-2.250953125,0.348738281249999,5.8452890625,-6.55035546875,-2.69088671875,-0.5272421875,2.62311328125,-1.1455625,-2.75065625,-3.5474375,-0.62923046875,-0.530515625,-5.03293359375,-3.21844140625,1.81776171875,-0.406375,-2.5093046875,-8.71703515625,-16.81598046875,-12.9463515625,-10.51497265625
-2.354125,1.01519921875,2.5738984375,3.98345703125,-2.32772265625,-0.86584375,2.95641796875,5.91341015625,5.22588671875,-0.761953125,2.01973828125,6.5022890625,-6.96235546875,-1.13588671875,2.6367578125,4.20311328125,1.8834375,-1.27465625,-1.1144375,1.84476953125,1.039484375,-4.91393359375,-1.39944140625,4.43876171875,1.915625,-2.0343046875,-6.35803515625,-14.76298046875,-10.5943515625,-9.06497265625
2.530875,2.90219921875,4.5448984375,7.67545703125,0.0772773437499996,1.22515625,4.73841796875,6.72841015625,7.66988671875,1.742046875,4.24673828125,7.8432890625,-3.99635546875,1.48511328125,6.1527578125,6.21811328125,5.8574375,1.30534375,1.5665625,4.71176953125,3.686484375,-3.70793359375,1.42455859375,7.50276171875,5.120625,-0.5073046875,-3.11703515625,-10.98898046875,-6.6533515625,-5.58597265625
7.813875,6.69919921875,7.3048984375,10.60445703125,3.12627734375,3.67815625,6.94041796875,8.26741015625,10.14988671875,4.748046875,6.59373828125,9.5362890625,2.34164453125,4.57711328125,9.3677578125,8.19711328125,9.1624375,4.54134375,3.9815625,7.41476953125,6.567484375,-1.55893359375,4.74655859375,10.56276171875,8.538625,1.7066953125,0.413964843750001,-6.45398046875,-2.0443515625,-1.01197265625
12.479875,11.43419921875,10.0608984375,11.47845703125,5.91127734375,5.81115625,8.84941796875,9.92141015625,11.80688671875,7.425046875,8.39573828125,10.9472890625,10.09564453125,7.18411328125,11.5057578125,9.45211328125,10.5114375,7.52434375,5.4395625,9.23176953125,8.503484375,0.95306640625,7.69155859375,12.87876171875,11.100625,3.6966953125,3.33596484375,-2.36698046875,1.9046484375,3.11002734375
15.693875,15.72219921875,11.9298984375,9.88145703125,7.60127734375,7.01515625,9.81241796875,11.06541015625,12.02888671875,8.992046875,9.08773828125,11.4672890625,16.40464453125,8.39911328125,12.0017578125,9.45811328125,9.5594375,9.28034375,5.4175625,9.64076953125,8.638484375,3.07206640625,9.39955859375,13.78476171875,11.933625,4.5426953125,4.90196484375,0.311019531250002,4.0966484375,5.39802734375
16.965875,18.22619921875,12.2978984375,6.56145703125,7.78327734375,6.99115625,9.51441796875,11.31041015625,10.72788671875,9.051046875,8.47973828125,10.8152890625,19.10764453125,7.77011328125,10.7857578125,8.16411328125,6.9574375,9.23834375,3.8995625,8.59876953125,6.918484375,4.22406640625,9.45255859375,13.08776171875,10.872625,3.8816953125,4.92796484375,1.23301953125,4.2076484375,5.31602734375
16.129875,18.05919921875,11.0218984375,3.07945703125,6.57827734375,5.84015625,8.06341796875,10.59141015625,8.31988671875,7.714046875,6.82873828125,9.1412890625,17.71064453125,5.48311328125,8.2957578125,6.00111328125,3.8824375,7.49434375,1.3865625,6.57676953125,4.098484375,4.22506640625,8.05955859375,11.19376171875,8.534625,2.0666953125,3.86396484375,0.699019531250002,2.7616484375,3.35302734375
13.263875,15.07219921875,8.4348984375,0.96545703125,4.52427734375,3.97315625,5.90341796875,9.15141015625,5.48788671875,5.498046875,4.70073828125,6.9172890625,13.23964453125,2.24311328125,5.2837578125,3.65211328125,1.3994375,4.73034375,-1.3564375,4.33576953125,1.306484375,3.29406640625,5.91655859375,8.89676171875,5.939625,-0.1223046875,2.51096484375,-0.582980468749999,0.7366484375,0.64402734375
8.770875,9.98519921875,5.2228984375,0.94545703125,2.35127734375,1.94915625,3.66241796875,7.45241015625,2.93288671875,3.097046875,2.73873828125,4.7432890625,7.36664453125,-1.01488671875,2.5367578125,1.75911328125,0.0414374999999998,1.90534375,-3.5514375,2.59376953125,-0.512515625,1.95206640625,3.88755859375,7.02976171875,4.028625,-1.9043046875,1.62596484375,-1.79598046875,-0.9163515625,-1.63897265625
3.568875,4.29819921875,2.2448984375,2.72445703125,0.75427734375,0.31515625,1.95941796875,6.03141015625,1.20188671875,1.169046875,1.47073828125,3.1572890625,1.54964453125,-3.41988671875,0.6677578125,0.72911328125,-0.2475625,-0.10365625,-4.5794375,1.77976953125,-0.943515624999999,0.83906640625,2.67955859375,6.15676171875,3.335625,-2.7723046875,1.64796484375,-2.28098046875,-1.6143515625,-2.76297265625
-0.911125,-0.13280078125,0.2998984375,5.36145703125,0.23427734375,-0.50284375,1.24041796875,5.31641015625,0.60088671875,0.181046875,1.19873828125,2.4972890625,-3.33935546875,-4.38188671875,-0.0222421874999998,0.66711328125,0.0954374999999998,-0.75865625,-4.1514375,1.95276953125,-0.148515624999999,0.47306640625,2.62855859375,6.40976171875,3.879625,-2.5863046875,2.56296484375,-1.75698046875,-1.2673515625,-2.57397265625
-3.132125,-1.73780078125,-0.1161015625,7.86245703125,0.98727734375,-0.26184375,1.66941796875,5.48541015625,1.18188671875,0.327046875,1.93673828125,2.8182890625,-6.88735546875,-3.71088671875,0.389757812500001,1.39111328125,0.5304375,0.0403437499999999,-2.4244375,2.86476953125,1.315484375,1.02906640625,3.64855859375,7.47976171875,5.228625,-1.5473046875,3.95096484375,-0.399980468749999,-0.2253515625,-1.38597265625
-2.120125,0.15019921875,1.0328984375,9.58145703125,2.87927734375,1.05015625,3.11041796875,6.41641015625,2.77388671875,1.519046875,3.41773828125,3.8842890625,-8.78435546875,-1.61488671875,1.5247578125,2.53111328125,0.6484375,1.98434375,0.0825624999999999,4.10476953125,2.785484375,2.30206640625,5.33055859375,8.80276171875,6.733625,-0.0623046875000001,5.21296484375,1.27601953125,0.971648437499999,0.26902734375
2.005875,4.99019921875,3.3338984375,10.31345703125,5.50227734375,3.18715625,5.18741796875,7.73641015625,5.03588671875,3.449046875,5.19673828125,5.2672890625,-8.59335546875,1.41011328125,2.9037578125,3.69711328125,0.3124375,4.49734375,2.7725625,5.27376953125,3.779484375,3.87306640625,7.15355859375,9.86976171875,7.856625,1.4676953125,5.89496484375,2.71201953125,1.9366484375,1.90502734375
7.999875,11.16719921875,6.0618984375,10.18445703125,8.32027734375,5.70115625,7.39241796875,8.95641015625,7.51588671875,5.703046875,6.83373828125,6.5192890625,-5.83835546875,4.73811328125,4.1637578125,4.63411328125,-0.3185625,6.95534375,5.1855625,6.14876953125,4.159484375,5.33106640625,8.67855859375,10.44376171875,8.395625,2.8096953125,5.88496484375,3.56701953125,2.6146484375,3.25102734375
13.942875,16.53919921875,8.4058984375,9.50545703125,10.83827734375,8.08115625,9.21841796875,9.67241015625,9.72388671875,7.862046875,8.04673828125,7.3362890625,-0.45435546875,7.76811328125,5.1647578125,5.28811328125,-0.9215625,8.87534375,7.0385625,6.74176953125,4.118484375,6.41206640625,9.65155859375,10.58676171875,8.480625,3.9226953125,5.38196484375,3.82701953125,3.1926484375,4.26702734375
17.972875,19.24219921875,9.6918984375,8.66645703125,12.74127734375,9.90215625,10.29841796875,9.70441015625,11.26088671875,9.573046875,8.77473828125,7.6422890625,6.68464453125,10.03911328125,5.9567578125,5.76811328125,-1.2105625,10.01434375,8.1945625,7.23276953125,4.015484375,7.03206640625,10.01655859375,10.51276171875,8.410625,4.8916953125,4.71696484375,3.72201953125,3.8786484375,5.05002734375
18.914875,18.45319921875,9.5988984375,8.04045703125,13.94627734375,10.92215625,10.48741796875,9.11541015625,11.93988671875,10.600046875,9.13273828125,7.5572890625,13.63364453125,11.28711328125,6.6537578125,6.24411328125,-1.0835625,10.32434375,8.6695625,7.81476953125,4.166484375,7.23406640625,9.85455859375,10.42276171875,8.482625,5.8456953125,4.18096484375,3.54701953125,4.7326484375,5.70802734375
16.618875,14.74619921875,8.2638984375,7.90145703125,14.55727734375,11.11515625,9.86841796875,8.11841015625,11.82688671875,10.850046875,9.30173828125,7.3042890625,18.03264453125,11.47411328125,7.3007578125,6.83911328125,-0.5895625,9.87534375,8.6085625,8.57576953125,4.714484375,7.09806640625,9.30855859375,10.38476171875,8.849625,6.8776953125,3.92396484375,3.47701953125,5.6236484375,6.28302734375
11.924875,9.79119921875,6.2378984375,8.33645703125,14.77027734375,10.64515625,8.68841796875,6.97541015625,11.17388671875,10.403046875,9.42173828125,7.1052890625,18.29264453125,10.77011328125,7.8197578125,7.55511328125,0.2274375,8.81834375,8.1835625,9.45976953125,5.609484375,6.65506640625,8.51555859375,10.30176171875,9.460625,7.9486953125,3.90896484375,3.49101953125,6.2716484375,6.74502734375
6.317875,5.54519921875,4.2698984375,9.17645703125,14.74827734375,9.78715625,7.27341796875,5.94441015625,10.30188671875,9.485046875,9.51973828125,7.0882890625,14.52464453125,9.50811328125,8.0757578125,8.25511328125,1.4164375,7.39434375,7.5385625,10.30276953125,6.671484375,5.91506640625,7.60855859375,9.99976171875,10.092625,8.8456953125,3.97296484375,3.44501953125,6.3846484375,7.01302734375
1.409875,3.37919921875,3.0038984375,10.00745703125,14.54627734375,8.80115625,5.93241796875,5.21141015625,9.47188671875,8.407046875,9.50973828125,7.2542890625,8.55864453125,8.10811328125,7.9977578125,8.72311328125,2.9984375,5.93834375,6.8515625,10.89776953125,7.665484375,4.99406640625,6.74655859375,9.38776171875,10.488625,9.2846953125,3.96796484375,3.25301953125,5.8456484375,7.00702734375
-1.553125,3.59719921875,2.7398984375,10.33245703125,14.08627734375,7.83515625,4.86141796875,4.79941015625,8.79188671875,7.460046875,9.25273828125,7.4692890625,3.02264453125,6.97411328125,7.6647578125,8.76011328125,4.7504375,4.81834375,6.3625625,11.07876953125,8.362484375,4.19106640625,6.13555859375,8.58376171875,10.503625,9.0946953125,3.86896484375,2.99901953125,4.8346484375,6.69402734375
-2.011125,5.47219921875,3.3298984375,9.84745703125,13.22927734375,6.90915625,4.08941796875,4.54341015625,8.20888671875,6.816046875,8.64773828125,7.5132890625,0.0126445312500001,6.36811328125,7.2527578125,8.26611328125,6.1294375,4.32334375,6.2355625,10.79476953125,8.591484375,3.86906640625,5.96455859375,7.87076171875,10.144625,8.3246953125,3.75396484375,2.88101953125,3.7346484375,6.13102734375
-0.168125,7.71119921875,4.2638984375,8.61545703125,11.87327734375,5.97715625,3.50941796875,4.19341015625,7.58288671875,6.473046875,7.69773828125,7.1562890625,0.0646445312500001,6.31211328125,6.9167578125,7.28911328125,6.4804375,4.53534375,6.3785625,10.13276953125,8.296484375,4.21706640625,6.28655859375,7.50676171875,9.522625,7.2166953125,3.70296484375,3.02301953125,2.9086484375,5.47902734375
3.197875,9.10019921875,4.9418984375,7.02645703125,10.04727734375,5.00515625,2.98341796875,3.59541015625,6.80888671875,6.280046875,6.53473828125,6.2722890625,2.00064453125,6.56811328125,6.7077578125,6.03411328125,5.4274375,5.24234375,6.4675625,9.28476953125,7.601484375,5.08806640625,6.94555859375,7.56476171875,8.817625,6.0976953125,3.72396484375,3.33901953125,2.5306484375,4.93902734375
7.081875,9.06519921875,4.9888984375,5.56445703125,7.94427734375,4.02415625,2.46841796875,2.82141015625,5.88788671875,6.032046875,5.41773828125,4.9702890625,3.76564453125,6.75311328125,6.5857578125,4.84711328125,3.2104375,6.01034375,6.1645625,8.47976953125,6.810484375,6.04606640625,7.61855859375,7.89276171875,8.236625,5.2236953125,3.75396484375,3.56001953125,2.5566484375,4.62902734375
10.596875,7.87119921875,4.4498984375,4.58445703125,5.90627734375,3.16115625,2.05141796875,2.16941015625,4.92988671875,5.590046875,4.66873828125,3.6172890625,3.73164453125,6.52811328125,6.4897578125,4.12411328125,0.6994375,6.39334375,5.3225625,7.93476953125,6.304484375,6.59406640625,7.95355859375,8.19176171875,7.936625,4.6536953125,3.68296484375,3.41701953125,2.7796484375,4.48502734375
13.118875,6.33019921875,3.7268984375,4.21445703125,4.33627734375,2.62115625,1.91241796875,2.02141015625,4.09288671875,4.972046875,4.56973828125,2.7232890625,1.69164453125,5.77611328125,6.3937578125,4.17811328125,-0.9515625,6.17434375,4.0485625,7.81876953125,6.381484375,6.42006640625,7.75755859375,8.16876171875,7.944625,4.2446953125,3.38996484375,2.85001953125,2.9456484375,4.28602734375
14.267875,5.26719921875,3.3138984375,4.38345703125,3.57127734375,2.59215625,2.20741796875,2.63141015625,3.54688671875,4.352046875,5.22773828125,2.7082890625,-1.09435546875,4.67411328125,6.3557578125,5.11911328125,-0.8635625,5.47434375,2.7145625,8.22476953125,7.131484375,5.58806640625,7.11055859375,7.69976171875,8.188625,3.8176953125,2.85396484375,2.09701953125,2.8996484375,3.84202734375
13.867875,5.09119921875,3.5158984375,4.93145703125,3.75027734375,3.11915625,2.94441796875,3.92641015625,3.42188671875,3.967046875,6.49673828125,3.6612890625,-2.78335546875,3.62811328125,6.5087578125,6.78811328125,1.0884375,4.67134375,1.8585625,9.12276953125,8.400484375,4.52806640625,6.33455859375,6.90276171875,8.596625,3.3526953125,2.21496484375,1.58001953125,2.6956484375,3.15802734375
11.976875,5.72019921875,4.2758984375,5.73945703125,4.75027734375,4.03315625,3.90941796875,5.46441015625,3.75488671875,3.979046875,7.98573828125,5.2552890625,-2.21035546875,3.07411328125,6.9537578125,8.75211328125,4.1704375,4.18134375,1.9245625,10.30976953125,9.811484375,3.80306640625,5.80555859375,6.03076171875,9.112625,2.9886953125,1.69496484375,1.60601953125,2.5096484375,2.42402734375
8.944875,6.78119921875,5.2168984375,6.77745703125,6.23627734375,4.99915625,4.73241796875,6.64541015625,4.45088671875,4.359046875,9.15573828125,6.8502890625,0.31164453125,3.23911328125,7.6167578125,10.36411328125,7.1434375,4.21934375,2.9195625,11.39276953125,10.846484375,3.74906640625,5.69355859375,5.22876171875,9.604625,2.8286953125,1.38496484375,2.11101953125,2.3896484375,1.83102734375
5.427875,7.87719921875,5.8378984375,8.00645703125,7.78327734375,5.65015625,5.05541796875,7.03241015625,5.29788671875,4.872046875,9.48873828125,7.7692890625,3.20264453125,4.00911328125,8.1907578125,10.93711328125,8.8814375,4.68334375,4.3285625,11.87676953125,10.992484375,4.29006640625,5.84555859375,4.40776171875,9.802625,2.7836953125,1.14596484375,2.66101953125,2.1366484375,1.39502734375
2.312875,8.72119921875,5.7658984375,9.18445703125,8.97627734375,5.71115625,4.70841796875,6.57141015625,6.03588671875,5.157046875,8.66673828125,7.5922890625,4.74564453125,4.97011328125,8.2417578125,10.00011328125,8.8734375,5.21234375,5.4075625,11.33376953125,9.945484375,5.03606640625,5.90255859375,3.34776171875,9.400625,2.6496953125,0.722964843750001,2.73601953125,1.4576484375,0.96202734375
0.525875,9.12919921875,4.9418984375,9.79145703125,9.46527734375,5.05415625,3.75441796875,5.54841015625,6.40788671875,4.868046875,6.70173828125,6.3272890625,4.30664453125,5.60111328125,7.4247578125,7.51711328125,7.3404375,5.42234375,5.5835625,9.61976953125,7.764484375,5.58006640625,5.55455859375,1.92676171875,8.233625,2.3136953125,-0.0440351562499988,2.08401953125,0.257648437499999,0.37702734375
0.709875,8.95719921875,3.6118984375,9.21545703125,8.99027734375,3.72015625,2.42341796875,4.38741015625,6.21588671875,3.806046875,3.95873828125,4.3692890625,2.72364453125,5.50711328125,5.6587578125,3.94911328125,4.9654375,5.13534375,4.6835625,6.99476953125,4.882484375,5.72306640625,4.75255859375,0.24876171875,6.393625,1.8726953125,-1.11003515625,0.878019531250001,-1.2263515625,-0.34397265625
2.853875,8.08619921875,2.1848984375,7.12445703125,7.45927734375,1.92015625,1.01841796875,3.44241015625,5.37688671875,2.020046875,1.05673828125,2.3062890625,1.62364453125,4.58511328125,3.2257578125,0.12911328125,2.4974375,4.47034375,2.9225625,4.07976953125,1.973484375,5.53106640625,3.73555859375,-1.38423828125,4.233625,1.6046953125,-2.24803515625,-0.378980468749998,-2.5213515625,-0.96097265625
6.129875,6.50719921875,1.0308984375,3.79745703125,5.04627734375,-0.00784375000000004,-0.16458203125,2.87541015625,4.00088671875,-0.183953125,-1.30626171875,0.688289062500001,2.22164453125,3.06211328125,0.7247578125,-3.00088671875,0.4574375,3.73834375,0.8115625,1.63076953125,-0.255515625,5.25706640625,2.89655859375,-2.59923828125,2.285625,1.8226953125,-3.12103515625,-1.11798046875,-3.1233515625,-1.12197265625
9.141875,4.38619921875,0.3318984375,0.17445703125,2.22227734375,-1.67484375,-0.91258203125,2.62841015625,2.38188671875,-2.320953125,-2.57626171875,-0.1467109375,4.48464453125,1.39511328125,-1.1292421875,-4.70288671875,-0.9395625,3.23834375,-1.0434375,0.25376953125,-1.292515625,5.16706640625,2.56355859375,-3.10523828125,1.084625,2.6696953125,-3.40903515625,-0.986980468749999,-2.7283515625,-0.59697265625
10.556875,2.05819921875,0.0368984374999999,-2.46854296875,-0.36672265625,-2.76484375,-1.16658203125,2.49741015625,0.90388671875,-3.906953125,-2.55726171875,-0.176710937499999,7.17364453125,0.0681132812500005,-1.8262421875,-4.73488671875,-1.6945625,3.11034375,-2.2334375,0.154769531249999,-1.027515625,5.36406640625,2.81455859375,-2.83223828125,0.890625,3.9026953125,-2.98503515625,-0.0539804687499981,-1.4373515625,0.49102734375
9.746875,-0.0488007812499998,-0.0681015625000001,-3.10954296875,-2.13272265625,-3.15084375,-1.05458203125,2.27641015625,-0.10811328125,-4.645953125,-1.52826171875,0.319289062500001,8.58964453125,-0.61888671875,-1.3372421875,-3.48088671875,-1.8965625,3.28934375,-2.7444375,1.05576953125,0.162484375,5.71606640625,3.43255859375,-2.00823828125,1.499625,4.8636953125,-2.04003515625,1.21201953125,0.1996484375,1.61202734375
7.036875,-1.50580078125,-0.2101015625,-1.51854296875,-2.75872265625,-2.95384375,-0.86058203125,1.86641015625,-0.47811328125,-4.526953125,-0.16326171875,0.866289062500001,7.51964453125,-0.64788671875,-0.1662421875,-1.79888671875,-1.6575625,3.57234375,-2.8834375,2.29576953125,1.532484375,5.96906640625,4.02555859375,-1.06023828125,2.325625,4.8086953125,-1.00303515625,2.20501953125,1.4336484375,2.06902734375
3.400875,-1.99580078125,-0.5121015625,1.60445703125,-2.29172265625,-2.49684375,-0.92458203125,1.26141015625,-0.22811328125,-3.811953125,0.73773828125,0.985289062500001,3.88664453125,-0.25688671875,0.8807578125,-0.65288671875,-1.1395625,3.73534375,-2.9934375,3.10376953125,2.283484375,5.95606640625,4.24455859375,-0.406238281249999,2.724625,3.4026953125,-0.305035156249999,2.55201953125,1.7446484375,1.42502734375
-0.165125,-1.49080078125,-0.9861015625,4.98145703125,-1.10872265625,-2.16684375,-1.52958203125,0.46341015625,0.43588671875,-2.912953125,0.593738281249999,0.384289062500001,-1.17735546875,0.192113281250001,1.0597578125,-0.70888671875,-0.6405625,3.64034375,-3.2804375,2.92476953125,1.910484375,5.67906640625,3.93755859375,-0.282238281250001,2.313625,0.9966953125,-0.177035156249999,2.28001953125,1.1026484375,-0.20397265625
-3.104125,-0.38480078125,-1.5991015625,7.34745703125,0.23027734375,-2.23584375,-2.76858203125,-0.54458984375,1.17088671875,-2.239953125,-0.707261718750001,-0.929710937499999,-5.84635546875,0.36311328125,0.0127578125000003,-2.09388671875,-0.5735625,3.27734375,-3.8174375,1.62876953125,0.389484375,5.22206640625,3.16155859375,-0.698238281250001,1.073625,-1.6063046875,-0.639035156249999,1.68201953125,-0.1433515625,-2.24797265625
-5.300125,0.58819921875,-2.3191015625,7.91445703125,1.14627734375,-2.76884375,-4.45358203125,-1.73958984375,1.59988671875,-2.070953125,-2.77426171875,-2.6587109375,-8.51935546875,0.0611132812500004,-2.0972421875,-4.41288671875,-1.2695625,2.69734375,-4.5994375,-0.48123046875,-1.862515625,4.61206640625,2.08455859375,-1.50623828125,-0.731375,-3.6573046875,-1.57903515625,1.00501953125,-1.5843515625,-4.07997265625
-6.745125,0.70119921875,-3.0891015625,6.55645703125,1.19327734375,-3.64584375,-6.16258203125,-2.98558984375,1.42288671875,-2.478953125,-4.90226171875,-4.3347109375,-8.62635546875,-0.72788671875,-4.6632421875,-6.93988671875,-2.7015625,1.92134375,-5.5334375,-2.85023046875,-4.205515625,3.78606640625,0.881558593749999,-2.48423828125,-2.700375,-4.8143046875,-2.83003515625,0.254019531250002,-2.9713515625,-5.37097265625
-7.297125,-0.35680078125,-3.7791015625,3.72945703125,0.17827734375,-4.65584375,-7.40858203125,-4.04258984375,0.50388671875,-3.338953125,-6.38126171875,-5.4987109375,-6.77835546875,-1.85288671875,-6.9052421875,-8.91488671875,-4.3895625,0.93134375,-6.4614375,-4.89323046875,-6.027515625,2.68006640625,-0.30844140625,-3.42023828125,-4.431375,-5.1613046875,-4.19703515625,-0.745980468749998,-4.2143515625,-6.13997265625
-6.758125,-2.28280078125,-4.1941015625,0.28345703125,-1.75872265625,-5.56484375,-7.84258203125,-4.65058984375,-1.08411328125,-4.384953125,-6.78426171875,-5.8677109375,-4.15935546875,-3.06488671875,-8.1912421875,-9.80388671875,-5.6085625,-0.23365625,-7.2534375,-6.16823046875,-6.952515625,1.35206640625,-1.36944140625,-4.16123828125,-5.633375,-4.9943046875,-5.48103515625,-2.08198046875,-5.2653515625,-6.55397265625
-5.121125,-4.26280078125,-4.1501015625,-2.80354296875,-4.13072265625,-6.16484375,-7.38258203125,-4.63058984375,-3.04311328125,-5.296953125,-6.12126171875,-5.4407109375,-1.70435546875,-4.07788671875,-8.2612421875,-9.45988671875,-5.8085625,-1.37665625,-7.8324375,-6.46823046875,-6.924515625,0.0480664062500001,-2.16944140625,-4.62923828125,-6.171375,-4.5843046875,-6.47003515625,-3.52398046875,-5.9923515625,-6.69997265625
-2.683125,-5.30280078125,-3.5641015625,-4.72454296875,-6.22772265625,-6.31184375,-6.21458203125,-3.98758984375,-4.91211328125,-5.801953125,-4.79826171875,-4.4797109375,0.29264453125,-4.64788671875,-7.2752421875,-8.12088671875,-4.9465625,-2.18265625,-8.1284375,-5.85523046875,-6.158515625,-0.85593359375,-2.56644140625,-4.77723828125,-6.027375,-4.0163046875,-6.95003515625,-4.52698046875,-6.1563515625,-6.50297265625
0.0638750000000003,-4.66380078125,-2.5261015625,-5.09354296875,-7.38472265625,-5.98584375,-4.73158203125,-2.95458984375,-6.25711328125,-5.773953125,-3.43026171875,-3.3987109375,2.04164453125,-4.65988671875,-5.7162421875,-6.30088671875,-3.5115625,-2.38065625,-8.0594375,-4.62023046875,-5.000515625,-1.03693359375,-2.46744140625,-4.57623828125,-5.267375,-3.1803046875,-6.75503515625,-4.51398046875,-5.5213515625,-5.79997265625
2.594875,-2.26280078125,-1.3061015625,-4.05354296875,-7.29172265625,-5.32684375,-3.41458203125,-1.94058984375,-6.86511328125,-5.289953125,-2.59426171875,-2.5937109375,3.85364453125,-4.20088671875,-4.2052421875,-4.60788671875,-2.2535625,-1.90365625,-7.6564375,-3.18823046875,-3.770515625,-0.41793359375,-1.90944140625,-4.05723828125,-4.036375,-1.9003046875,-5.89003515625,-3.25198046875,-4.0663515625,-4.49397265625
4.411875,1.11919921875,-0.3181015625,-2.18754296875,-6.15272265625,-4.62784375,-2.69958203125,-1.36958984375,-6.82511328125,-4.617953125,-2.63326171875,-2.3197109375,5.77164453125,-3.54488671875,-3.2952421875,-3.56388671875,-1.8095625,-0.95965625,-7.1364375,-1.96623046875,-2.688515625,0.76306640625,-1.07844140625,-3.34723828125,-2.559375,-0.0993046875000001,-4.58903515625,-1.06898046875,-2.1183515625,-2.66397265625
5.033875,4.03919921875,0.00589843749999974,-0.30654296875,-4.60972265625,-4.27584375,-2.85458203125,-1.52858984375,-6.44211328125,-4.108953125,-3.58726171875,-2.6367109375,7.35164453125,-3.05688671875,-3.2822421875,-3.43988671875,-2.4195625,0.02334375,-6.7954375,-1.23523046875,-1.859515625,2.05906640625,-0.26944140625,-2.62323828125,-1.082375,2.1096953125,-3.21403515625,1.24801953125,-0.2513515625,-0.59697265625
4.088875,5.00319921875,-0.6231015625,0.83145703125,-3.43672265625,-4.61684375,-3.90758203125,-2.48158984375,-6.06511328125,-4.056953125,-5.21726171875,-3.4347109375,7.71864453125,-3.03488671875,-4.1232421875,-4.18288671875,-3.8495625,0.55134375,-6.8284375,-1.09723046875,-1.319515625,3.00406640625,0.21355859375,-2.02823828125,0.199625,4.4346953125,-2.08403515625,2.80301953125,0.9706484375,1.27202734375
1.578875,3.25019921875,-2.1741015625,0.81545703125,-3.14572265625,-5.76184375,-5.61258203125,-4.03158984375,-5.93111328125,-4.550953125,-7.08526171875,-4.4927109375,5.96064453125,-3.56688671875,-5.4882421875,-5.44188671875,-5.5005625,0.28034375,-7.2584375,-1.46923046875,-1.075515625,3.26206640625,0.16455859375,-1.61723828125,1.141625,6.4506953125,-1.38003515625,2.98701953125,1.2206484375,2.48702734375
-1.884125,-0.72780078125,-4.2281015625,-0.22354296875,-3.71172265625,-7.42184375,-7.45858203125,-5.71658984375,-6.05711328125,-5.399953125,-8.66026171875,-5.5217109375,1.75364453125,-4.45888671875,-6.8902421875,-6.70488671875,-6.6655625,-0.77765625,-7.9804375,-2.11923046875,-1.105515625,2.72206640625,-0.43244140625,-1.36223828125,1.628625,7.6986953125,-1.13003515625,1.74901953125,0.4936484375,2.73502734375
-5.139125,-5.29280078125,-6.0741015625,-1.62954296875,-4.58172265625,-8.93584375,-8.77058203125,-6.89958984375,-6.21511328125,-6.170953125,-9.44026171875,-6.2027109375,-4.16635546875,-5.27488671875,-7.8192421875,-7.45988671875,-6.8015625,-2.21765625,-8.7594375,-2.73223046875,-1.317515625,1.54906640625,-1.33344140625,-1.14823828125,1.616625,7.8856953125,-1.21103515625,-0.350980468749999,-0.875351562500001,2.00702734375
-6.956125,-8.42680078125,-6.9821015625,-2.49954296875,-4.99272265625,-9.55284375,-8.96458203125,-7.01658984375,-6.04511328125,-6.379953125,-9.11826171875,-6.2657109375,-10.03535546875,-5.50788671875,-7.8842421875,-7.36488671875,-5.7425625,-3.39565625,-9.2274375,-3.00423046875,-1.521515625,0.17906640625,-2.08944140625,-0.782238281250001,1.219625,7.0686953125,-1.36003515625,-2.34698046875,-2.2853515625,0.66802734375
-6.649125,-8.75380078125,-6.5541015625,-2.11454296875,-4.42872265625,-8.83384375,-7.85858203125,-5.87858984375,-5.29311328125,-5.757953125,-7.72026171875,-5.6037109375,-13.74435546875,-4.84588671875,-6.9662421875,-6.37588671875,-3.7745625,-3.73865625,-9.0304375,-2.75623046875,-1.496515625,-0.85993359375,-2.23844140625,-0.0842382812500002,0.691625,5.6556953125,-1.27503515625,-3.28598046875,-3.0983515625,-0.67897265625
-4.430125,-6.26380078125,-4.9621015625,-0.32354296875,-2.93872265625,-6.93084375,-5.82558203125,-3.81058984375,-4.00411328125,-4.445953125,-5.67026171875,-4.3807109375,-13.88235546875,-3.38588671875,-5.3182421875,-4.79488671875,-1.5555625,-3.05665625,-8.0644375,-2.02323046875,-1.117515625,-1.23493359375,-1.58144140625,0.96276171875,0.280625,4.1696953125,-0.784035156249999,-2.69398046875,-2.9683515625,-1.47197265625
-1.287125,-2.29880078125,-2.8911015625,2.27745703125,-1.14072265625,-4.56684375,-3.65958203125,-1.53858984375,-2.54211328125,-2.961953125,-3.66126171875,-3.0157109375,-10.50835546875,-1.64888671875,-3.5002421875,-3.16688671875,0.0974374999999998,-1.66965625,-6.5654375,-1.04723046875,-0.464515625,-1.00193359375,-0.33544140625,2.14776171875,0.109625,3.0136953125,0.050964843750001,-0.826980468749999,-2.0273515625,-1.45697265625
1.490875,1.18719921875,-1.2091015625,4.49045703125,0.11227734375,-2.70884375,-2.20758203125,0.12141015625,-1.39811328125,-1.938953125,-2.37626171875,-2.0287109375,-5.11435546875,-0.347886718749999,-2.1152421875,-2.04088671875,0.5204375,-0.26865625,-4.9464375,-0.17923046875,0.216484375,-0.52193359375,0.95655859375,3.13776171875,0.163625,2.3696953125,1.01196484375,1.46201953125,-0.7883515625,-0.77297265625
2.854875,2.62819921875,-0.5201015625,4.98345703125,0.21927734375,-2.08284375,-1.97958203125,0.62741015625,-0.93311328125,-1.758953125,-2.15826171875,-1.7987109375,0.19664453125,-0.00388671874999957,-1.5132421875,-1.71788671875,-0.4975625,0.45934375,-3.5594375,0.30976953125,0.638484375,-0.18993359375,1.72055859375,3.66776171875,0.348625,2.2336953125,1.89196484375,3.17701953125,0.1656484375,0.16902734375
2.368875,1.56719921875,-0.8971015625,2.92545703125,-0.80572265625,-2.77984375,-2.89358203125,-0.0245898437500002,-1.19211328125,-2.309953125,-2.82226171875,-2.3587109375,3.74664453125,-0.65288671875,-1.6112421875,-2.11288671875,-2.5795625,0.20834375,-2.5764375,0.388769531249999,0.639484375,-0.17893359375,1.65255859375,3.68476171875,0.540625,2.4616953125,2.62496484375,3.69001953125,0.4746484375,0.94102734375
0.325875,-1.24480078125,-1.8951015625,-1.52954296875,-2.30072265625,-4.17884375,-4.30358203125,-1.27558984375,-1.87811328125,-3.012953125,-3.73926171875,-3.3687109375,4.91664453125,-1.83188671875,-1.9432421875,-2.80788671875,-4.8695625,-0.81565625,-1.9634375,0.27476953125,0.255484375,-0.36893359375,0.854558593749999,3.34876171875,0.634625,2.8296953125,3.31196484375,3.02001953125,0.132648437499999,1.30902734375
-2.403125,-4.35680078125,-2.8341015625,-7.17654296875,-3.32772265625,-5.28384375,-5.30958203125,-2.30158984375,-2.52811328125,-3.137953125,-4.14326171875,-4.2747109375,4.19064453125,-2.84888671875,-1.9122421875,-3.25788671875,-6.3905625,-2.09065625,-1.5114375,0.28976953125,-0.312515625,-0.46193359375,-0.26144140625,2.93476171875,0.595625,3.1116953125,4.14796484375,1.75301953125,-0.5453515625,1.30202734375
-4.750125,-6.39880078125,-3.1711015625,-12.19254296875,-3.21472265625,-5.27184375,-5.22458203125,-2.48858984375,-2.79311328125,-2.206953125,-3.51926171875,-4.5967109375,2.72564453125,-3.17388671875,-1.1212421875,-3.05888671875,-6.4815625,-3.12065625,-0.9794375,0.64176953125,-0.812515625,-0.20593359375,-1.23244140625,2.65476171875,0.474625,3.1476953125,5.27196484375,0.647019531250001,-1.1433515625,1.10702734375
-5.904125,-6.71180078125,-2.7471015625,-14.87554296875,-1.92872265625,-3.90984375,-3.92258203125,-1.76558984375,-2.64711328125,-0.263953125,-1.84726171875,-4.1507109375,1.71864453125,-2.70888671875,0.3807578125,-2.11988671875,-5.0675625,-3.67365625,-0.3254375,1.29676953125,-1.063515625,0.40206640625,-1.78744140625,2.51976171875,0.328625,2.8366953125,6.60096484375,0.192019531250001,-1.4283515625,0.884027343750001
-5.665125,-5.49380078125,-1.7891015625,-14.40854296875,-0.0437226562499999,-1.62284375,-1.85658203125,-0.56058984375,-2.37011328125,2.142046875,0.41073828125,-3.0907109375,1.82564453125,-1.77888671875,2.1137578125,-0.67588671875,-2.6375625,-3.79865625,0.2055625,2.02476953125,-0.992515625,1.09506640625,-1.92944140625,2.33176171875,0.154625,2.1086953125,7.79496484375,0.381019531250001,-1.5183515625,0.61602734375
-4.529125,-3.50280078125,-0.7111015625,-11.28554296875,1.61527734375,0.77915625,0.22141796875,0.51541015625,-2.33911328125,4.240046875,2.54873828125,-1.7877109375,2.83164453125,-0.87888671875,3.4417578125,0.87211328125,0.0374374999999998,-3.68665625,0.2875625,2.54676953125,-0.624515624999999,1.50606640625,-1.82344140625,1.86576171875,-0.0903749999999999,0.9656953125,8.44496484375,0.832019531250001,-1.7633515625,0.12102734375
-3.427125,-1.60580078125,0.1268984375,-7.09654296875,2.41327734375,2.51615625,1.64941796875,1.01441015625,-2.80111328125,5.420046875,3.96973828125,-0.627710937499999,3.69364453125,-0.35888671875,3.9417578125,2.16811328125,2.2584375,-3.50965625,-0.1664375,2.71376953125,-0.0355156249999995,1.40706640625,-1.62344140625,1.08176171875,-0.403375,-0.4193046875,8.33496484375,1.10901953125,-2.4393515625,-0.78397265625
-3.227125,-0.45580078125,0.5508984375,-3.71154296875,2.17627734375,3.19615625,2.13941796875,0.86941015625,-3.76511328125,5.509046875,4.45073828125,0.151289062500001,3.01064453125,-0.24488671875,3.6287578125,3.02711328125,3.6554375,-3.31665625,-0.8794375,2.59476953125,0.686484375,0.83106640625,-1.34344140625,0.205761718750001,-0.691375,-1.6443046875,7.59296484375,1.00901953125,-3.5223515625,-2.06697265625
-4.263125,-0.36880078125,0.5858984375,-2.35554296875,1.21427734375,2.96315625,1.88941796875,0.40141015625,-5.00811328125,4.831046875,4.21273828125,0.550289062500001,-0.23235546875,-0.24888671875,2.9297578125,3.46611328125,4.2434375,-3.01165625,-1.3414375,2.44176953125,1.465484375,0.0290664062500001,-0.86144140625,-0.393238281249999,-0.794375,-2.1643046875,6.62796484375,0.667019531250002,-4.6733515625,-3.36997265625
-6.176125,-1.30180078125,0.4188984375,-3.11854296875,0.14627734375,2.37915625,1.47541796875,0.16041015625,-6.15111328125,4.054046875,3.78273828125,0.784289062500001,-5.95335546875,0.0681132812500005,2.4717578125,3.65611328125,4.3354375,-2.42665625,-1.0094375,2.56076953125,2.273484375,-0.64493359375,-0.0124414062500002,-0.37923828125,-0.532375,-1.4863046875,5.95296484375,0.437019531250002,-5.4073515625,-4.13197265625
-8.113125,-2.83680078125,0.3388984375,-5.12154296875,-0.35772265625,2.14015625,1.58641796875,0.63741015625,-6.78111328125,3.894046875,3.75073828125,1.1862890625,-12.70335546875,1.06211328125,2.7937578125,3.85311328125,4.3704375,-1.42765625,0.4925625,3.14676953125,3.135484375,-0.86593359375,1.30155859375,0.41276171875,0.237625,0.5906953125,5.96496484375,0.676019531250001,-5.3243515625,-3.87197265625
-9.118125,-4.24780078125,0.6628984375,-7.10054296875,0.18127734375,2.77815625,2.72341796875,2.00741015625,-6.60111328125,4.826046875,4.53073828125,2.0512890625,-18.10035546875,2.82811328125,4.1097578125,4.30511328125,4.7124375,-0.0136562499999999,3.1775625,4.20876953125,4.098484375,-0.47393359375,3.00355859375,1.90276171875,1.536625,3.8116953125,6.75896484375,1.53701953125,-4.3103515625,-2.46297265625
-8.498125,-4.75880078125,1.6018984375,-8.03154296875,1.88427734375,4.47415625,4.99641796875,4.06741015625,-5.55411328125,6.892046875,6.23473828125,3.5092890625,-19.91535546875,5.11411328125,6.2287578125,5.17111328125,5.4904375,1.65934375,6.5795625,5.60076953125,5.177484375,0.43006640625,4.83155859375,3.79376171875,3.200625,7.4976953125,8.06896484375,2.89201953125,-2.6193515625,-0.19397265625
-6.051125,-3.92180078125,3.1438984375,-7.52654296875,4.45427734375,7.00215625,8.11741796875,6.35841015625,-3.84811328125,9.689046875,8.67373828125,5.4682890625,-17.28335546875,7.40111328125,8.6817578125,6.51311328125,6.5484375,3.30134375,9.9085625,7.13876953125,6.359484375,1.51806640625,6.42755859375,5.70776171875,4.954625,10.8466953125,9.41896484375,4.44501953125,-0.7073515625,2.42602734375
-2.143125,-1.87980078125,5.0168984375,-5.88454296875,7.24627734375,9.79715625,11.51241796875,8.37041015625,-1.89711328125,12.495046875,11.44473828125,7.6512890625,-11.24035546875,9.07511328125,10.9587578125,8.31411328125,7.5484375,4.56034375,12.4285625,8.69976953125,7.648484375,2.41106640625,7.49155859375,7.37376171875,6.595625,13.3256953125,10.39096484375,5.90101953125,1.0576484375,4.94402734375
2.362875,0.69419921875,6.7748984375,-3.85754296875,9.45427734375,12.13115625,14.48041796875,9.68441015625,-0.22711328125,14.500046875,14.04173828125,9.6672890625,-4.14435546875,9.63311328125,12.6667578125,10.47311328125,8.1484375,5.11934375,13.7295625,10.23576953125,9.087484375,2.85106640625,7.87055859375,8.69676171875,8.085625,14.8356953125,10.77696484375,7.05401953125,2.5496484375,7.11302734375
6.346875,2.93919921875,7.9418984375,-2.28554296875,10.37627734375,13.34815625,16.34841796875,10.04341015625,0.64788671875,15.033046875,15.93273828125,11.0862890625,1.65664453125,8.81711328125,13.5347578125,12.73211328125,8.1264375,4.80734375,13.7235625,11.68576953125,10.668484375,2.76906640625,7.55055859375,9.66476171875,9.438625,15.5446953125,10.53096484375,7.74301953125,3.7756484375,8.82402734375
8.778875,4.19919921875,8.1788984375,-1.80154296875,9.66927734375,13.08515625,16.64941796875,9.38841015625,0.39888671875,13.773046875,16.63573828125,11.5272890625,4.93664453125,6.69611328125,13.3757578125,14.63011328125,7.4354375,3.66934375,12.5355625,12.88576953125,12.223484375,2.26306640625,6.61255859375,10.22476171875,10.544625,15.5996953125,9.66396484375,7.81901953125,4.6826484375,9.96902734375
9.040875,4.22819921875,7.3938984375,-2.67354296875,7.49527734375,11.37115625,15.26641796875,7.84041015625,-0.96711328125,10.880046875,15.85073828125,10.7702890625,5.79064453125,3.69011328125,12.1277578125,15.62111328125,6.2064375,1.96434375,10.4975625,13.56976953125,13.408484375,1.54306640625,5.21855859375,10.28776171875,11.160625,15.0286953125,8.26096484375,7.20501953125,5.1336484375,10.38802734375
7.054875,3.12519921875,5.7688984375,-4.75154296875,4.48727734375,8.60615625,12.49441796875,5.65741015625,-3.05611328125,7.011046875,13.62673828125,8.8862890625,4.99064453125,0.517113281250001,9.9657578125,15.31711328125,4.7154375,0.10634375,8.1625625,13.49076953125,13.843484375,0.86706640625,3.63555859375,9.82876171875,11.055625,13.8496953125,6.55096484375,6.00901953125,5.0486484375,9.95602734375
3.236875,1.15619921875,3.6918984375,-7.47154296875,1.54927734375,5.45815625,8.98741796875,3.19041015625,-5.20911328125,3.165046875,10.46073828125,6.2832890625,3.16664453125,-1.96488671875,7.3517578125,13.71411328125,3.3034375,-1.40965625,6.1645625,12.58376953125,13.320484375,0.44106640625,2.23155859375,8.96076171875,10.168625,12.2046953125,4.89196484375,4.55101953125,4.4986484375,8.71202734375
-1.631125,-1.32580078125,1.6418984375,-9.99754296875,-0.43172265625,2.69815625,5.59541796875,0.86641015625,-6.71411328125,0.365046875,7.21073828125,3.6152890625,0.42964453125,-3.03088671875,4.9327578125,11.24811328125,2.2534375,-2.13165625,4.9655625,11.04976953125,11.935484375,0.34206640625,1.38655859375,7.91376171875,8.673625,10.3636953125,3.64896484375,3.27701953125,3.6916484375,6.91902734375
-6.506125,-3.81680078125,0.0698984374999998,-11.50754296875,-0.90372265625,0.96415625,3.11941796875,-0.86458984375,-7.05511328125,-0.733953125,4.78573828125,1.5422890625,-3.40635546875,-2.37288671875,3.3047578125,8.62411328125,1.7034375,-1.82065625,4.7045625,9.24976953125,10.048484375,0.51306640625,1.33355859375,6.91776171875,6.910625,8.6046953125,3.03496484375,2.59701953125,2.8686484375,4.95602734375
-10.234125,-5.68080078125,-0.7231015625,-11.55154296875,0.11727734375,0.50915625,2.00441796875,-1.69558984375,-6.13311328125,-0.143953125,3.74373828125,0.456289062500001,-8.23235546875,-0.29888671875,2.7277578125,6.48811328125,1.6594375,-0.61165625,5.1535625,7.50276953125,8.089484375,0.81006640625,2.00355859375,6.08176171875,5.234625,7.0676953125,2.99996484375,2.68201953125,2.1706484375,3.12302734375
-11.861125,-6.40880078125,-0.7021015625,-10.28254296875,1.98127734375,1.04115625,2.11841796875,-1.62458984375,-4.36511328125,1.401046875,3.99373828125,0.314289062500001,-13.17235546875,2.29711328125,2.9427578125,5.12911328125,2.0564375,0.97034375,5.7525625,5.90676953125,6.327484375,1.02606640625,2.96355859375,5.29176171875,3.819625,5.6836953125,3.18996484375,3.32401953125,1.5316484375,1.50202734375
-11.040125,-5.96980078125,-0.1521015625,-8.42154296875,3.59827734375,1.80115625,2.77741796875,-0.99658984375,-2.57511328125,2.704046875,4.80073828125,0.674289062500001,-16.64835546875,4.20311328125,3.2277578125,4.36911328125,2.7814375,2.19334375,5.7375625,4.34476953125,4.786484375,0.94806640625,3.55355859375,4.26076171875,2.583625,4.2916953125,3.08196484375,3.99501953125,0.7176484375,0.0320273437500003
-8.295125,-4.90080078125,0.4248984375,-6.92954296875,3.86427734375,1.88015625,3.07341796875,-0.33658984375,-1.66211328125,2.610046875,5.11373828125,0.9282890625,-17.07535546875,4.36011328125,2.7327578125,3.73211328125,3.6584375,2.43434375,4.4785625,2.62976953125,3.366484375,0.46506640625,3.18555859375,2.73376171875,1.333625,2.8946953125,2.28396484375,4.16601953125,-0.4293515625,-1.27297265625
-4.858125,-3.98780078125,0.5488984375,-6.54654296875,2.16527734375,0.63815625,2.31541796875,-0.11758984375,-2.19811328125,0.521046875,4.08973828125,0.611289062500001,-13.81035546875,2.32111328125,0.9287578125,2.77211328125,4.4494375,1.45934375,1.8635625,0.71476953125,2.035484375,-0.32493359375,1.67055859375,0.749761718749999,0.0136250000000002,1.7876953125,0.816964843750001,3.67301953125,-1.7193515625,-2.19497265625
-2.090125,-3.77780078125,0.0158984374999998,-7.43954296875,-1.32372265625,-1.97484375,0.36041796875,-0.54258984375,-4.18911328125,-3.309953125,1.52173828125,-0.3767109375,-7.69235546875,-1.52688671875,-2.1092421875,1.33911328125,4.9424375,-0.47265625,-1.5914375,-1.20023046875,0.909484375000001,-1.15793359375,-0.67644140625,-1.29323828125,-1.206375,1.3736953125,-0.87103515625,2.81801953125,-2.6403515625,-2.43697265625
-0.815125,-4.31080078125,-1.0251015625,-9.15754296875,-5.70072265625,-5.37284375,-2.33758203125,-1.45658984375,-7.11111328125,-7.894953125,-2.04426171875,-1.7517109375,-0.77035546875,-6.13788671875,-5.7312421875,-0.359886718749999,5.0474375,-2.77065625,-5.0244375,-2.74523046875,0.144484375,-1.81693359375,-3.22144140625,-2.85323828125,-2.073375,1.8096953125,-2.21303515625,2.08501953125,-2.7303515625,-1.89097265625
-1.032125,-5.21880078125,-2.1821015625,-10.92254296875,-9.73872265625,-8.61184375,-4.95658203125,-2.43358984375,-10.17311328125,-11.957953125,-5.57826171875,-3.0267109375,4.67564453125,-10.27188671875,-9.0232421875,-1.90088671875,4.8244375,-4.84265625,-7.6434375,-3.57923046875,-0.209515624999999,-2.31793359375,-5.35544140625,-3.55623828125,-2.457375,2.8166953125,-2.88703515625,1.74501953125,-1.9393515625,-0.79897265625
-2.162125,-6.06880078125,-3.0591015625,-12.06454296875,-12.40372265625,-10.83684375,-6.69158203125,-3.02258984375,-12.64411328125,-14.476953125,-8.04026171875,-3.7567109375,7.19564453125,-12.99388671875,-11.1862421875,-2.85688671875,4.4214375,-6.37665625,-9.0014375,-3.57923046875,-0.260515625,-2.89693359375,-6.77144140625,-3.37623828125,-2.424375,3.8516953125,-2.94303515625,1.67701953125,-0.6673515625,0.34002734375
-3.598125,-6.65880078125,-3.4571015625,-12.31454296875,-13.20172265625,-11.63684375,-7.12658203125,-3.02958984375,-14.08111328125,-15.034953125,-8.82326171875,-3.7447109375,6.69964453125,-13.95088671875,-11.8212421875,-2.98688671875,3.9664375,-7.39365625,-9.0734375,-2.89223046875,-0.195515625,-3.81893359375,-7.50544140625,-2.60123828125,-2.162375,4.4516953125,-2.68503515625,1.52301953125,0.5176484375,1.04002734375
-5.112125,-7.09980078125,-3.4551015625,-11.79154296875,-12.24772265625,-11.12484375,-6.39358203125,-2.61858984375,-14.38711328125,-13.861953125,-7.96226171875,-3.1027109375,4.23764453125,-13.34188671875,-11.0262421875,-2.34288671875,3.4964375,-8.07165625,-8.2294375,-1.83823046875,-0.154515625,-5.17293359375,-7.81044140625,-1.67423828125,-1.888375,4.4576953125,-2.46403515625,0.987019531250001,1.1976484375,1.06802734375
-6.834125,-7.66880078125,-3.3421015625,-10.79254296875,-10.07472265625,-9.75784375,-5.06258203125,-2.16558984375,-13.71111328125,-11.611953125,-6.05326171875,-2.1787109375,1.22364453125,-11.67588671875,-9.2842421875,-1.24588671875,2.9624375,-8.52865625,-7.0554375,-0.76123046875,-0.156515624999999,-6.77793359375,-7.93744140625,-1.00023828125,-1.765375,4.0086953125,-2.49403515625,0.0640195312500005,1.2666484375,0.52802734375
-8.908125,-8.56480078125,-3.4401015625,-9.55854296875,-7.35272265625,-8.09584375,-3.83458203125,-2.00758984375,-12.27711328125,-9.052953125,-3.96226171875,-1.4007109375,-1.38235546875,-9.49488671875,-7.2202421875,-0.14388671875,2.3224375,-8.71865625,-6.0664375,0.0867695312499999,-0.110515625,-8.22193359375,-7.99044140625,-0.797238281249999,-1.825375,3.4046953125,-2.74903515625,-0.919980468749999,0.9386484375,-0.23197265625
-11.145125,-9.75080078125,-3.9221015625,-8.17654296875,-4.68472265625,-6.62184375,-3.24558203125,-2.28458984375,-10.30411328125,-6.810953125,-2.47826171875,-1.1137109375,-3.44735546875,-7.19388671875,-5.3772421875,0.55411328125,1.6364375,-8.47365625,-5.4754375,0.56276953125,0.104484375,-9.01893359375,-7.89144140625,-1.04723828125,-1.976375,2.9156953125,-2.98603515625,-1.48998046875,0.6056484375,-0.81797265625
-12.967125,-10.96680078125,-4.7311015625,-6.64854296875,-2.50872265625,-5.65684375,-3.51358203125,-2.94358984375,-8.01411328125,-5.251953125,-2.06526171875,-1.4827109375,-5.40135546875,-4.99088671875,-4.1122421875,0.57711328125,1.0734375,-7.60865625,-5.2144375,0.61176953125,0.515484375,-8.82293359375,-7.47944140625,-1.57423828125,-2.093375,2.6436953125,-2.91903515625,-1.29698046875,0.6116484375,-0.97197265625
-13.696125,-11.89180078125,-5.6251015625,-5.03254296875,-1.09772265625,-5.34684375,-4.52558203125,-3.82758984375,-5.68811328125,-4.477953125,-2.79026171875,-2.4727109375,-7.62135546875,-2.99588671875,-3.6092421875,-0.18288671875,0.8084375,-6.04365625,-5.0984375,0.21776953125,0.999484375000001,-7.59093359375,-6.64744140625,-2.19323828125,-2.146375,2.4986953125,-2.41003515625,-0.324980468749999,1.0566484375,-0.66697265625
-12.961125,-12.29680078125,-6.3121015625,-3.58254296875,-0.58572265625,-5.68384375,-5.95558203125,-4.76858984375,-3.68111328125,-4.409953125,-4.40026171875,-3.8877109375,-9.96435546875,-1.31588671875,-3.9012421875,-1.68288671875,0.8634375,-3.91265625,-4.9454375,-0.62123046875,1.302484375,-5.59293359375,-5.45144140625,-2.80623828125,-2.231375,2.3356953125,-1.56503515625,1.09101953125,1.7796484375,-0.0739726562499996
-10.953125,-12.11680078125,-6.5911015625,-2.74354296875,-1.00372265625,-6.55284375,-7.42158203125,-5.65258984375,-2.38011328125,-4.882953125,-6.45526171875,-5.4307109375,-11.77835546875,-0.11588671875,-4.8732421875,-3.73388671875,1.0004375,-1.62565625,-4.6334375,-1.90023046875,1.140484375,-3.31593359375,-4.15744140625,-3.42023828125,-2.514375,2.0936953125,-0.688035156249999,2.41501953125,2.4806484375,0.54802734375
-8.368125,-11.44680078125,-6.4431015625,-2.97254296875,-2.29472265625,-7.76284375,-8.64058203125,-6.43858984375,-2.11111328125,-5.725953125,-8.47926171875,-6.7847109375,-12.28435546875,0.36711328125,-6.2732421875,-6.02288671875,0.7914375,0.20834375,-4.1874375,-3.57723046875,0.302484375000001,-1.32793359375,-3.19144140625,-4.13823828125,-3.179375,1.7896953125,-0.200035156249999,3.13201953125,2.8486484375,0.93802734375
-6.077125,-10.50480078125,-6.0301015625,-4.46954296875,-4.31472265625,-9.07684375,-9.47958203125,-7.11258984375,-3.01211328125,-6.804953125,-10.06726171875,-7.6947109375,-11.00135546875,-0.0968867187499995,-7.7822421875,-8.16688671875,-0.1575625,1.00134375,-3.8514375,-5.53623046875,-1.266515625,-0.11893359375,-3.00644140625,-5.11423828125,-4.387375,1.3736953125,-0.535035156249999,2.94001953125,2.6126484375,0.87002734375
-4.753125,-9.59680078125,-5.6041015625,-7.00854296875,-6.82372265625,-10.27384375,-9.94358203125,-7.64758984375,-4.94211328125,-8.044953125,-10.98626171875,-8.0347109375,-8.01135546875,-1.61088671875,-9.0892421875,-9.79888671875,-1.9285625,0.44234375,-3.9734375,-7.57623046875,-3.428515625,0.0860664062500001,-3.86344140625,-6.45423828125,-6.202375,0.6346953125,-1.95103515625,1.85801953125,1.6166484375,0.15402734375
-4.634125,-9.02880078125,-5.3891015625,-9.97254296875,-9.50272265625,-11.22284375,-10.12058203125,-8.01058984375,-7.49111328125,-9.414953125,-11.21226171875,-7.8317109375,-4.02535546875,-4.04688671875,-9.9802421875,-10.63988671875,-4.1545625,-1.34065625,-4.7194375,-9.42423046875,-5.845515625,-0.56193359375,-5.65944140625,-8.06323828125,-8.466375,-0.6853046875,-4.31103515625,0.212019531250002,-0.0823515625000004,-1.30597265625
-5.503125,-8.97780078125,-5.4701015625,-12.55654296875,-11.97972265625,-11.89784375,-10.12758203125,-8.18258984375,-10.12011328125,-10.889953125,-10.89226171875,-7.2327109375,-0.18935546875,-7.01088671875,-10.3842421875,-10.55388671875,-6.1135625,-3.80865625,-5.9034375,-10.76623046875,-8.014515625,-1.62293359375,-7.89644140625,-9.57723828125,-10.740375,-2.6373046875,-6.99903515625,-1.49598046875,-2.1473515625,-3.37497265625
-6.811125,-9.35780078125,-5.7411015625,-14.02154296875,-13.86372265625,-12.30184375,-10.04558203125,-8.13858984375,-12.31411328125,-12.375953125,-10.22726171875,-6.4067109375,2.36864453125,-9.91688671875,-10.3592421875,-9.55588671875,-7.0185625,-6.19765625,-7.0604375,-11.26923046875,-9.353515625,-2.60893359375,-9.83344140625,-10.44923828125,-12.392375,-4.8603046875,-9.08903515625,-2.75398046875,-4.0093515625,-5.55297265625
-7.891125,-9.81280078125,-5.9461015625,-13.94554296875,-14.80672265625,-12.36084375,-9.84458203125,-7.80658984375,-13.69511328125,-13.641953125,-9.35526171875,-5.4537109375,3.03664453125,-12.13588671875,-9.9982421875,-7.77588671875,-6.3915625,-7.79065625,-7.6474375,-10.66623046875,-9.363515625,-3.20693359375,-10.75644140625,-10.17023828125,-12.800375,-6.6123046875,-9.69203515625,-3.14298046875,-5.0223515625,-7.01997265625
-8.230125,-9.88480078125,-5.8001015625,-12.35954296875,-14.60172265625,-11.92484375,-9.38658203125,-7.09958984375,-14.06711328125,-14.330953125,-8.28126171875,-4.3667109375,1.92264453125,-13.17288671875,-9.3082421875,-5.41888671875,-4.3305625,-8.19465625,-7.2314375,-8.88823046875,-7.840515625,-3.35793359375,-10.25944140625,-8.51223828125,-11.595375,-7.0913046875,-8.32203515625,-2.43498046875,-4.6933515625,-7.00297265625
-7.719125,-9.29680078125,-5.1431015625,-9.72854296875,-13.27672265625,-10.85084375,-8.50858203125,-6.02858984375,-13.44711328125,-14.077953125,-6.90326171875,-3.0857109375,-0.33835546875,-12.81888671875,-8.1772421875,-2.73988671875,-1.5005625,-7.47865625,-5.6584375,-6.18023046875,-5.039515625,-3.24093359375,-8.42444140625,-5.68523828125,-8.869375,-5.9233046875,-5.15703515625,-0.710980468749999,-2.9493515625,-5.27097265625
-6.709125,-8.13580078125,-4.0411015625,-6.74854296875,-11.11272265625,-9.09384375,-7.12358203125,-4.74058984375,-12.06411328125,-12.673953125,-5.10226171875,-1.5887109375,-2.96235546875,-11.21488671875,-6.4742421875,-0.0458867187499994,1.1654375,-6.11465625,-3.2164375,-3.09723046875,-1.674515625,-3.20593359375,-5.84044140625,-2.35423828125,-5.263375,-3.5193046875,-1.06503515625,1.56201953125,-0.303351562500001,-2.40897265625
-5.754125,-6.78480078125,-2.7501015625,-4.09454296875,-8.54472265625,-6.74884375,-5.26258203125,-3.43558984375,-10.26811328125,-10.197953125,-2.85826171875,0.0452890625000006,-5.30735546875,-8.79088671875,-4.2072421875,2.33711328125,2.8934375,-4.74265625,-0.6054375,-0.34923046875,1.334484375,-3.63293359375,-3.38444140625,0.56876171875,-1.784375,-0.9563046875,2.67496484375,3.64001953125,2.2916484375,0.41802734375
-5.205125,-5.66480078125,-1.5821015625,-2.24554296875,-5.99772265625,-4.05184375,-3.08258203125,-2.23958984375,-8.38711328125,-7.026953125,-0.332261718750001,1.6402890625,-6.99735546875,-6.10588671875,-1.6242421875,4.12611328125,3.3934375,-3.88165625,1.3785625,1.42876953125,3.239484375,-4.70793359375,-1.87444140625,2.27476171875,0.622625,0.6166953125,4.91496484375,4.82001953125,3.9116484375,2.10502734375
-5.010125,-5.02680078125,-0.7651015625,-1.46154296875,-3.77972265625,-1.36984375,-0.87058203125,-1.17358984375,-6.64511328125,-3.746953125,2.10573828125,2.9692890625,-7.92235546875,-3.67388671875,0.8017578125,5.14611328125,2.9064375,-3.73665625,2.2235625,1.88376953125,3.754484375,-6.28393359375,-1.74244140625,2.38676171875,1.488625,0.6356953125,5.12096484375,4.76301953125,4.1496484375,2.21602734375
-4.863125,-4.92480078125,-0.4111015625,-1.82254296875,-2.07572265625,0.85015625,0.96441796875,-0.23558984375,-5.18411328125,-1.001953125,3.93673828125,3.8042890625,-8.22635546875,-1.86088671875,2.4787578125,5.32511328125,2.0014375,-4.18465625,1.8445625,1.02976953125,3.077484375,-7.93993359375,-2.91844140625,1.04176171875,0.923625,-0.6583046875,3.53296484375,3.61201953125,3.2256484375,1.13202734375
-4.539125,-5.29980078125,-0.5381015625,-3.23654296875,-0.97772265625,2.20015625,1.97941796875,0.53841015625,-4.09511328125,0.686046875,4.64573828125,3.9582890625,-8.24335546875,-0.851886718749999,2.8917578125,4.65311328125,1.2754375,-4.89665625,0.4865625,-0.80223046875,1.667484375,-9.20593359375,-4.91844140625,-1.23823828125,-0.577375,-2.5143046875,0.956964843750002,1.85301953125,1.7186484375,-0.28797265625
-4.057125,-6.01280078125,-1.0901015625,-5.35754296875,-0.48572265625,2.45915625,1.89241796875,1.06941015625,-3.39711328125,1.091046875,3.92473828125,3.3462890625,-8.35235546875,-0.62888671875,1.8327578125,3.18211328125,1.0934375,-5.51365625,-1.4064375,-3.09323046875,-0.00351562499999947,-9.75793359375,-7.03744140625,-3.74523828125,-2.405375,-4.1653046875,-1.58503515625,0.092019531250001,0.2286484375,-1.23097265625
-3.555125,-6.79880078125,-1.9231015625,-7.50554296875,-0.47172265625,1.72015625,0.75041796875,1.27241015625,-2.98211328125,0.386046875,1.86073828125,2.0402890625,-8.68835546875,-0.96388671875,-0.4382421875,1.08311328125,1.4564375,-5.75465625,-3.2474375,-5.28623046875,-1.592515625,-9.45793359375,-8.54644140625,-5.74223828125,-4.004375,-5.1573046875,-3.17103515625,-1.10698046875,-0.7753515625,-1.27897265625
-3.064125,-7.26980078125,-2.7961015625,-8.75454296875,-0.65872265625,0.40115625,-1.03458203125,1.10741015625,-2.63111328125,-0.890953125,-1.00926171875,0.306289062500001,-8.88635546875,-1.45888671875,-3.2252421875,-1.30088671875,2.0314375,-5.45165625,-4.4444375,-6.88823046875,-2.909515625,-8.32293359375,-8.87244140625,-6.62123828125,-4.972375,-5.4333046875,-3.24503515625,-1.31698046875,-0.9933515625,-0.44997265625
-2.452125,-7.07180078125,-3.4301015625,-8.30054296875,-0.70172265625,-0.87084375,-2.80758203125,0.64041015625,-2.13311328125,-2.034953125,-3.83026171875,-1.4437109375,-8.18235546875,-1.68188671875,-5.6352421875,-3.48688671875,2.3424375,-4.55465625,-4.6054375,-7.55323046875,-3.886515625,-6.52593359375,-7.78144140625,-6.07923828125,-5.152375,-5.2603046875,-1.79903515625,-0.371980468749999,-0.3493515625,0.90902734375
-1.617125,-6.10580078125,-3.6141015625,-5.97654296875,-0.34072265625,-1.48684375,-3.89958203125,0.0444101562499999,-1.41611328125,-2.457953125,-5.70626171875,-2.7627109375,-5.99035546875,-1.35388671875,-6.8862421875,-4.94788671875,2.0464375,-3.19165625,-3.6624375,-7.15023046875,-4.535515625,-4.39493359375,-5.49644140625,-4.23223828125,-4.656375,-5.0633046875,0.606964843750001,1.51901953125,0.9276484375,2.26802734375
-0.736125,-4.64280078125,-3.2931015625,-2.51654296875,0.46327734375,-1.12084375,-3.88658203125,-0.48658984375,-0.62311328125,-1.921953125,-6.02326171875,-3.3147109375,-2.52435546875,-0.47488671875,-6.5592421875,-5.26288671875,1.1384375,-1.68765625,-1.8364375,-5.78423046875,-4.875515625,-2.34893359375,-2.64044140625,-1.57623828125,-3.769375,-5.2083046875,3.07296484375,3.77401953125,2.3556484375,3.06402734375
-0.298125,-3.23380078125,-2.5871015625,0.75645703125,1.51827734375,0.15015625,-2.74658203125,-0.85558984375,-0.0371132812499997,-0.587953125,-4.64126171875,-2.9727109375,1.15964453125,0.71211328125,-4.6962421875,-4.25188671875,-0.0195625000000001,-0.46265625,0.4775625,-3.74723046875,-4.852515625,-0.78193359375,-0.00744140625000034,1.20176171875,-2.774375,-5.7883046875,4.74296484375,5.64301953125,3.3996484375,2.92202734375
-0.826125,-2.45380078125,-1.7251015625,2.65845703125,2.54727734375,1.92715625,-0.84258203125,-1.08558984375,0.10788671875,1.134046875,-1.90926171875,-1.8347109375,3.79464453125,1.88811328125,-1.7362421875,-2.05088671875,-0.8895625,0.18134375,2.8145625,-1.38323046875,-4.315515625,0.0510664062500001,1.77255859375,3.47676171875,-1.820375,-6.5363046875,5.15996484375,6.54001953125,3.7186484375,1.89402734375
-2.429125,-2.62980078125,-0.9271015625,2.78045703125,3.36727734375,3.69815625,1.27841796875,-1.25658984375,-0.17311328125,2.829046875,1.49073828125,-0.1827109375,4.67364453125,2.86211328125,1.6717578125,0.90411328125,-1.0615625,0.22534375,4.7805625,1.01576953125,-3.098515625,0.0850664062500001,2.47555859375,4.90576171875,-0.876375,-6.9113046875,4.44596484375,6.32001953125,3.3316484375,0.52402734375
-4.564125,-3.67780078125,-0.3241015625,1.61045703125,3.96627734375,5.03615625,3.09241796875,-1.45458984375,-0.58311328125,4.252046875,4.76573828125,1.5942890625,3.94064453125,3.66511328125,4.8847578125,3.98711328125,-0.5105625,-0.0726562500000001,6.2175625,3.23576953125,-1.191515625,-0.54093359375,2.33555859375,5.53276171875,0.205625,-6.3553046875,3.22396484375,5.33001953125,2.6296484375,-0.36797265625
-6.243125,-5.14980078125,0.0578984374999998,0.16045703125,4.41027734375,5.67915625,4.22141796875,-1.77958984375,-0.72411328125,5.335046875,7.22073828125,3.0672890625,2.29364453125,4.46811328125,7.4037578125,6.53111328125,0.3334375,-0.35465625,7.2145625,5.09476953125,1.113484375,-1.54793359375,1.87155859375,5.70076171875,1.534625,-4.6063046875,2.29196484375,4.21501953125,2.1996484375,-0.0969726562500002
-6.613125,-6.46980078125,0.2198984375,-0.60354296875,4.70727734375,5.55715625,4.45941796875,-2.34058984375,-0.36211328125,6.075046875,8.38773828125,3.8502890625,0.43564453125,5.40511328125,8.8977578125,7.96111328125,0.7644375,-0.34565625,7.8995625,6.37776953125,3.212484375,-2.62493359375,1.60055859375,5.79376171875,2.987625,-1.9463046875,2.18296484375,3.59601953125,2.4936484375,1.50502734375
-5.518125,-7.21080078125,0.1288984375,-0.20454296875,4.75927734375,4.78315625,3.77941796875,-3.18858984375,0.43688671875,6.414046875,8.09573828125,3.6802890625,-1.30935546875,6.41711328125,9.1947578125,7.92611328125,0.1364375,0.03934375,8.2335625,6.84276953125,4.364484375,-3.52193359375,1.78955859375,5.99076171875,4.153625,0.7906953125,2.87696484375,3.79301953125,3.5556484375,3.94602734375
-3.610125,-7.23180078125,-0.2691015625,1.20945703125,4.46227734375,3.63015625,2.36041796875,-4.24558984375,1.38988671875,6.247046875,6.50473828125,2.5152890625,-3.02835546875,7.26011328125,8.3247578125,6.42811328125,-1.7735625,0.70934375,8.0525625,6.30176953125,3.994484375,-4.08893359375,2.38755859375,6.21776171875,4.513625,2.5356953125,3.88596484375,4.72101953125,5.0086484375,6.25702734375
-1.891125,-6.60980078125,-0.9531015625,3.04245703125,3.85027734375,2.47615625,0.58941796875,-5.29958984375,2.18288671875,5.525046875,4.10073828125,0.595289062500001,-4.94935546875,7.64911328125,6.5847578125,3.88511328125,-4.5825625,1.47334375,7.2915625,4.77076953125,2.005484375,-4.26793359375,3.12555859375,6.29876171875,3.757625,2.4996953125,4.61696484375,5.96701953125,6.2866484375,7.44302734375
-1.034125,-5.49980078125,-1.7481015625,4.60745703125,3.14027734375,1.70515625,-1.02058203125,-6.07258984375,2.60988671875,4.366046875,1.60473828125,-1.5757109375,-7.07235546875,7.42211328125,4.5227578125,1.05511328125,-7.4095625,2.15734375,6.1335625,2.58376953125,-1.109515625,-4.10493359375,3.70955859375,6.15976171875,1.986625,0.5956953125,4.74996484375,6.98501953125,6.9346484375,6.98002734375
-0.994125,-4.08380078125,-2.3501015625,5.44045703125,2.62627734375,1.58315625,-1.97258203125,-6.30458984375,2.61788671875,3.048046875,-0.231261718750001,-3.3707109375,-8.89935546875,6.62311328125,2.7897578125,-1.19688671875,-9.2625625,2.68734375,4.9765625,0.35776953125,-4.404515625,-3.73193359375,3.99455859375,5.92476171875,-0.303375,-2.5043046875,4.38696484375,7.33601953125,6.8026484375,5.07102734375
-1.192125,-2.60180078125,-2.4531015625,5.41345703125,2.49927734375,2.12015625,-1.96158203125,-5.87158984375,2.27488671875,1.907046875,-0.885261718750001,-4.2637109375,-9.45235546875,5.49011328125,1.9247578125,-2.20488671875,-9.4825625,3.10734375,4.3275625,-1.21423046875,-6.840515625,-3.26093359375,4.06655859375,5.86776171875,-2.418375,-5.6683046875,3.96596484375,6.92101953125,6.0916484375,2.51902734375
-1.027125,-1.35580078125,-1.8961015625,4.68045703125,2.71927734375,3.02315625,-1.02458203125,-4.88858984375,1.70688671875,1.180046875,-0.260261718750001,-4.0637109375,-7.71435546875,4.36311328125,2.1577578125,-1.74688671875,-8.0355625,3.53834375,4.6645625,-1.65323046875,-7.686515625,-2.66593359375,4.19755859375,6.28576171875,-3.711375,-7.8073046875,4.01896484375,6.04901953125,5.2756484375,0.323027343750001
-0.294125,-0.61380078125,-0.7611015625,3.56445703125,3.00627734375,3.79915625,0.42441796875,-3.73158984375,1.02288671875,0.893046875,1.26773828125,-3.0097109375,-3.35135546875,3.53511328125,3.3047578125,-0.13488671875,-5.4975625,4.09634375,6.1955625,-0.89123046875,-6.803515625,-1.80393359375,4.67855859375,7.31276171875,-3.838375,-8.3163046875,4.88196484375,5.28201953125,4.8846484375,-0.76897265625
0.754875,-0.49380078125,0.6328984375,2.45445703125,2.97327734375,3.97215625,1.74141796875,-2.87458984375,0.27588671875,0.853046875,2.99273828125,-1.6737109375,2.77464453125,3.12711328125,4.8067578125,1.90811328125,-2.7795625,4.81234375,8.6375625,0.71276953125,-4.676515625,-0.58293359375,5.61755859375,8.79876171875,-2.891375,-7.2713046875,6.49896484375,5.11401953125,5.2266484375,-0.50997265625
1.621875,-0.92580078125,1.8388984375,1.68445703125,2.32227734375,3.30315625,2.33241796875,-2.63858984375,-0.50511328125,0.731046875,4.14473828125,-0.6987109375,8.78764453125,3.03811328125,5.9267578125,3.54011328125,-0.7175625,5.58234375,11.2495625,2.53076953125,-2.169515625,0.90606640625,6.84055859375,10.34176171875,-1.326375,-5.2853046875,8.45896484375,5.72201953125,6.2436484375,0.839027343750001
1.820875,-1.71180078125,2.4518984375,1.38445703125,0.98427734375,1.85915625,1.91141796875,-3.05558984375,-1.28611328125,0.198046875,4.18073828125,-0.523710937499999,12.65564453125,3.00111328125,6.0357578125,4.13311328125,0.2614375,6.18034375,13.1495625,3.89876953125,-0.123515625,2.40406640625,7.94955859375,11.45976171875,0.288625,-3.1593046875,10.22496484375,6.94901953125,7.5926484375,2.70502734375
1.052875,-2.64080078125,2.2488984375,1.40245703125,-0.85072265625,-0.03984375,0.58641796875,-3.91858984375,-2.02611328125,-0.939953125,2.96173828125,-1.2307109375,13.16064453125,2.72911328125,4.8287578125,3.48411328125,0.2244375,6.33334375,13.6755625,4.33976953125,0.975484375000001,3.59606640625,8.48155859375,11.78276171875,1.505625,-1.5473046875,11.38696484375,8.45701953125,8.8426484375,4.45202734375
-0.695125,-3.59680078125,1.2338984375,1.37645703125,-2.80872265625,-1.95184375,-1.24658203125,-4.95858984375,-2.70611328125,-2.647953125,0.778738281249999,-2.5787109375,10.39164453125,2.05911328125,2.4087578125,1.82811328125,-0.4275625,5.83434375,12.5685625,3.70476953125,1.109484375,4.20806640625,8.08355859375,11.15176171875,2.095625,-0.8133046875,11.74696484375,9.88001953125,9.6136484375,5.57902734375
-3.119125,-4.55580078125,-0.3821015625,0.93345703125,-4.44772265625,-3.43584375,-3.08658203125,-5.96758984375,-3.30111328125,-4.634953125,-1.77526171875,-4.1677109375,5.56364453125,1.04711328125,-0.7542421875,-0.311886718749999,-1.2495625,4.64734375,10.0135625,2.19076953125,0.600484375,4.06006640625,6.63555859375,9.63676171875,2.029625,-0.9863046875,11.30896484375,10.89801953125,9.6536484375,5.85302734375
-5.673125,-5.50980078125,-2.2551015625,-0.0905429687500003,-5.38072265625,-4.16984375,-4.52058203125,-6.85458984375,-3.72811328125,-6.413953125,-4.01926171875,-5.6207109375,0.36964453125,-0.0388867187499997,-3.9552421875,-2.32288671875,-1.9575625,2.93134375,6.6115625,0.22876953125,-0.120515624999999,3.12506640625,4.29255859375,7.53276171875,1.470625,-1.7513046875,10.24196484375,11.25901953125,8.9266484375,5.35602734375
-7.745125,-6.39680078125,-3.9881015625,-1.54554296875,-5.38772265625,-4.05884375,-5.34158203125,-7.61058984375,-3.85711328125,-7.473953125,-5.41926171875,-6.6887109375,-3.76835546875,-0.827886718749999,-6.4702421875,-3.69888671875,-2.4775625,1.00334375,3.2125625,-1.68423046875,-0.698515625,1.55606640625,1.44455859375,5.28976171875,0.723625,-2.5373046875,8.83296484375,10.78301953125,7.6346484375,4.42702734375
-8.891125,-7.12480078125,-5.2541015625,-3.01054296875,-4.51772265625,-3.26984375,-5.58658203125,-8.24258984375,-3.59311328125,-7.497953125,-5.76326171875,-7.2687109375,-6.21035546875,-1.02988671875,-7.8252421875,-4.19288671875,-2.8405625,-0.74565625,0.5685625,-3.15523046875,-0.942515625,-0.36093359375,-1.40444140625,3.35976171875,0.123625,-2.7633046875,7.38196484375,9.41701953125,6.1286484375,3.50802734375
-8.960125,-7.65380078125,-5.8861015625,-3.99054296875,-3.11672265625,-2.18784375,-5.46058203125,-8.67758984375,-2.98011328125,-6.551953125,-5.23226171875,-7.3707109375,-7.16135546875,-0.59888671875,-7.9912421875,-3.88088671875,-3.0495625,-1.97465625,-0.9544375,-3.99623046875,-0.816515625,-2.29693359375,-3.78044140625,2.01876171875,-0.125375,-2.1533046875,6.09696484375,7.31301953125,4.7576484375,2.97102734375
-8.077125,-8.00780078125,-5.8971015625,-4.17954296875,-1.75472265625,-1.28984375,-5.21658203125,-8.75258984375,-2.22511328125,-5.087953125,-4.31926171875,-7.0667109375,-7.25835546875,0.24111328125,-7.3512421875,-3.11488671875,-3.0235625,-2.50165625,-1.4044375,-4.25923046875,-0.404515625,-3.93893359375,-5.34244140625,1.29476171875,-0.0343749999999998,-0.9003046875,5.07196484375,4.88601953125,3.7656484375,2.96402734375
-6.500125,-8.18880078125,-5.4201015625,-3.60354296875,-1.02472265625,-0.97384375,-5.07258203125,-8.31158984375,-1.61911328125,-3.752953125,-3.61626171875,-6.4727109375,-6.91935546875,1.10911328125,-6.4822421875,-2.37488671875,-2.6715625,-2.35465625,-1.0484375,-4.18423046875,0.100484375,-5.03393359375,-5.94744140625,1.00376171875,0.185625,0.4086953125,4.31196484375,2.71601953125,3.2536484375,3.34502734375
-4.494125,-8.12380078125,-4.6301015625,-2.56154296875,-1.27672265625,-1.39384375,-5.16858203125,-7.34758984375,-1.38311328125,-3.083953125,-3.55226171875,-5.7277109375,-5.89035546875,1.69211328125,-5.8632421875,-2.09088671875,-2.0255625,-1.72265625,-0.1864375,-4.09023046875,0.412484375,-5.46493359375,-5.66544140625,0.84076171875,0.187625,1.0606953125,3.76296484375,1.31401953125,3.1346484375,3.73702734375
-2.278125,-7.71080078125,-3.6921015625,-1.40254296875,-2.40572265625,-2.36284375,-5.51958203125,-6.05258984375,-1.51711328125,-3.220953125,-4.19726171875,-4.9777109375,-3.46635546875,1.92411328125,-5.6592421875,-2.46388671875,-1.3005625,-0.84865625,0.9335625,-4.21123046875,0.235484375,-5.31193359375,-4.74644140625,0.497761718750001,-0.366375,0.5596953125,3.32796484375,0.882019531250002,3.1306484375,3.70502734375
-0.0611249999999997,-6.92280078125,-2.7431015625,-0.33554296875,-3.82972265625,-3.40584375,-5.97258203125,-4.73158984375,-1.73111328125,-3.823953125,-5.21126171875,-4.3077109375,0.69464453125,2.04511328125,-5.6532421875,-3.34588671875,-0.7925625,0.06734375,2.1995625,-4.56623046875,-0.552515625,-4.82293359375,-3.50644140625,-0.19323828125,-1.584375,-1.0783046875,2.93896484375,1.26501953125,2.9036484375,2.99502734375
1.870875,-5.84280078125,-1.8641015625,0.61245703125,-4.69972265625,-3.94484375,-6.21058203125,-3.66058984375,-1.56411328125,-4.228953125,-5.97226171875,-3.6767109375,5.81164453125,2.47111328125,-5.3652421875,-4.24488671875,-0.6605625,0.90334375,3.6705625,-4.93223046875,-1.739515625,-4.28493359375,-2.21544140625,-1.14823828125,-3.187375,-3.2513046875,2.62296484375,2.09001953125,2.2666484375,1.69302734375
3.111875,-4.61980078125,-1.0701015625,1.53845703125,-4.26172265625,-3.53684375,-5.86858203125,-2.95058984375,-0.63411328125,-3.777953125,-5.84226171875,-2.9007109375,10.05264453125,3.53511328125,-4.3162421875,-4.50588671875,-0.7635625,1.60034375,5.4415625,-4.93723046875,-2.787515625,-3.90993359375,-1.03544140625,-2.07123828125,-4.576375,-5.0423046875,2.46496484375,2.95201953125,1.2916484375,0.19102734375
3.217875,-3.40480078125,-0.3401015625,2.56045703125,-2.19872265625,-2.04284375,-4.68558203125,-2.47858984375,1.12888671875,-2.154953125,-4.45326171875,-1.7417109375,11.47064453125,5.25311328125,-2.3062421875,-3.61188671875,-0.7225625,2.13534375,7.4065625,-4.24923046875,-3.056515625,-3.81093359375,-0.0444414062500003,-2.63623828125,-5.151375,-5.7043046875,2.47496484375,3.53101953125,0.2236484375,-1.01797265625
1.937875,-2.32580078125,0.3378984375,3.71445703125,1.21027734375,0.30915625,-2.63458203125,-1.95658984375,3.42488671875,0.438046875,-1.88726171875,-0.0687109374999992,9.16064453125,7.25811328125,0.4517578125,-1.45388671875,-0.1915625,2.48834375,9.1895625,-2.77223046875,-2.147515625,-4.01093359375,0.71255859375,-2.67923828125,-4.624375,-5.0383046875,2.51796484375,3.65601953125,-0.678351562500001,-1.58497265625
-0.516125,-1.46580078125,0.9458984375,4.85745703125,5.13827734375,2.96215625,0.0294179687500002,-1.12358984375,5.67788671875,3.334046875,1.33373828125,1.9952890625,3.87964453125,8.93511328125,3.4147578125,1.58211328125,0.8694375,2.61334375,10.3245625,-0.74923046875,-0.145515625,-4.43593359375,1.19355859375,-2.26123828125,-3.156375,-3.4313046875,2.39596484375,3.32901953125,-1.2183515625,-1.43497265625
-3.377125,-0.86880078125,1.4408984375,5.65145703125,8.44227734375,5.17215625,2.79841796875,0.0354101562499999,7.20988671875,5.635046875,4.43573828125,4.0462890625,-2.21335546875,9.66211328125,5.9097578125,4.74411328125,2.1404375,2.44334375,10.5055625,1.29176953125,2.369484375,-4.91793359375,1.34655859375,-1.63523828125,-1.254375,-1.6103046875,1.98396484375,2.69901953125,-1.2953515625,-0.74997265625
-5.597125,-0.59580078125,1.7668984375,5.67845703125,10.01327734375,6.22915625,5.03541796875,1.22541015625,7.43588671875,6.525046875,6.65873828125,5.5342890625,-6.54235546875,9.04211328125,7.3477578125,7.17911328125,3.1134375,1.93134375,9.6815625,2.75276953125,4.567484375,-5.24393359375,1.12455859375,-1.14123828125,0.436625,-0.3063046875,1.29096484375,2.00001953125,-0.9343515625,0.16802734375
-6.350125,-0.76080078125,1.8468984375,4.64845703125,9.18627734375,5.69515625,6.16541796875,1.98141015625,6.07688671875,5.569046875,7.49773828125,5.9772890625,-7.39635546875,7.04311328125,7.3787578125,8.23411328125,3.3434375,1.10134375,8.0405625,3.19476953125,5.720484375,-5.22193359375,0.526558593749999,-1.08123828125,1.395625,-0.0033046875000001,0.45896484375,1.48201953125,-0.2803515625,1.05402734375
-5.462125,-1.45880078125,1.6108984375,2.60045703125,6.03927734375,3.57015625,5.88341796875,1.90941015625,3.34388671875,2.892046875,6.82873828125,5.1732890625,-4.82435546875,4.03311328125,5.9897578125,7.66811328125,2.6484375,0.0613437500000003,5.9915625,2.50176953125,5.475484375,-4.72293359375,-0.35944140625,-1.56923828125,1.432625,-0.7833046875,-0.269035156249999,1.36701953125,0.4946484375,1.78102734375
-3.439125,-2.59780078125,1.0548984375,-0.0295429687500004,1.44127734375,0.32615625,4.27141796875,0.88841015625,-0.0671132812499997,-0.827953125,4.92973828125,3.2932890625,-0.60335546875,0.67311328125,3.5077578125,5.72111328125,1.2014375,-1.02665625,4.0755625,0.89276953125,3.954484375,-3.74293359375,-1.35144140625,-2.45423828125,0.750625,-2.3213046875,-0.620035156249999,1.78301953125,1.2966484375,2.35902734375
-1.111125,-3.83280078125,0.2918984375,-2.52954296875,-3.24172265625,-3.19784375,1.78841796875,-0.86658984375,-3.20111328125,-4.571953125,2.39573828125,0.829289062500001,2.76064453125,-2.28388671875,0.4957578125,3.02211328125,-0.5065625,-1.98665625,2.7535625,-1.14323046875,1.663484375,-2.47493359375,-2.22744140625,-3.37523828125,-0.191375,-4.0193046875,-0.404035156249999,2.67001953125,2.0876484375,2.89002734375
0.827875,-4.69180078125,-0.4581015625,-4.19654296875,-6.66072265625,-6.02584375,-0.84658203125,-2.85158984375,-5.19411328125,-7.317953125,-0.0232617187500006,-1.5677109375,3.38964453125,-4.22088671875,-2.3682421875,0.38011328125,-1.8565625,-2.68365625,2.2285625,-2.98823046875,-0.696515625,-1.31593359375,-2.80344140625,-3.91323828125,-0.911375,-5.2363046875,0.404964843750001,3.74901953125,2.8226484375,3.50502734375
2.038875,-4.80780078125,-0.9521015625,-4.64354296875,-7.95172265625,-7.33584375,-2.84658203125,-4.46358984375,-5.58111328125,-8.362953125,-1.61726171875,-3.3027109375,0.96864453125,-4.81288671875,-4.4172421875,-1.45088671875,-2.3895625,-3.05565625,2.4715625,-4.06923046875,-2.463515625,-0.69393359375,-2.95744140625,-3.73223828125,-1.072375,-5.5223046875,1.71696484375,4.64801953125,3.4556484375,4.31702734375
2.414875,-4.11580078125,-1.0281015625,-3.95954296875,-6.97572265625,-6.74484375,-3.61258203125,-5.26058984375,-4.42111328125,-7.509953125,-1.92026171875,-4.0277109375,-3.20235546875,-4.07288671875,-5.1272421875,-1.99288671875,-2.0495625,-3.10565625,3.3685625,-4.03723046875,-3.224515625,-0.80793359375,-2.61244140625,-2.66723828125,-0.557375,-4.8023046875,3.42196484375,5.12401953125,3.9966484375,5.33202734375
1.836875,-2.92080078125,-0.6881015625,-2.61354296875,-4.26572265625,-4.45184375,-2.96058203125,-5.18458984375,-2.24011328125,-5.088953125,-0.85226171875,-3.7447109375,-7.00635546875,-2.29688671875,-4.2922421875,-1.18988671875,-1.2255625,-2.85765625,4.7645625,-2.90423046875,-2.965515625,-1.49993359375,-1.76444140625,-0.81823828125,0.487625,-3.4693046875,5.39996484375,5.19701953125,4.4946484375,6.36002734375
0.148875,-1.81380078125,-0.1221015625,-1.20654296875,-0.78472265625,-1.17684375,-1.20158203125,-4.57858984375,0.18888671875,-1.828953125,1.23573828125,-2.7977109375,-8.70835546875,0.0281132812500005,-2.1732421875,0.56511328125,-0.5875625,-2.32765625,6.3775625,-1.05123046875,-2.072515625,-2.38693359375,-0.53044140625,1.40076171875,1.659625,-2.2983046875,7.41096484375,5.06601953125,4.9186484375,7.01102734375
-2.544125,-1.41780078125,0.3678984375,-0.21954296875,2.39827734375,2.09515625,0.99241796875,-4.00158984375,2.14588671875,1.375046875,3.66173828125,-1.7177109375,-7.89035546875,2.33611328125,0.534757812500001,2.58611328125,-0.7625625,-1.55965625,7.8025625,0.88976953125,-1.159515625,-3.10293359375,0.81855859375,3.36376171875,2.442625,-2.1203046875,9.05296484375,4.91801953125,5.1036484375,6.84302734375
-5.590125,-2.04780078125,0.5278984375,0.14445703125,4.45327734375,4.47815625,2.87941796875,-3.95358984375,3.21188671875,3.744046875,5.66973828125,-1.0027109375,-5.48935546875,4.13911328125,2.9587578125,4.17811328125,-1.9985625,-0.64865625,8.6795625,2.27376953125,-0.765515624999999,-3.45593359375,1.95055859375,4.48576171875,2.448625,-3.4003046875,9.87996484375,4.80301953125,4.8736484375,5.61702734375
-7.919125,-3.51680078125,0.3038984375,0.00845703124999986,5.07327734375,5.53615625,3.97341796875,-4.64958984375,3.38188671875,4.888046875,6.74573828125,-0.889710937499999,-2.91935546875,5.17811328125,4.4177578125,4.91411328125,-3.9765625,0.29934375,8.8715625,2.72876953125,-1.091515625,-3.42493359375,2.63555859375,4.50776171875,1.624625,-5.9663046875,9.62796484375,4.67701953125,4.2116484375,3.52102734375
-8.578125,-5.21080078125,-0.1171015625,-0.21854296875,4.59427734375,5.46915625,4.24741796875,-5.89758984375,3.01088671875,4.947046875,6.84373828125,-1.2357109375,-0.98735546875,5.51911328125,4.7027578125,4.77411328125,-5.8885625,1.25534375,8.5145625,2.33276953125,-1.901515625,-3.05193359375,2.88055859375,3.61076171875,0.296625,-9.0703046875,8.39196484375,4.54401953125,3.3506484375,1.19302734375
-7.252125,-6.39580078125,-0.4071015625,-0.05754296875,3.82627734375,4.98615625,4.13141796875,-7.15158984375,2.65288671875,4.501046875,6.36973828125,-1.5977109375,0.50064453125,5.52011328125,4.1197578125,4.08911328125,-6.8285625,2.29034375,7.9685625,1.55676953125,-2.655515625,-2.33293359375,2.92255859375,2.31576171875,-0.959375,-11.6733046875,6.64996484375,4.55301953125,2.7096484375,-0.50397265625
-4.352125,-6.51980078125,-0.2731015625,0.72145703125,3.64227734375,4.91115625,4.25941796875,-7.73158984375,2.81688671875,4.260046875,5.91973828125,-1.4637109375,2.24664453125,5.64611328125,3.2907578125,3.33111328125,-6.2865625,3.47334375,7.7175625,0.97276953125,-2.801515625,-1.20593359375,3.07255859375,1.21776171875,-1.533375,-12.8223046875,5.09096484375,4.95301953125,2.7286484375,-0.86397265625
-0.732125,-5.40180078125,0.3868984375,1.85445703125,4.53827734375,5.73515625,5.09541796875,-7.15258984375,3.73488671875,4.694046875,5.93273828125,-0.539710937499999,4.65964453125,6.21911328125,2.8087578125,2.85511328125,-4.4665625,4.74234375,8.1525625,0.90676953125,-2.071515625,0.36606640625,3.50455859375,0.686761718750001,-1.051375,-11.9773046875,4.31196484375,5.91001953125,3.6506484375,0.32702734375
2.670875,-3.26580078125,1.4278984375,2.65445703125,6.42327734375,7.39215625,6.66041796875,-5.35558984375,5.26088671875,5.825046875,6.46173828125,1.0812890625,7.46464453125,7.25811328125,2.9397578125,2.74611328125,-2.1855625,5.88934375,9.3045625,1.27476953125,-0.632515624999999,2.25806640625,4.13055859375,0.69176171875,0.425625,-9.2433046875,4.50596484375,7.33001953125,5.3246484375,2.68802734375
5.032875,-0.68980078125,2.5118984375,2.38045703125,8.73927734375,9.36715625,8.53341796875,-2.74958984375,6.95888671875,7.277046875,7.20673828125,2.9432890625,9.93464453125,8.50011328125,3.5477578125,2.82211328125,-0.4225625,6.66034375,10.7425625,1.69076953125,1.004484375,4.14506640625,4.63855859375,0.85076171875,2.383625,-5.3973046875,5.34196484375,8.82701953125,7.1956484375,5.41902734375
5.676875,1.50019921875,3.2328984375,0.66145703125,10.75727734375,10.98315625,10.03541796875,-0.0855898437500001,8.27288671875,8.516046875,7.72173828125,4.3932890625,11.34564453125,9.54811328125,4.2197578125,2.77611328125,0.2234375,6.86834375,11.7385625,1.71676953125,2.225484375,5.55206640625,4.65955859375,0.67576171875,4.058625,-1.6683046875,6.11496484375,9.85201953125,8.5056484375,7.61502734375
4.036875,2.35019921875,3.2128984375,-2.27654296875,11.83427734375,11.66715625,10.44141796875,1.70341015625,8.65688671875,9.082046875,7.63873828125,4.7822890625,11.26064453125,10.03311328125,4.4507578125,2.29511328125,-0.1715625,6.44034375,11.5305625,1.09476953125,2.533484375,5.95406640625,3.90655859375,-0.205238281250001,4.691625,0.6366953125,6.00696484375,9.85901953125,8.5666484375,8.55902734375
-0.293125,0.96019921875,2.1738984375,-5.71354296875,11.54127734375,11.10915625,9.15941796875,1.73641015625,7.63288671875,8.703046875,6.79273828125,3.6392890625,9.54564453125,9.70111328125,3.7947578125,1.13811328125,-0.9565625,5.39734375,9.4705625,-0.183230468750001,1.665484375,4.86906640625,2.23955859375,-1.96523828125,3.702625,0.4806953125,4.33196484375,8.43101953125,6.9276484375,7.87102734375
-7.399125,-3.21280078125,-0.00510156250000016,-8.81354296875,9.72727734375,9.29915625,5.90641796875,-0.50658984375,4.91088671875,7.329046875,5.22273828125,0.804289062500001,6.32264453125,8.46411328125,1.9807578125,-0.82488671875,-1.3215625,3.84234375,5.1505625,-1.93323046875,-0.389515625,2.00106640625,-0.33444140625,-4.61623828125,0.807625,-2.6193046875,0.720964843750001,5.39501953125,3.4376484375,5.53202734375
-16.856125,-9.99780078125,-3.1941015625,-11.08654296875,6.59827734375,6.51115625,0.87941796875,-4.88958984375,0.59588671875,5.129046875,3.11573828125,-3.4887109375,1.93964453125,6.43911328125,-0.9482421875,-3.53488671875,-0.7985625,1.93134375,-1.3464375,-3.92023046875,-3.405515625,-2.54093359375,-3.65144140625,-8.01623828125,-3.835375,-8.3763046875,-4.69603515625,0.934019531250001,-1.6763515625,1.87602734375
-27.655125,-18.35880078125,-6.9731015625,-12.67054296875,2.72527734375,3.21515625,-5.19358203125,-10.55358984375,-4.68511328125,2.474046875,0.73773828125,-8.6107109375,-3.05735546875,3.95911328125,-4.5672421875,-6.69588671875,0.4644375,-0.15265625,-9.2074375,-5.96923046875,-6.939515625,-8.11293359375,-7.38444140625,-11.84023828125,-9.524375,-15.6853046875,-11.20403515625,-4.36798046875,-7.7433515625,-2.47497265625
-27.655125,-18.35880078125,-6.9731015625,-12.67054296875,2.72527734375,3.21515625,-5.19358203125,-10.55358984375,-4.68511328125,2.474046875,0.73773828125,-8.6107109375,-3.05735546875,3.95911328125,-4.5672421875,-6.69588671875,0.4644375,-0.15265625,-9.2074375,-5.96923046875,-6.939515625,-8.11293359375,-7.38444140625,-11.84023828125,-9.524375,-15.6853046875,-11.20403515625,-4.36798046875,-7.7433515625,-2.47497265625
